10.0 1.1033484426927715 0.0064087350271761975 0.006304541890519242
9.9025 1.1043992629656931 0.006529338614197817 0.006422165706925831
9.805 1.105471645373514 0.0066533780099089284 0.006543110637646359
9.7075 1.1065662595875831 0.006780984938719186 0.006667502836237213
9.61 1.107683803262882 0.006912297497188346 0.006795474500590599
9.5125 1.1088250035131095 0.007047460527452324 0.006927164223637767
9.415 1.1099906184799442 0.0071866260164263835 0.007062717368011698
9.3175 1.1111814390035508 0.007329953522838923 0.007202286466557575
9.22 1.112398290402031 0.007477610634335106 0.007346031650748227
9.1225 1.1136420343681857 0.00762977345709422 0.007494121109247658
9.025 1.1149135709926943 0.007786627140630536 0.007646731579070733
8.9275 1.1162138409236428 0.00794836644069636 0.00780404887201275
8.83 1.1175438276732237 0.008115196323481344 0.007966268439271836
8.7325 1.118904560083419 0.008287332614606385 0.008133595977462412
8.635 1.1202971149635887 0.008465002696747362 0.008306248079522132
8.5375 1.1217226199140806 0.008648446260097352 0.008484452934351652
8.44 1.1231822563513316 0.008837916110290018 0.008668451079399604
8.3425 1.1246772627513946 0.009033679038867046 0.008858496210819277
8.245 1.1262089381305034 0.009236016761883493 0.009054856056282678
8.1475 1.1277786457830763 0.009445226932814495 0.009257813316048873
8.05 1.1293878172996357 0.009661624236560579 0.009467666678451532
7.952500000000001 1.1310379568893292 0.009885541572056842 0.00968473191660423
7.855 1.1327306460343205 0.010117331331781155 0.009909343073828037
7.7575 1.1344675485060822 0.010357366787340885 0.010141853746094947
7.66 1.136250415776797 0.01060604359130712 0.010382638470662519
7.5625 1.1380810928625749 0.010863781406575528 0.010632094231062443
7.465 1.139961524639156 0.011131025675778736 0.01089064208971247
7.3675 1.1418937626751853 0.011408249544676223 0.011158728960663201
7.27 1.143879972633107 0.011695955955024963 0.011436829536387751
7.172499999999999 1.145922442293373 0.01199467992421183 0.011725448384092885
7.074999999999999 1.1480235902638931 0.012304991030937202 0.012025122228802192
6.9775 1.150185975443887 0.012627496128508494 0.012336422442459418
6.88 1.1524123073192496 0.012962842309874422 0.012659957760560826
6.7825 1.1547054571757833 0.01331172015144609 0.01299637725038179
6.6850000000000005 1.157068470326924 0.01367486726606517 0.013346373557764227
6.5875 1.1595045794644367 0.014053072199249228 0.0137106864627238
6.49 1.1620172192539602 0.01444717870714243 0.014090106777882408
6.3925 1.1646100423125858 0.014858090459508064 0.014485480627999885
6.295 1.167286936723185 0.015286776216713654 0.014897714153750446
6.1975 1.170052045260269 0.0157342755360938 0.015327778688459193
6.1 1.1729097865251639 0.016201705070465026 0.015776716462895118
6.0024999999999995 1.1758648782148202 0.016690265530066428 0.01624564690053811
5.905 1.1789223627790948 0.017201249388999147 0.016735773574156662
5.8075 1.1820876357566308 0.017736049428557187 0.017248391904231886
5.71 1.1853664771203707 0.018296168222944675 0.017784897690959006
5.6125 1.188765086011139 0.01888322868807732 0.01834679658451038
5.515 1.1922901192929969 0.019498985831841058 0.018935714613258374
5.4174999999999995 1.1959487344284743 0.020145339864782248 0.019553409907102595
5.32 1.199748637247157 0.020824350854271083 0.020201785773361663
5.2225 1.2036981352695413 0.021538255133366574 0.020882905306403878
5.125 1.2078061973520224 0.02228948370870819 0.02159900773993969
5.0275 1.2120825205416177 0.023080682950722554 0.02235252678344913
4.93 1.2165376051742065 0.023914737895429906 0.02314611122249943
4.8325 1.2211828394223847 0.024794798541589266 0.023982648107853922
4.734999999999999 1.2260305947043493 0.025724309591574103 0.024865288911657277
4.6375 1.231094333610443 0.026707044161371138 0.025797479092294916
4.54 1.2363887322981886 0.02774714207708561 0.02678299158482953
4.4425 1.2419298196606094 0.028849153485601187 0.027825964823769464
4.345 1.2477351360004008 0.030018088639656923 0.028930946012470326
4.2475 1.2538239144613128 0.031259474877666095 0.030102940482628935
4.1499999999999995 1.2602172891000545 0.03257942201250307 0.03134746814297432
4.0525 1.2669385342550799 0.03398469757928165 0.03267062820450085
3.955 1.2740133408185303 0.035482813680042385 0.034079173598102655
3.8575 1.2814701361904712 0.03708212751623439 0.035580596778951604
3.76 1.2893404561497146 0.03879195813452256 0.03718322895272663
3.6624999999999996 1.2976593786904163 0.04062272244911544 0.03889635517754686
3.5649999999999995 1.3064660321495112 0.04258609427209597 0.0407303483123202
3.4674999999999994 1.3158041928201958 0.04469519091805502 0.04269682542315525
3.37 1.3257229908883108 0.04696479299766717 0.04480883105815898
3.2725 1.3362777481779329 0.049411604338639996 0.0470810528012952
3.175 1.3475309771688038 0.0520545606538472 0.049530075775685994
3.0774999999999997 1.3595535784839516 0.054915197725211744 0.05217468436208808
2.9799999999999995 1.3724262841341783 0.058018092635861114 0.05503622143082655
2.8824999999999994 1.3862414070667093 0.061391395162958516 0.05813901799151718
2.785 1.401104975142431 0.06506747111431928 0.06151090952881782
2.6875 1.4171393511741137 0.0690836855334151 0.06518385966575149
2.59 1.4344864723980673 0.07348336184007355 0.0691947175252181
2.4924999999999997 1.4533118860447143 0.0783169638663306 0.07358614272681388
2.3949999999999996 1.4738098173710044 0.08364356245596742 0.0784077420369095
2.2974999999999994 1.4962095898029186 0.08953266836375938 0.08371747524728675
2.1999999999999993 1.520783834501135 0.09606654087156251 0.08958340627606538
2.1025 1.547859095172612 0.10334312017920652 0.09608590078327092
2.005 1.577829678853739 0.11147978626999551 0.10332040675955206
1.9074999999999989 1.6111759650580022 0.12061822531559371 0.11140100407050699
1.8100000000000005 1.648488929184971 0.1309307988181471 0.12046497968778655
1.7125000000000004 1.690503468611536 0.14262897975255093 0.1306787880147938
1.6150000000000002 1.7381444222294746 0.1559746751309847 0.14224590735517476
1.5175 1.7925912594269293 0.17129564757225477 0.15541733192877624
1.42 1.8553708407344898 0.18900686842153544 0.17050579030562338
1.3224999999999998 1.9284934472183222 0.20964063824401588 0.18790533553137348
1.2249999999999996 2.014657401496851 0.23388998233524977 0.20811885144497672
1.1274999999999995 2.1175659642103914 0.26267270905050466 0.2317975253598825
1.0299999999999994 2.242434926807023 0.2972286737507347 0.2597989523677397
0.9324999999999992 2.3968383527655814 0.33927243502141413 0.29327527559853617
0.8349999999999991 2.592185251626562 0.3912424914521746 0.33381179386997156
0.7374999999999989 2.8464477289496473 0.45672810804533404 0.38365471303503695
0.6400000000000006 3.189564785012571 0.5412446623182204 0.44610633286108076
0.5425000000000004 3.6751326640469677 0.6537511959611658 0.5262599574044883
0.4450000000000003 4.408797167882889 0.809925105564469 0.63249656995489351
