###############PARAM###############
2.001473e-01 
801 
###################################
0.000000e+00 1.000000e+00 1.000000e+00 0.000000e+00
1.250000e-03 1.000000e+00 1.000000e+00 0.000000e+00
2.500000e-03 1.000000e+00 1.000000e+00 0.000000e+00
3.750000e-03 1.000000e+00 1.000000e+00 0.000000e+00
5.000000e-03 1.000000e+00 1.000000e+00 0.000000e+00
6.250000e-03 1.000000e+00 1.000000e+00 0.000000e+00
7.500000e-03 1.000000e+00 1.000000e+00 0.000000e+00
8.750000e-03 1.000000e+00 1.000000e+00 0.000000e+00
1.000000e-02 1.000000e+00 1.000000e+00 0.000000e+00
1.125000e-02 1.000000e+00 1.000000e+00 0.000000e+00
1.250000e-02 1.000000e+00 1.000000e+00 0.000000e+00
1.375000e-02 1.000000e+00 1.000000e+00 0.000000e+00
1.500000e-02 1.000000e+00 1.000000e+00 0.000000e+00
1.625000e-02 1.000000e+00 1.000000e+00 0.000000e+00
1.750000e-02 1.000000e+00 1.000000e+00 0.000000e+00
1.875000e-02 1.000000e+00 1.000000e+00 0.000000e+00
2.000000e-02 1.000000e+00 1.000000e+00 0.000000e+00
2.125000e-02 1.000000e+00 1.000000e+00 0.000000e+00
2.250000e-02 1.000000e+00 1.000000e+00 0.000000e+00
2.375000e-02 1.000000e+00 1.000000e+00 0.000000e+00
2.500000e-02 1.000000e+00 1.000000e+00 0.000000e+00
2.625000e-02 1.000000e+00 1.000000e+00 0.000000e+00
2.750000e-02 1.000000e+00 1.000000e+00 0.000000e+00
2.875000e-02 1.000000e+00 1.000000e+00 0.000000e+00
3.000000e-02 1.000000e+00 1.000000e+00 0.000000e+00
3.125000e-02 1.000000e+00 1.000000e+00 0.000000e+00
3.250000e-02 1.000000e+00 1.000000e+00 0.000000e+00
3.375000e-02 1.000000e+00 1.000000e+00 0.000000e+00
3.500000e-02 1.000000e+00 1.000000e+00 0.000000e+00
3.625000e-02 1.000000e+00 1.000000e+00 0.000000e+00
3.750000e-02 1.000000e+00 1.000000e+00 0.000000e+00
3.875000e-02 1.000000e+00 1.000000e+00 0.000000e+00
4.000000e-02 1.000000e+00 1.000000e+00 0.000000e+00
4.125000e-02 1.000000e+00 1.000000e+00 0.000000e+00
4.250000e-02 1.000000e+00 1.000000e+00 0.000000e+00
4.375000e-02 1.000000e+00 1.000000e+00 0.000000e+00
4.500000e-02 1.000000e+00 1.000000e+00 0.000000e+00
4.625000e-02 1.000000e+00 1.000000e+00 0.000000e+00
4.750000e-02 1.000000e+00 1.000000e+00 0.000000e+00
4.875000e-02 1.000000e+00 1.000000e+00 0.000000e+00
5.000000e-02 1.000000e+00 1.000000e+00 0.000000e+00
5.125000e-02 1.000000e+00 1.000000e+00 0.000000e+00
5.250000e-02 1.000000e+00 1.000000e+00 0.000000e+00
5.375000e-02 1.000000e+00 1.000000e+00 0.000000e+00
5.500000e-02 1.000000e+00 1.000000e+00 0.000000e+00
5.625000e-02 1.000000e+00 1.000000e+00 0.000000e+00
5.750000e-02 1.000000e+00 1.000000e+00 0.000000e+00
5.875000e-02 1.000000e+00 1.000000e+00 0.000000e+00
6.000000e-02 1.000000e+00 1.000000e+00 0.000000e+00
6.125000e-02 1.000000e+00 1.000000e+00 0.000000e+00
6.250000e-02 1.000000e+00 1.000000e+00 0.000000e+00
6.375000e-02 1.000000e+00 1.000000e+00 0.000000e+00
6.500000e-02 1.000000e+00 1.000000e+00 0.000000e+00
6.625000e-02 1.000000e+00 1.000000e+00 0.000000e+00
6.750000e-02 1.000000e+00 1.000000e+00 0.000000e+00
6.875000e-02 1.000000e+00 1.000000e+00 0.000000e+00
7.000000e-02 1.000000e+00 1.000000e+00 0.000000e+00
7.125000e-02 1.000000e+00 1.000000e+00 0.000000e+00
7.250000e-02 1.000000e+00 1.000000e+00 0.000000e+00
7.375000e-02 1.000000e+00 1.000000e+00 0.000000e+00
7.500000e-02 1.000000e+00 1.000000e+00 0.000000e+00
7.625000e-02 1.000000e+00 1.000000e+00 0.000000e+00
7.750000e-02 1.000000e+00 1.000000e+00 0.000000e+00
7.875000e-02 1.000000e+00 1.000000e+00 0.000000e+00
8.000000e-02 1.000000e+00 1.000000e+00 0.000000e+00
8.125000e-02 1.000000e+00 1.000000e+00 0.000000e+00
8.250000e-02 1.000000e+00 1.000000e+00 0.000000e+00
8.375000e-02 1.000000e+00 1.000000e+00 0.000000e+00
8.500000e-02 1.000000e+00 1.000000e+00 0.000000e+00
8.625000e-02 1.000000e+00 1.000000e+00 0.000000e+00
8.750000e-02 1.000000e+00 1.000000e+00 0.000000e+00
8.875000e-02 1.000000e+00 1.000000e+00 0.000000e+00
9.000000e-02 1.000000e+00 1.000000e+00 0.000000e+00
9.125000e-02 1.000000e+00 1.000000e+00 0.000000e+00
9.250000e-02 1.000000e+00 1.000000e+00 0.000000e+00
9.375000e-02 1.000000e+00 1.000000e+00 0.000000e+00
9.500000e-02 1.000000e+00 1.000000e+00 0.000000e+00
9.625000e-02 1.000000e+00 1.000000e+00 0.000000e+00
9.750000e-02 1.000000e+00 1.000000e+00 0.000000e+00
9.875000e-02 1.000000e+00 1.000000e+00 0.000000e+00
1.000000e-01 1.000000e+00 1.000000e+00 0.000000e+00
1.012500e-01 1.000000e+00 1.000000e+00 0.000000e+00
1.025000e-01 1.000000e+00 1.000000e+00 0.000000e+00
1.037500e-01 1.000000e+00 1.000000e+00 0.000000e+00
1.050000e-01 1.000000e+00 1.000000e+00 0.000000e+00
1.062500e-01 1.000000e+00 1.000000e+00 0.000000e+00
1.075000e-01 1.000000e+00 1.000000e+00 0.000000e+00
1.087500e-01 1.000000e+00 1.000000e+00 0.000000e+00
1.100000e-01 1.000000e+00 1.000000e+00 0.000000e+00
1.112500e-01 1.000000e+00 1.000000e+00 0.000000e+00
1.125000e-01 1.000000e+00 1.000000e+00 0.000000e+00
1.137500e-01 1.000000e+00 1.000000e+00 0.000000e+00
1.150000e-01 1.000000e+00 1.000000e+00 0.000000e+00
1.162500e-01 1.000000e+00 1.000000e+00 0.000000e+00
1.175000e-01 1.000000e+00 1.000000e+00 0.000000e+00
1.187500e-01 1.000000e+00 1.000000e+00 0.000000e+00
1.200000e-01 1.000000e+00 1.000000e+00 0.000000e+00
1.212500e-01 1.000000e+00 1.000000e+00 0.000000e+00
1.225000e-01 1.000000e+00 1.000000e+00 0.000000e+00
1.237500e-01 1.000000e+00 1.000000e+00 0.000000e+00
1.250000e-01 1.000000e+00 1.000000e+00 0.000000e+00
1.262500e-01 1.000000e+00 1.000000e+00 0.000000e+00
1.275000e-01 1.000000e+00 1.000000e+00 0.000000e+00
1.287500e-01 1.000000e+00 1.000000e+00 0.000000e+00
1.300000e-01 1.000000e+00 1.000000e+00 0.000000e+00
1.312500e-01 1.000000e+00 1.000000e+00 0.000000e+00
1.325000e-01 1.000000e+00 1.000000e+00 0.000000e+00
1.337500e-01 1.000000e+00 1.000000e+00 0.000000e+00
1.350000e-01 1.000000e+00 1.000000e+00 0.000000e+00
1.362500e-01 1.000000e+00 1.000000e+00 0.000000e+00
1.375000e-01 1.000000e+00 1.000000e+00 0.000000e+00
1.387500e-01 1.000000e+00 1.000000e+00 0.000000e+00
1.400000e-01 1.000000e+00 1.000000e+00 0.000000e+00
1.412500e-01 1.000000e+00 1.000000e+00 0.000000e+00
1.425000e-01 1.000000e+00 1.000000e+00 0.000000e+00
1.437500e-01 1.000000e+00 1.000000e+00 0.000000e+00
1.450000e-01 1.000000e+00 1.000000e+00 0.000000e+00
1.462500e-01 1.000000e+00 1.000000e+00 0.000000e+00
1.475000e-01 1.000000e+00 1.000000e+00 0.000000e+00
1.487500e-01 1.000000e+00 1.000000e+00 0.000000e+00
1.500000e-01 1.000000e+00 1.000000e+00 0.000000e+00
1.512500e-01 1.000000e+00 1.000000e+00 0.000000e+00
1.525000e-01 1.000000e+00 1.000000e+00 0.000000e+00
1.537500e-01 1.000000e+00 1.000000e+00 0.000000e+00
1.550000e-01 1.000000e+00 1.000000e+00 0.000000e+00
1.562500e-01 1.000000e+00 1.000000e+00 0.000000e+00
1.575000e-01 1.000000e+00 1.000000e+00 0.000000e+00
1.587500e-01 1.000000e+00 1.000000e+00 0.000000e+00
1.600000e-01 1.000000e+00 1.000000e+00 0.000000e+00
1.612500e-01 1.000000e+00 1.000000e+00 0.000000e+00
1.625000e-01 1.000000e+00 1.000000e+00 0.000000e+00
1.637500e-01 1.000000e+00 1.000000e+00 0.000000e+00
1.650000e-01 1.000000e+00 1.000000e+00 0.000000e+00
1.662500e-01 1.000000e+00 1.000000e+00 0.000000e+00
1.675000e-01 1.000000e+00 1.000000e+00 0.000000e+00
1.687500e-01 1.000000e+00 1.000000e+00 0.000000e+00
1.700000e-01 1.000000e+00 1.000000e+00 0.000000e+00
1.712500e-01 1.000000e+00 1.000000e+00 0.000000e+00
1.725000e-01 1.000000e+00 1.000000e+00 0.000000e+00
1.737500e-01 1.000000e+00 1.000000e+00 0.000000e+00
1.750000e-01 1.000000e+00 1.000000e+00 0.000000e+00
1.762500e-01 1.000000e+00 1.000000e+00 0.000000e+00
1.775000e-01 1.000000e+00 1.000000e+00 0.000000e+00
1.787500e-01 1.000000e+00 1.000000e+00 0.000000e+00
1.800000e-01 1.000000e+00 1.000000e+00 0.000000e+00
1.812500e-01 1.000000e+00 1.000000e+00 0.000000e+00
1.825000e-01 1.000000e+00 1.000000e+00 0.000000e+00
1.837500e-01 1.000000e+00 1.000000e+00 0.000000e+00
1.850000e-01 1.000000e+00 1.000000e+00 0.000000e+00
1.862500e-01 1.000000e+00 1.000000e+00 0.000000e+00
1.875000e-01 1.000000e+00 1.000000e+00 0.000000e+00
1.887500e-01 1.000000e+00 1.000000e+00 0.000000e+00
1.900000e-01 1.000000e+00 1.000000e+00 0.000000e+00
1.912500e-01 1.000000e+00 1.000000e+00 0.000000e+00
1.925000e-01 1.000000e+00 1.000000e+00 0.000000e+00
1.937500e-01 1.000000e+00 1.000000e+00 0.000000e+00
1.950000e-01 1.000000e+00 1.000000e+00 0.000000e+00
1.962500e-01 1.000000e+00 1.000000e+00 0.000000e+00
1.975000e-01 1.000000e+00 1.000000e+00 0.000000e+00
1.987500e-01 1.000000e+00 1.000000e+00 0.000000e+00
2.000000e-01 1.000000e+00 1.000000e+00 0.000000e+00
2.012500e-01 1.000000e+00 1.000000e+00 0.000000e+00
2.025000e-01 1.000000e+00 1.000000e+00 0.000000e+00
2.037500e-01 1.000000e+00 1.000000e+00 0.000000e+00
2.050000e-01 1.000000e+00 1.000000e+00 0.000000e+00
2.062500e-01 1.000000e+00 1.000000e+00 0.000000e+00
2.075000e-01 1.000000e+00 1.000000e+00 0.000000e+00
2.087500e-01 1.000000e+00 1.000000e+00 0.000000e+00
2.100000e-01 1.000000e+00 1.000000e+00 0.000000e+00
2.112500e-01 1.000000e+00 1.000000e+00 0.000000e+00
2.125000e-01 1.000000e+00 1.000000e+00 0.000000e+00
2.137500e-01 1.000000e+00 1.000000e+00 0.000000e+00
2.150000e-01 1.000000e+00 1.000000e+00 0.000000e+00
2.162500e-01 1.000000e+00 1.000000e+00 0.000000e+00
2.175000e-01 1.000000e+00 1.000000e+00 0.000000e+00
2.187500e-01 1.000000e+00 1.000000e+00 0.000000e+00
2.200000e-01 1.000000e+00 1.000000e+00 0.000000e+00
2.212500e-01 1.000000e+00 1.000000e+00 0.000000e+00
2.225000e-01 1.000000e+00 1.000000e+00 0.000000e+00
2.237500e-01 1.000000e+00 1.000000e+00 0.000000e+00
2.250000e-01 1.000000e+00 1.000000e+00 0.000000e+00
2.262500e-01 1.000000e+00 1.000000e+00 0.000000e+00
2.275000e-01 1.000000e+00 1.000000e+00 0.000000e+00
2.287500e-01 1.000000e+00 1.000000e+00 0.000000e+00
2.300000e-01 1.000000e+00 1.000000e+00 0.000000e+00
2.312500e-01 1.000000e+00 1.000000e+00 0.000000e+00
2.325000e-01 1.000000e+00 1.000000e+00 0.000000e+00
2.337500e-01 1.000000e+00 1.000000e+00 0.000000e+00
2.350000e-01 1.000000e+00 1.000000e+00 0.000000e+00
2.362500e-01 1.000000e+00 1.000000e+00 0.000000e+00
2.375000e-01 1.000000e+00 1.000000e+00 0.000000e+00
2.387500e-01 9.999291e-01 9.998816e-01 9.171711e-05
2.400000e-01 9.984171e-01 9.973632e-01 2.044671e-03
2.412500e-01 9.955905e-01 9.926621e-01 5.701066e-03
2.425000e-01 9.923411e-01 9.872688e-01 9.913057e-03
2.437500e-01 9.889673e-01 9.816809e-01 1.429616e-02
2.450000e-01 9.855496e-01 9.760334e-01 1.874631e-02
2.462500e-01 9.821139e-01 9.703691e-01 2.323030e-02
2.475000e-01 9.786689e-01 9.647027e-01 2.773696e-02
2.487500e-01 9.752187e-01 9.590412e-01 3.226088e-02
2.500000e-01 9.717660e-01 9.533889e-01 3.679874e-02
2.512500e-01 9.683128e-01 9.477491e-01 4.134823e-02
2.525000e-01 9.648603e-01 9.421239e-01 4.590751e-02
2.537500e-01 9.614098e-01 9.365151e-01 5.047515e-02
2.550000e-01 9.579620e-01 9.309243e-01 5.505002e-02
2.562500e-01 9.545177e-01 9.253526e-01 5.963120e-02
2.575000e-01 9.510775e-01 9.198009e-01 6.421795e-02
2.587500e-01 9.476420e-01 9.142699e-01 6.880962e-02
2.600000e-01 9.442114e-01 9.087603e-01 7.340568e-02
2.612500e-01 9.407862e-01 9.032727e-01 7.800567e-02
2.625000e-01 9.373667e-01 8.978073e-01 8.260921e-02
2.637500e-01 9.339530e-01 8.923647e-01 8.721599e-02
2.650000e-01 9.305455e-01 8.869450e-01 9.182571e-02
2.662500e-01 9.271443e-01 8.815485e-01 9.643811e-02
2.675000e-01 9.237496e-01 8.761755e-01 1.010530e-01
2.687500e-01 9.203615e-01 8.708260e-01 1.056702e-01
2.700000e-01 9.169802e-01 8.655003e-01 1.102894e-01
2.712500e-01 9.136057e-01 8.601984e-01 1.149107e-01
2.725000e-01 9.102382e-01 8.549205e-01 1.195338e-01
2.737500e-01 9.068777e-01 8.496666e-01 1.241585e-01
2.750000e-01 9.035243e-01 8.444367e-01 1.287849e-01
2.762500e-01 9.001782e-01 8.392309e-01 1.334128e-01
2.775000e-01 8.968393e-01 8.340493e-01 1.380421e-01
2.787500e-01 8.935077e-01 8.288918e-01 1.426727e-01
2.800000e-01 8.901835e-01 8.237585e-01 1.473045e-01
2.812500e-01 8.868667e-01 8.186493e-01 1.519376e-01
2.825000e-01 8.835573e-01 8.135643e-01 1.565718e-01
2.837500e-01 8.802554e-01 8.085035e-01 1.612070e-01
2.850000e-01 8.769611e-01 8.034667e-01 1.658433e-01
2.862500e-01 8.736742e-01 7.984541e-01 1.704805e-01
2.875000e-01 8.703950e-01 7.934655e-01 1.751186e-01
2.887500e-01 8.671233e-01 7.885009e-01 1.797576e-01
2.900000e-01 8.638593e-01 7.835603e-01 1.843975e-01
2.912500e-01 8.606029e-01 7.786437e-01 1.890381e-01
2.925000e-01 8.573542e-01 7.737509e-01 1.936796e-01
2.937500e-01 8.541131e-01 7.688820e-01 1.983217e-01
2.950000e-01 8.508797e-01 7.640370e-01 2.029646e-01
2.962500e-01 8.476540e-01 7.592156e-01 2.076082e-01
2.975000e-01 8.444360e-01 7.544180e-01 2.122524e-01
2.987500e-01 8.412258e-01 7.496440e-01 2.168973e-01
3.000000e-01 8.380232e-01 7.448935e-01 2.215427e-01
3.012500e-01 8.348284e-01 7.401666e-01 2.261888e-01
3.025000e-01 8.316414e-01 7.354632e-01 2.308354e-01
3.037500e-01 8.284621e-01 7.307831e-01 2.354826e-01
3.050000e-01 8.252905e-01 7.261264e-01 2.401303e-01
3.062500e-01 8.221267e-01 7.214929e-01 2.447785e-01
3.075000e-01 8.189707e-01 7.168826e-01 2.494272e-01
3.087500e-01 8.158224e-01 7.122954e-01 2.540764e-01
3.100000e-01 8.126818e-01 7.077313e-01 2.587261e-01
3.112500e-01 8.095491e-01 7.031901e-01 2.633762e-01
3.125000e-01 8.064241e-01 6.986719e-01 2.680268e-01
3.137500e-01 8.033068e-01 6.941765e-01 2.726778e-01
3.150000e-01 8.001974e-01 6.897039e-01 2.773292e-01
3.162500e-01 7.970957e-01 6.852540e-01 2.819810e-01
3.175000e-01 7.940017e-01 6.808267e-01 2.866332e-01
3.187500e-01 7.909156e-01 6.764220e-01 2.912858e-01
3.200000e-01 7.878371e-01 6.720397e-01 2.959387e-01
3.212500e-01 7.847665e-01 6.676799e-01 3.005921e-01
3.225000e-01 7.817036e-01 6.633423e-01 3.052457e-01
3.237500e-01 7.786485e-01 6.590271e-01 3.098998e-01
3.250000e-01 7.756011e-01 6.547340e-01 3.145541e-01
3.262500e-01 7.725614e-01 6.504630e-01 3.192088e-01
3.275000e-01 7.695295e-01 6.462140e-01 3.238638e-01
3.287500e-01 7.665054e-01 6.419870e-01 3.285191e-01
3.300000e-01 7.634890e-01 6.377819e-01 3.331747e-01
3.312500e-01 7.604803e-01 6.335986e-01 3.378306e-01
3.325000e-01 7.574793e-01 6.294370e-01 3.424868e-01
3.337500e-01 7.544861e-01 6.252970e-01 3.471433e-01
3.350000e-01 7.515006e-01 6.211786e-01 3.518001e-01
3.362500e-01 7.485228e-01 6.170817e-01 3.564571e-01
3.375000e-01 7.455527e-01 6.130062e-01 3.611143e-01
3.387500e-01 7.425904e-01 6.089521e-01 3.657719e-01
3.400000e-01 7.396357e-01 6.049192e-01 3.704297e-01
3.412500e-01 7.366887e-01 6.009075e-01 3.750877e-01
3.425000e-01 7.337494e-01 5.969170e-01 3.797459e-01
3.437500e-01 7.308178e-01 5.929474e-01 3.844044e-01
3.450000e-01 7.278939e-01 5.889988e-01 3.890631e-01
3.462500e-01 7.249777e-01 5.850711e-01 3.937220e-01
3.475000e-01 7.220691e-01 5.811643e-01 3.983812e-01
3.487500e-01 7.191682e-01 5.772781e-01 4.030405e-01
3.500000e-01 7.162749e-01 5.734126e-01 4.077000e-01
3.512500e-01 7.133893e-01 5.695677e-01 4.123598e-01
3.525000e-01 7.105113e-01 5.657432e-01 4.170197e-01
3.537500e-01 7.076410e-01 5.619392e-01 4.216798e-01
3.550000e-01 7.047783e-01 5.581556e-01 4.263400e-01
3.562500e-01 7.019233e-01 5.543922e-01 4.310004e-01
3.575000e-01 6.990758e-01 5.506490e-01 4.356610e-01
3.587500e-01 6.962360e-01 5.469259e-01 4.403218e-01
3.600000e-01 6.934038e-01 5.432229e-01 4.449827e-01
3.612500e-01 6.905792e-01 5.395399e-01 4.496437e-01
3.625000e-01 6.877622e-01 5.358767e-01 4.543049e-01
3.637500e-01 6.849528e-01 5.322334e-01 4.589662e-01
3.650000e-01 6.821510e-01 5.286098e-01 4.636276e-01
3.662500e-01 6.793567e-01 5.250059e-01 4.682892e-01
3.675000e-01 6.765700e-01 5.214216e-01 4.729508e-01
3.687500e-01 6.737910e-01 5.178569e-01 4.776126e-01
3.700000e-01 6.710194e-01 5.143115e-01 4.822744e-01
3.712500e-01 6.682555e-01 5.107856e-01 4.869364e-01
3.725000e-01 6.654990e-01 5.072790e-01 4.915984e-01
3.737500e-01 6.627502e-01 5.037916e-01 4.962604e-01
3.750000e-01 6.600088e-01 5.003233e-01 5.009226e-01
3.762500e-01 6.572751e-01 4.968742e-01 5.055848e-01
3.775000e-01 6.545488e-01 4.934440e-01 5.102470e-01
3.787500e-01 6.518301e-01 4.900328e-01 5.149093e-01
3.800000e-01 6.491189e-01 4.866405e-01 5.195716e-01
3.812500e-01 6.464152e-01 4.832670e-01 5.242340e-01
3.825000e-01 6.437190e-01 4.799122e-01 5.288963e-01
3.837500e-01 6.410304e-01 4.765760e-01 5.335586e-01
3.850000e-01 6.383492e-01 4.732585e-01 5.382210e-01
3.862500e-01 6.356755e-01 4.699594e-01 5.428833e-01
3.875000e-01 6.330094e-01 4.666789e-01 5.475455e-01
3.887500e-01 6.303507e-01 4.634166e-01 5.522078e-01
3.900000e-01 6.276995e-01 4.601727e-01 5.568699e-01
3.912500e-01 6.250558e-01 4.569471e-01 5.615320e-01
3.925000e-01 6.224196e-01 4.537396e-01 5.661941e-01
3.937500e-01 6.197908e-01 4.505502e-01 5.708560e-01
3.950000e-01 6.171696e-01 4.473788e-01 5.755178e-01
3.962500e-01 6.145557e-01 4.442254e-01 5.801795e-01
3.975000e-01 6.119494e-01 4.410899e-01 5.848411e-01
3.987500e-01 6.093505e-01 4.379723e-01 5.895025e-01
4.000000e-01 6.067591e-01 4.348724e-01 5.941637e-01
4.012500e-01 6.041751e-01 4.317902e-01 5.988247e-01
4.025000e-01 6.015986e-01 4.287256e-01 6.034856e-01
4.037500e-01 5.990296e-01 4.256786e-01 6.081462e-01
4.050000e-01 5.964680e-01 4.226491e-01 6.128066e-01
4.062500e-01 5.939139e-01 4.196371e-01 6.174667e-01
4.075000e-01 5.913672e-01 4.166424e-01 6.221265e-01
4.087500e-01 5.888280e-01 4.136651e-01 6.267860e-01
4.100000e-01 5.862963e-01 4.107050e-01 6.314452e-01
4.112500e-01 5.837720e-01 4.077621e-01 6.361040e-01
4.125000e-01 5.812552e-01 4.048364e-01 6.407625e-01
4.137500e-01 5.787459e-01 4.019277e-01 6.454204e-01
4.150000e-01 5.762440e-01 3.990361e-01 6.500780e-01
4.162500e-01 5.737497e-01 3.961614e-01 6.547350e-01
4.175000e-01 5.712628e-01 3.933037e-01 6.593915e-01
4.187500e-01 5.687834e-01 3.904628e-01 6.640475e-01
4.200000e-01 5.663116e-01 3.876388e-01 6.687028e-01
4.212500e-01 5.638473e-01 3.848315e-01 6.733574e-01
4.225000e-01 5.613905e-01 3.820409e-01 6.780113e-01
4.237500e-01 5.589413e-01 3.792670e-01 6.826644e-01
4.250000e-01 5.564996e-01 3.765098e-01 6.873166e-01
4.262500e-01 5.540656e-01 3.737692e-01 6.919679e-01
4.275000e-01 5.516392e-01 3.710451e-01 6.966182e-01
4.287500e-01 5.492205e-01 3.683376e-01 7.012674e-01
4.300000e-01 5.468095e-01 3.656467e-01 7.059153e-01
4.312500e-01 5.444062e-01 3.629722e-01 7.105620e-01
4.325000e-01 5.420108e-01 3.603143e-01 7.152071e-01
4.337500e-01 5.396232e-01 3.576729e-01 7.198506e-01
4.350000e-01 5.372436e-01 3.550480e-01 7.244924e-01
4.362500e-01 5.348720e-01 3.524396e-01 7.291321e-01
4.375000e-01 5.325085e-01 3.498479e-01 7.337696e-01
4.387500e-01 5.301533e-01 3.472728e-01 7.384046e-01
4.400000e-01 5.278065e-01 3.447145e-01 7.430368e-01
4.412500e-01 5.254682e-01 3.421729e-01 7.476658e-01
4.425000e-01 5.231386e-01 3.396484e-01 7.522912e-01
4.437500e-01 5.208180e-01 3.371410e-01 7.569125e-01
4.450000e-01 5.185066e-01 3.346510e-01 7.615290e-01
4.462500e-01 5.162048e-01 3.321786e-01 7.661401e-01
4.475000e-01 5.139129e-01 3.297243e-01 7.707449e-01
4.487500e-01 5.116315e-01 3.272884e-01 7.753422e-01
4.500000e-01 5.093612e-01 3.248714e-01 7.799308e-01
4.512500e-01 5.071027e-01 3.224742e-01 7.845091e-01
4.525000e-01 5.048570e-01 3.200976e-01 7.890751e-01
4.537500e-01 5.026252e-01 3.177427e-01 7.936261e-01
4.550000e-01 5.004089e-01 3.154110e-01 7.981588e-01
4.562500e-01 4.982103e-01 3.131047e-01 8.026687e-01
4.575000e-01 4.960321e-01 3.108265e-01 8.071497e-01
4.587500e-01 4.938787e-01 3.085809e-01 8.115926e-01
4.600000e-01 4.917566e-01 3.063741e-01 8.159837e-01
4.612500e-01 4.896758e-01 3.042166e-01 8.203014e-01
4.625000e-01 4.876527e-01 3.021247e-01 8.245112e-01
4.637500e-01 4.857135e-01 3.001249e-01 8.285575e-01
4.650000e-01 4.838983e-01 2.982579e-01 8.323546e-01
4.662500e-01 4.822653e-01 2.965823e-01 8.357783e-01
4.675000e-01 4.808896e-01 2.951734e-01 8.386703e-01
4.687500e-01 4.798472e-01 2.941078e-01 8.408556e-01
4.700000e-01 4.792075e-01 2.934546e-01 8.422395e-01
4.712500e-01 4.789231e-01 2.931551e-01 8.427299e-01
4.725000e-01 4.788596e-01 2.931010e-01 8.429004e-01
4.737500e-01 4.788713e-01 2.931150e-01 8.429354e-01
4.750000e-01 4.790043e-01 2.932542e-01 8.426910e-01
4.762500e-01 4.792089e-01 2.934630e-01 8.422600e-01
4.775000e-01 4.793762e-01 2.936301e-01 8.418853e-01
4.787500e-01 4.794828e-01 2.937306e-01 8.416355e-01
4.800000e-01 4.795440e-01 2.937842e-01 8.414912e-01
4.812500e-01 4.795776e-01 2.938172e-01 8.414124e-01
4.825000e-01 4.795953e-01 2.938450e-01 8.413677e-01
4.837500e-01 4.796071e-01 2.938717e-01 8.413400e-01
4.850000e-01 4.796208e-01 2.938956e-01 8.413203e-01
4.862500e-01 4.796382e-01 2.939139e-01 8.413068e-01
4.875000e-01 4.796592e-01 2.939238e-01 8.412910e-01
4.887500e-01 4.796750e-01 2.939223e-01 8.412684e-01
4.900000e-01 4.796727e-01 2.939134e-01 8.412481e-01
4.912500e-01 4.796618e-01 2.939039e-01 8.412372e-01
4.925000e-01 4.796492e-01 2.939003e-01 8.412395e-01
4.937500e-01 4.796480e-01 2.939041e-01 8.412461e-01
4.950000e-01 4.796528e-01 2.939151e-01 8.412542e-01
4.962500e-01 4.796635e-01 2.939277e-01 8.412539e-01
4.975000e-01 4.796762e-01 2.939389e-01 8.412465e-01
4.987500e-01 4.796865e-01 2.939442e-01 8.412306e-01
5.000000e-01 4.796882e-01 2.939429e-01 8.412108e-01
5.012500e-01 4.796852e-01 2.939372e-01 8.411945e-01
5.025000e-01 4.796799e-01 2.939325e-01 8.411912e-01
5.037500e-01 4.796730e-01 2.939289e-01 8.411975e-01
5.050000e-01 4.796704e-01 2.939289e-01 8.412135e-01
5.062500e-01 4.796712e-01 2.939312e-01 8.412324e-01
5.075000e-01 4.796747e-01 2.939348e-01 8.412491e-01
5.087500e-01 4.796780e-01 2.939352e-01 8.412520e-01
5.100000e-01 4.796819e-01 2.939351e-01 8.412454e-01
5.112500e-01 4.796824e-01 2.939336e-01 8.412300e-01
5.125000e-01 4.796810e-01 2.939324e-01 8.412126e-01
5.137500e-01 4.796781e-01 2.939326e-01 8.411992e-01
5.150000e-01 4.796762e-01 2.939358e-01 8.411956e-01
5.162500e-01 4.796755e-01 2.939400e-01 8.412009e-01
5.175000e-01 4.796779e-01 2.939439e-01 8.412113e-01
5.187500e-01 4.796822e-01 2.939458e-01 8.412192e-01
5.200000e-01 4.796860e-01 2.939452e-01 8.412191e-01
5.212500e-01 4.796900e-01 2.939442e-01 8.412124e-01
5.225000e-01 4.796911e-01 2.939427e-01 8.411986e-01
5.237500e-01 4.796917e-01 2.939431e-01 8.411836e-01
5.250000e-01 4.796929e-01 2.939462e-01 8.411697e-01
5.262500e-01 4.796944e-01 2.939515e-01 8.411610e-01
5.275000e-01 4.796979e-01 2.939586e-01 8.411602e-01
5.287500e-01 4.797028e-01 2.939645e-01 8.411645e-01
5.300000e-01 4.797054e-01 2.939655e-01 8.411682e-01
5.312500e-01 4.797039e-01 2.939626e-01 8.411746e-01
5.325000e-01 4.796987e-01 2.939551e-01 8.411826e-01
5.337500e-01 4.796902e-01 2.939454e-01 8.411912e-01
5.350000e-01 4.796814e-01 2.939367e-01 8.412002e-01
5.362500e-01 4.796752e-01 2.939311e-01 8.412079e-01
5.375000e-01 4.796717e-01 2.939299e-01 8.412186e-01
5.387500e-01 4.796727e-01 2.939313e-01 8.412287e-01
5.400000e-01 4.796760e-01 2.939342e-01 8.412358e-01
5.412500e-01 4.796795e-01 2.939364e-01 8.412355e-01
5.425000e-01 4.796826e-01 2.939381e-01 8.412305e-01
5.437500e-01 4.796832e-01 2.939386e-01 8.412210e-01
5.450000e-01 4.796825e-01 2.939383e-01 8.412113e-01
5.462500e-01 4.796804e-01 2.939376e-01 8.412041e-01
5.475000e-01 4.796788e-01 2.939382e-01 8.412033e-01
5.487500e-01 4.796781e-01 2.939390e-01 8.412067e-01
5.500000e-01 4.796792e-01 2.939407e-01 8.412126e-01
5.512500e-01 4.796811e-01 2.939419e-01 8.412160e-01
5.525000e-01 4.796829e-01 2.939422e-01 8.412152e-01
5.537500e-01 4.796836e-01 2.939417e-01 8.412121e-01
5.550000e-01 4.796827e-01 2.939397e-01 8.412068e-01
5.562500e-01 4.796804e-01 2.939376e-01 8.412015e-01
5.575000e-01 4.796797e-01 2.939375e-01 8.411988e-01
5.587500e-01 4.796807e-01 2.939394e-01 8.411956e-01
5.600000e-01 4.796848e-01 2.939443e-01 8.411909e-01
5.612500e-01 4.796913e-01 2.939506e-01 8.411848e-01
5.625000e-01 4.796974e-01 2.939560e-01 8.411793e-01
5.637500e-01 4.797018e-01 2.939589e-01 8.411760e-01
5.650000e-01 4.797017e-01 2.939584e-01 8.411722e-01
5.662500e-01 4.797001e-01 2.939565e-01 8.411716e-01
5.675000e-01 4.796962e-01 2.939534e-01 8.411737e-01
5.687500e-01 4.796918e-01 2.939503e-01 8.411794e-01
5.700000e-01 4.796883e-01 2.939479e-01 8.411878e-01
5.712500e-01 4.796860e-01 2.939462e-01 8.411978e-01
5.725000e-01 4.796845e-01 2.939445e-01 8.412082e-01
5.737500e-01 4.796832e-01 2.939424e-01 8.412168e-01
5.750000e-01 4.796817e-01 2.939399e-01 8.412224e-01
5.762500e-01 4.796799e-01 2.939372e-01 8.412242e-01
5.775000e-01 4.796774e-01 2.939346e-01 8.412234e-01
5.787500e-01 4.796744e-01 2.939329e-01 8.412216e-01
5.800000e-01 4.796722e-01 2.939329e-01 8.412211e-01
5.812500e-01 4.796721e-01 2.939339e-01 8.412209e-01
5.825000e-01 4.796729e-01 2.939355e-01 8.412207e-01
5.837500e-01 4.796755e-01 2.939377e-01 8.412193e-01
5.850000e-01 4.796789e-01 2.939403e-01 8.412148e-01
5.862500e-01 4.796826e-01 2.939426e-01 8.412072e-01
5.875000e-01 4.796856e-01 2.939443e-01 8.411990e-01
5.887500e-01 4.796870e-01 2.939444e-01 8.411921e-01
5.900000e-01 4.796870e-01 2.939442e-01 8.411888e-01
5.912500e-01 4.796859e-01 2.939437e-01 8.411900e-01
5.925000e-01 4.796842e-01 2.939431e-01 8.411943e-01
5.937500e-01 4.796829e-01 2.939426e-01 8.411994e-01
5.950000e-01 4.796823e-01 2.939426e-01 8.412036e-01
5.962500e-01 4.796819e-01 2.939425e-01 8.412059e-01
5.975000e-01 4.796816e-01 2.939419e-01 8.412057e-01
5.987500e-01 4.796816e-01 2.939414e-01 8.412042e-01
6.000000e-01 4.796822e-01 2.939416e-01 8.412023e-01
6.012500e-01 4.796840e-01 2.939427e-01 8.412000e-01
6.025000e-01 4.796872e-01 2.939454e-01 8.411969e-01
6.037500e-01 4.796913e-01 2.939492e-01 8.411932e-01
6.050000e-01 4.796957e-01 2.939536e-01 8.411888e-01
6.062500e-01 4.796991e-01 2.939574e-01 8.411839e-01
6.075000e-01 4.797006e-01 2.939598e-01 8.411808e-01
6.087500e-01 4.797001e-01 2.939597e-01 8.411777e-01
6.100000e-01 4.796982e-01 2.939586e-01 8.411769e-01
6.112500e-01 4.796942e-01 2.939556e-01 8.411795e-01
6.125000e-01 4.796900e-01 2.939521e-01 8.411850e-01
6.137500e-01 4.796869e-01 2.939495e-01 8.411910e-01
6.150000e-01 4.796851e-01 2.939480e-01 8.411957e-01
6.162500e-01 4.796840e-01 2.939472e-01 8.411989e-01
6.175000e-01 4.796827e-01 2.939465e-01 8.412004e-01
6.187500e-01 4.796807e-01 2.939453e-01 8.412004e-01
6.200000e-01 4.796780e-01 2.939437e-01 8.412000e-01
6.212500e-01 4.796747e-01 2.939419e-01 8.412001e-01
6.225000e-01 4.796712e-01 2.939398e-01 8.412012e-01
6.237500e-01 4.796681e-01 2.939380e-01 8.412036e-01
6.250000e-01 4.796658e-01 2.939369e-01 8.412072e-01
6.262500e-01 4.796645e-01 2.939365e-01 8.412108e-01
6.275000e-01 4.796641e-01 2.939367e-01 8.412140e-01
6.287500e-01 4.796639e-01 2.939370e-01 8.412158e-01
6.300000e-01 4.796632e-01 2.939370e-01 8.412157e-01
6.312500e-01 4.796628e-01 2.939371e-01 8.412146e-01
6.325000e-01 4.796627e-01 2.939375e-01 8.412129e-01
6.337500e-01 4.796627e-01 2.939382e-01 8.412114e-01
6.350000e-01 4.796628e-01 2.939394e-01 8.412107e-01
6.362500e-01 4.796633e-01 2.939409e-01 8.412106e-01
6.375000e-01 4.796642e-01 2.939427e-01 8.412103e-01
6.387500e-01 4.796656e-01 2.939451e-01 8.412086e-01
6.400000e-01 4.796675e-01 2.939479e-01 8.412045e-01
6.412500e-01 4.796689e-01 2.939506e-01 8.411986e-01
6.425000e-01 4.796684e-01 2.939525e-01 8.411937e-01
6.437500e-01 4.796655e-01 2.939523e-01 8.411906e-01
6.450000e-01 4.796590e-01 2.939516e-01 8.411912e-01
6.462500e-01 4.796455e-01 2.939493e-01 8.411958e-01
6.475000e-01 4.796255e-01 2.939468e-01 8.412014e-01
6.487500e-01 4.796010e-01 2.939460e-01 8.412049e-01
6.500000e-01 4.795735e-01 2.939456e-01 8.412048e-01
6.512500e-01 4.795477e-01 2.939460e-01 8.412029e-01
6.525000e-01 4.795268e-01 2.939469e-01 8.411987e-01
6.537500e-01 4.795053e-01 2.939471e-01 8.411944e-01
6.550000e-01 4.794547e-01 2.939464e-01 8.411915e-01
6.562500e-01 4.792878e-01 2.939458e-01 8.411909e-01
6.575000e-01 4.787117e-01 2.939449e-01 8.411917e-01
6.587500e-01 4.771088e-01 2.939451e-01 8.411928e-01
6.600000e-01 4.737077e-01 2.939469e-01 8.411903e-01
6.612500e-01 4.675239e-01 2.939506e-01 8.411834e-01
6.625000e-01 4.574556e-01 2.939543e-01 8.411762e-01
6.637500e-01 4.424736e-01 2.939553e-01 8.411721e-01
6.650000e-01 4.218831e-01 2.939557e-01 8.411718e-01
6.662500e-01 3.955975e-01 2.939540e-01 8.411757e-01
6.675000e-01 3.643785e-01 2.939514e-01 8.411826e-01
6.687500e-01 3.299611e-01 2.939491e-01 8.411899e-01
6.700000e-01 2.950537e-01 2.939477e-01 8.411964e-01
6.712500e-01 2.632558e-01 2.939470e-01 8.412017e-01
6.725000e-01 2.391658e-01 2.939469e-01 8.412065e-01
6.737500e-01 2.275012e-01 2.939470e-01 8.412105e-01
6.750000e-01 2.268454e-01 2.939473e-01 8.412136e-01
6.762500e-01 2.269025e-01 2.939475e-01 8.412156e-01
6.775000e-01 2.271241e-01 2.939476e-01 8.412166e-01
6.787500e-01 2.275425e-01 2.939475e-01 8.412165e-01
6.800000e-01 2.280999e-01 2.939474e-01 8.412156e-01
6.812500e-01 2.287114e-01 2.939473e-01 8.412143e-01
6.825000e-01 2.292716e-01 2.939473e-01 8.412128e-01
6.837500e-01 2.296618e-01 2.939474e-01 8.412113e-01
6.850000e-01 2.297893e-01 2.939477e-01 8.412099e-01
6.862500e-01 2.297888e-01 2.939480e-01 8.412087e-01
6.875000e-01 2.297863e-01 2.939482e-01 8.412080e-01
6.887500e-01 2.297804e-01 2.939483e-01 8.412071e-01
6.900000e-01 2.297733e-01 2.939481e-01 8.412066e-01
6.912500e-01 2.297683e-01 2.939476e-01 8.412062e-01
6.925000e-01 2.297677e-01 2.939469e-01 8.412058e-01
6.937500e-01 2.297689e-01 2.939459e-01 8.412054e-01
6.950000e-01 2.297745e-01 2.939448e-01 8.412050e-01
6.962500e-01 2.297857e-01 2.939435e-01 8.412045e-01
6.975000e-01 2.298008e-01 2.939422e-01 8.412042e-01
6.987500e-01 2.298170e-01 2.939410e-01 8.412041e-01
7.000000e-01 2.298303e-01 2.939401e-01 8.412043e-01
7.012500e-01 2.298369e-01 2.939395e-01 8.412047e-01
7.025000e-01 2.298370e-01 2.939393e-01 8.412056e-01
7.037500e-01 2.298359e-01 2.939394e-01 8.412068e-01
7.050000e-01 2.298317e-01 2.939397e-01 8.412079e-01
7.062500e-01 2.298235e-01 2.939400e-01 8.412089e-01
7.075000e-01 2.298120e-01 2.939403e-01 8.412097e-01
7.087500e-01 2.297984e-01 2.939404e-01 8.412099e-01
7.100000e-01 2.297847e-01 2.939405e-01 8.412096e-01
7.112500e-01 2.297736e-01 2.939407e-01 8.412090e-01
7.125000e-01 2.297679e-01 2.939409e-01 8.412083e-01
7.137500e-01 2.297676e-01 2.939413e-01 8.412077e-01
7.150000e-01 2.297685e-01 2.939419e-01 8.412075e-01
7.162500e-01 2.297716e-01 2.939426e-01 8.412077e-01
7.175000e-01 2.297774e-01 2.939435e-01 8.412084e-01
7.187500e-01 2.297853e-01 2.939444e-01 8.412095e-01
7.200000e-01 2.297941e-01 2.939453e-01 8.412105e-01
7.212500e-01 2.298024e-01 2.939463e-01 8.412112e-01
7.225000e-01 2.298079e-01 2.939471e-01 8.412109e-01
7.237500e-01 2.298094e-01 2.939480e-01 8.412098e-01
7.250000e-01 2.298092e-01 2.939489e-01 8.412074e-01
7.262500e-01 2.298078e-01 2.939498e-01 8.412037e-01
7.275000e-01 2.298038e-01 2.939508e-01 8.411992e-01
7.287500e-01 2.297976e-01 2.939517e-01 8.411942e-01
7.300000e-01 2.297900e-01 2.939525e-01 8.411899e-01
7.312500e-01 2.297825e-01 2.939529e-01 8.411873e-01
7.325000e-01 2.297769e-01 2.939528e-01 8.411862e-01
7.337500e-01 2.297744e-01 2.939522e-01 8.411876e-01
7.350000e-01 2.297735e-01 2.939506e-01 8.411924e-01
7.362500e-01 2.297737e-01 2.939485e-01 8.411982e-01
7.375000e-01 2.297754e-01 2.939466e-01 8.412029e-01
7.387500e-01 2.297801e-01 2.939455e-01 8.412051e-01
7.400000e-01 2.297872e-01 2.939448e-01 8.412042e-01
7.412500e-01 2.297959e-01 2.939449e-01 8.412017e-01
7.425000e-01 2.298057e-01 2.939457e-01 8.411966e-01
7.437500e-01 2.298152e-01 2.939462e-01 8.411924e-01
7.450000e-01 2.298232e-01 2.939466e-01 8.411911e-01
7.462500e-01 2.298280e-01 2.939463e-01 8.411925e-01
7.475000e-01 2.298284e-01 2.939458e-01 8.411961e-01
7.487500e-01 2.298279e-01 2.939455e-01 8.412003e-01
7.500000e-01 2.298263e-01 2.939460e-01 8.412032e-01
7.512500e-01 2.298227e-01 2.939473e-01 8.412031e-01
7.525000e-01 2.298172e-01 2.939498e-01 8.412011e-01
7.537500e-01 2.298093e-01 2.939523e-01 8.411981e-01
7.550000e-01 2.297993e-01 2.939538e-01 8.411970e-01
7.562500e-01 2.297888e-01 2.939544e-01 8.411986e-01
7.575000e-01 2.297794e-01 2.939544e-01 8.412007e-01
7.587500e-01 2.297733e-01 2.939545e-01 8.412025e-01
7.600000e-01 2.297723e-01 2.939549e-01 8.412020e-01
7.612500e-01 2.297730e-01 2.939562e-01 8.411993e-01
7.625000e-01 2.297752e-01 2.939579e-01 8.411960e-01
7.637500e-01 2.297788e-01 2.939592e-01 8.411940e-01
7.650000e-01 2.297836e-01 2.939593e-01 8.411925e-01
7.662500e-01 2.297893e-01 2.939586e-01 8.411942e-01
7.675000e-01 2.297955e-01 2.939570e-01 8.411974e-01
7.687500e-01 2.298020e-01 2.939546e-01 8.412014e-01
7.700000e-01 2.298083e-01 2.939520e-01 8.412049e-01
7.712500e-01 2.298144e-01 2.939497e-01 8.412068e-01
7.725000e-01 2.298200e-01 2.939475e-01 8.412073e-01
7.737500e-01 2.298252e-01 2.939455e-01 8.412066e-01
7.750000e-01 2.298297e-01 2.939439e-01 8.412051e-01
7.762500e-01 2.298333e-01 2.939425e-01 8.412032e-01
7.775000e-01 2.298357e-01 2.939414e-01 8.412013e-01
7.787500e-01 2.298360e-01 2.939406e-01 8.411995e-01
7.800000e-01 2.298358e-01 2.939403e-01 8.411985e-01
7.812500e-01 2.298348e-01 2.939404e-01 8.411982e-01
7.825000e-01 2.298317e-01 2.939407e-01 8.411981e-01
7.837500e-01 2.298258e-01 2.939412e-01 8.411983e-01
7.850000e-01 2.298170e-01 2.939418e-01 8.411987e-01
7.862500e-01 2.298056e-01 2.939426e-01 8.411992e-01
7.875000e-01 2.297927e-01 2.939435e-01 8.412000e-01
7.887500e-01 2.297798e-01 2.939445e-01 8.412011e-01
7.900000e-01 2.297694e-01 2.939456e-01 8.412028e-01
7.912500e-01 2.297642e-01 2.939468e-01 8.412048e-01
7.925000e-01 2.297641e-01 2.939481e-01 8.412073e-01
7.937500e-01 2.297648e-01 2.939494e-01 8.412100e-01
7.950000e-01 2.297671e-01 2.939508e-01 8.412129e-01
7.962500e-01 2.297708e-01 2.939521e-01 8.412156e-01
7.975000e-01 2.297755e-01 2.939531e-01 8.412176e-01
7.987500e-01 2.297808e-01 2.939537e-01 8.412186e-01
8.000000e-01 2.297863e-01 2.939539e-01 8.412183e-01
8.012500e-01 2.297916e-01 2.939539e-01 8.412172e-01
8.025000e-01 2.297966e-01 2.939535e-01 8.412155e-01
8.037500e-01 2.298012e-01 2.939530e-01 8.412132e-01
8.050000e-01 2.298055e-01 2.939524e-01 8.412108e-01
8.062500e-01 2.298097e-01 2.939516e-01 8.412084e-01
8.075000e-01 2.298139e-01 2.939507e-01 8.412063e-01
8.087500e-01 2.298178e-01 2.939498e-01 8.412048e-01
8.100000e-01 2.298214e-01 2.939487e-01 8.412039e-01
8.112500e-01 2.298245e-01 2.939476e-01 8.412034e-01
8.125000e-01 2.298271e-01 2.939467e-01 8.412034e-01
8.137500e-01 2.298293e-01 2.939459e-01 8.412036e-01
8.150000e-01 2.298314e-01 2.939453e-01 8.412041e-01
8.162500e-01 2.298337e-01 2.939450e-01 8.412054e-01
8.175000e-01 2.298364e-01 2.939450e-01 8.412076e-01
8.187500e-01 2.298391e-01 2.939451e-01 8.412104e-01
8.200000e-01 2.298413e-01 2.939456e-01 8.412141e-01
8.212500e-01 2.298419e-01 2.939463e-01 8.412185e-01
8.225000e-01 2.298417e-01 2.939474e-01 8.412232e-01
8.237500e-01 2.298397e-01 2.939487e-01 8.412279e-01
8.250000e-01 2.298336e-01 2.939501e-01 8.412320e-01
8.262500e-01 2.298231e-01 2.939516e-01 8.412355e-01
8.275000e-01 2.298095e-01 2.939529e-01 8.412383e-01
8.287500e-01 2.297944e-01 2.939539e-01 8.412403e-01
8.300000e-01 2.297802e-01 2.939542e-01 8.412407e-01
8.312500e-01 2.297696e-01 2.939541e-01 8.412404e-01
8.325000e-01 2.297656e-01 2.939538e-01 8.412395e-01
8.337500e-01 2.297658e-01 2.939532e-01 8.412377e-01
8.350000e-01 2.297666e-01 2.939525e-01 8.412348e-01
8.362500e-01 2.297688e-01 2.939517e-01 8.412312e-01
8.375000e-01 2.297723e-01 2.939509e-01 8.412272e-01
8.387500e-01 2.297765e-01 2.939499e-01 8.412230e-01
8.400000e-01 2.297808e-01 2.939488e-01 8.412186e-01
8.412500e-01 2.297844e-01 2.939477e-01 8.412143e-01
8.425000e-01 2.297872e-01 2.939466e-01 8.412102e-01
8.437500e-01 2.297892e-01 2.939457e-01 8.412066e-01
8.450000e-01 2.297909e-01 2.939454e-01 8.412045e-01
8.462500e-01 2.297926e-01 2.939456e-01 8.412035e-01
8.475000e-01 2.297946e-01 2.939463e-01 8.412034e-01
8.487500e-01 2.297970e-01 2.939475e-01 8.412038e-01
8.500000e-01 2.297998e-01 2.939488e-01 8.412063e-01
8.512500e-01 2.298032e-01 2.939513e-01 8.412093e-01
8.525000e-01 2.298073e-01 2.939549e-01 8.412157e-01
8.537500e-01 2.298105e-01 2.939561e-01 8.412227e-01
8.550000e-01 2.298126e-01 2.939563e-01 8.412189e-01
8.562500e-01 2.298156e-01 2.939584e-01 8.411893e-01
8.575000e-01 2.298038e-01 2.939293e-01 8.412480e-01
8.587500e-01 2.298435e-01 2.940077e-01 8.409732e-01
8.600000e-01 2.297681e-01 2.938399e-01 8.413902e-01
8.612500e-01 2.297569e-01 2.938030e-01 8.406692e-01
8.625000e-01 2.296151e-01 2.934908e-01 8.381975e-01
8.637500e-01 2.287693e-01 2.916824e-01 8.389392e-01
8.650000e-01 2.291616e-01 2.924948e-01 8.309642e-01
8.662500e-01 2.268813e-01 2.876802e-01 8.261738e-01
8.675000e-01 2.201899e-01 2.738909e-01 7.754441e-01
8.687500e-01 1.889884e-01 2.123508e-01 5.628892e-01
8.700000e-01 1.386095e-01 1.213838e-01 1.349746e-01
8.712500e-01 1.250000e-01 1.000000e-01 0.000000e+00
8.725000e-01 1.250000e-01 1.000000e-01 0.000000e+00
8.737500e-01 1.250000e-01 1.000000e-01 0.000000e+00
8.750000e-01 1.250000e-01 1.000000e-01 0.000000e+00
8.762500e-01 1.250000e-01 1.000000e-01 0.000000e+00
8.775000e-01 1.250000e-01 1.000000e-01 0.000000e+00
8.787500e-01 1.250000e-01 1.000000e-01 0.000000e+00
8.800000e-01 1.250000e-01 1.000000e-01 0.000000e+00
8.812500e-01 1.250000e-01 1.000000e-01 0.000000e+00
8.825000e-01 1.250000e-01 1.000000e-01 0.000000e+00
8.837500e-01 1.250000e-01 1.000000e-01 0.000000e+00
8.850000e-01 1.250000e-01 1.000000e-01 0.000000e+00
8.862500e-01 1.250000e-01 1.000000e-01 0.000000e+00
8.875000e-01 1.250000e-01 1.000000e-01 0.000000e+00
8.887500e-01 1.250000e-01 1.000000e-01 0.000000e+00
8.900000e-01 1.250000e-01 1.000000e-01 0.000000e+00
8.912500e-01 1.250000e-01 1.000000e-01 0.000000e+00
8.925000e-01 1.250000e-01 1.000000e-01 0.000000e+00
8.937500e-01 1.250000e-01 1.000000e-01 0.000000e+00
8.950000e-01 1.250000e-01 1.000000e-01 0.000000e+00
8.962500e-01 1.250000e-01 1.000000e-01 0.000000e+00
8.975000e-01 1.250000e-01 1.000000e-01 0.000000e+00
8.987500e-01 1.250000e-01 1.000000e-01 0.000000e+00
9.000000e-01 1.250000e-01 1.000000e-01 0.000000e+00
9.012500e-01 1.250000e-01 1.000000e-01 0.000000e+00
9.025000e-01 1.250000e-01 1.000000e-01 0.000000e+00
9.037500e-01 1.250000e-01 1.000000e-01 0.000000e+00
9.050000e-01 1.250000e-01 1.000000e-01 0.000000e+00
9.062500e-01 1.250000e-01 1.000000e-01 0.000000e+00
9.075000e-01 1.250000e-01 1.000000e-01 0.000000e+00
9.087500e-01 1.250000e-01 1.000000e-01 0.000000e+00
9.100000e-01 1.250000e-01 1.000000e-01 0.000000e+00
9.112500e-01 1.250000e-01 1.000000e-01 0.000000e+00
9.125000e-01 1.250000e-01 1.000000e-01 0.000000e+00
9.137500e-01 1.250000e-01 1.000000e-01 0.000000e+00
9.150000e-01 1.250000e-01 1.000000e-01 0.000000e+00
9.162500e-01 1.250000e-01 1.000000e-01 0.000000e+00
9.175000e-01 1.250000e-01 1.000000e-01 0.000000e+00
9.187500e-01 1.250000e-01 1.000000e-01 0.000000e+00
9.200000e-01 1.250000e-01 1.000000e-01 0.000000e+00
9.212500e-01 1.250000e-01 1.000000e-01 0.000000e+00
9.225000e-01 1.250000e-01 1.000000e-01 0.000000e+00
9.237500e-01 1.250000e-01 1.000000e-01 0.000000e+00
9.250000e-01 1.250000e-01 1.000000e-01 0.000000e+00
9.262500e-01 1.250000e-01 1.000000e-01 0.000000e+00
9.275000e-01 1.250000e-01 1.000000e-01 0.000000e+00
9.287500e-01 1.250000e-01 1.000000e-01 0.000000e+00
9.300000e-01 1.250000e-01 1.000000e-01 0.000000e+00
9.312500e-01 1.250000e-01 1.000000e-01 0.000000e+00
9.325000e-01 1.250000e-01 1.000000e-01 0.000000e+00
9.337500e-01 1.250000e-01 1.000000e-01 0.000000e+00
9.350000e-01 1.250000e-01 1.000000e-01 0.000000e+00
9.362500e-01 1.250000e-01 1.000000e-01 0.000000e+00
9.375000e-01 1.250000e-01 1.000000e-01 0.000000e+00
9.387500e-01 1.250000e-01 1.000000e-01 0.000000e+00
9.400000e-01 1.250000e-01 1.000000e-01 0.000000e+00
9.412500e-01 1.250000e-01 1.000000e-01 0.000000e+00
9.425000e-01 1.250000e-01 1.000000e-01 0.000000e+00
9.437500e-01 1.250000e-01 1.000000e-01 0.000000e+00
9.450000e-01 1.250000e-01 1.000000e-01 0.000000e+00
9.462500e-01 1.250000e-01 1.000000e-01 0.000000e+00
9.475000e-01 1.250000e-01 1.000000e-01 0.000000e+00
9.487500e-01 1.250000e-01 1.000000e-01 0.000000e+00
9.500000e-01 1.250000e-01 1.000000e-01 0.000000e+00
9.512500e-01 1.250000e-01 1.000000e-01 0.000000e+00
9.525000e-01 1.250000e-01 1.000000e-01 0.000000e+00
9.537500e-01 1.250000e-01 1.000000e-01 0.000000e+00
9.550000e-01 1.250000e-01 1.000000e-01 0.000000e+00
9.562500e-01 1.250000e-01 1.000000e-01 0.000000e+00
9.575000e-01 1.250000e-01 1.000000e-01 0.000000e+00
9.587500e-01 1.250000e-01 1.000000e-01 0.000000e+00
9.600000e-01 1.250000e-01 1.000000e-01 0.000000e+00
9.612500e-01 1.250000e-01 1.000000e-01 0.000000e+00
9.625000e-01 1.250000e-01 1.000000e-01 0.000000e+00
9.637500e-01 1.250000e-01 1.000000e-01 0.000000e+00
9.650000e-01 1.250000e-01 1.000000e-01 0.000000e+00
9.662500e-01 1.250000e-01 1.000000e-01 0.000000e+00
9.675000e-01 1.250000e-01 1.000000e-01 0.000000e+00
9.687500e-01 1.250000e-01 1.000000e-01 0.000000e+00
9.700000e-01 1.250000e-01 1.000000e-01 0.000000e+00
9.712500e-01 1.250000e-01 1.000000e-01 0.000000e+00
9.725000e-01 1.250000e-01 1.000000e-01 0.000000e+00
9.737500e-01 1.250000e-01 1.000000e-01 0.000000e+00
9.750000e-01 1.250000e-01 1.000000e-01 0.000000e+00
9.762500e-01 1.250000e-01 1.000000e-01 0.000000e+00
9.775000e-01 1.250000e-01 1.000000e-01 0.000000e+00
9.787500e-01 1.250000e-01 1.000000e-01 0.000000e+00
9.800000e-01 1.250000e-01 1.000000e-01 0.000000e+00
9.812500e-01 1.250000e-01 1.000000e-01 0.000000e+00
9.825000e-01 1.250000e-01 1.000000e-01 0.000000e+00
9.837500e-01 1.250000e-01 1.000000e-01 0.000000e+00
9.850000e-01 1.250000e-01 1.000000e-01 0.000000e+00
9.862500e-01 1.250000e-01 1.000000e-01 0.000000e+00
9.875000e-01 1.250000e-01 1.000000e-01 0.000000e+00
9.887500e-01 1.250000e-01 1.000000e-01 0.000000e+00
9.900000e-01 1.250000e-01 1.000000e-01 0.000000e+00
9.912500e-01 1.250000e-01 1.000000e-01 0.000000e+00
9.925000e-01 1.250000e-01 1.000000e-01 0.000000e+00
9.937500e-01 1.250000e-01 1.000000e-01 0.000000e+00
9.950000e-01 1.250000e-01 1.000000e-01 0.000000e+00
9.962500e-01 1.250000e-01 1.000000e-01 0.000000e+00
9.975000e-01 1.250000e-01 1.000000e-01 0.000000e+00
9.987500e-01 1.250000e-01 1.000000e-01 0.000000e+00
1.000000e+00 1.250000e-01 1.000000e-01 0.000000e+00
