0.000000e+00 8.293112e-05 8.440604e+01 2.245373e-02
6.250000e-03 8.293112e-05 8.440604e+01 2.245373e-02
1.250000e-02 8.293305e-05 8.440624e+01 2.993764e-02
1.875000e-02 8.294025e-05 8.440604e+01 4.490663e-02
2.500000e-02 8.295961e-05 8.440604e+01 5.987466e-02
3.125000e-02 8.300410e-05 8.440604e+01 7.484368e-02
3.750000e-02 8.309560e-05 8.440604e+01 8.981251e-02
4.375000e-02 8.326194e-05 8.440604e+01 1.047814e-01
5.000000e-02 8.353212e-05 8.440604e+01 1.197502e-01
5.625000e-02 8.393215e-05 8.440604e+01 1.347190e-01
6.250000e-02 8.448248e-05 8.440604e+01 1.496878e-01
6.875000e-02 8.519694e-05 8.440604e+01 1.646567e-01
7.500000e-02 8.608276e-05 8.440604e+01 1.796255e-01
8.125000e-02 8.714126e-05 8.440604e+01 1.945943e-01
8.750000e-02 8.836875e-05 8.440604e+01 2.095631e-01
9.375000e-02 8.975754e-05 8.440604e+01 2.245319e-01
1.000000e-01 9.129686e-05 8.440605e+01 2.395007e-01
1.062500e-01 9.297375e-05 8.440605e+01 2.544695e-01
1.125000e-01 9.477377e-05 8.440605e+01 2.694383e-01
1.187500e-01 9.668165e-05 8.440605e+01 2.844071e-01
1.250000e-01 9.868179e-05 8.440605e+01 2.993759e-01
1.312500e-01 1.007587e-04 8.440605e+01 3.143447e-01
1.375000e-01 1.028975e-04 8.440605e+01 3.293135e-01
1.437500e-01 1.050837e-04 8.440605e+01 3.442823e-01
1.500000e-01 1.073039e-04 8.440606e+01 3.592511e-01
1.562500e-01 1.095457e-04 8.440606e+01 3.742199e-01
1.625000e-01 1.117975e-04 8.440606e+01 3.891887e-01
1.687500e-01 1.140491e-04 8.440606e+01 4.041575e-01
1.750000e-01 1.162909e-04 8.440606e+01 4.191263e-01
1.812500e-01 1.185147e-04 8.440607e+01 4.340951e-01
1.875000e-01 1.207130e-04 8.440607e+01 4.490639e-01
1.937500e-01 1.228792e-04 8.440607e+01 4.640327e-01
2.000000e-01 1.250077e-04 8.440608e+01 4.790015e-01
2.062500e-01 1.270936e-04 8.440608e+01 4.939703e-01
2.125000e-01 1.291325e-04 8.440608e+01 5.089391e-01
2.187500e-01 1.311210e-04 8.440608e+01 5.239079e-01
2.250000e-01 1.330561e-04 8.440609e+01 5.388767e-01
2.312500e-01 1.349352e-04 8.440609e+01 5.538455e-01
2.375000e-01 1.367564e-04 8.440609e+01 5.688143e-01
2.437500e-01 1.385179e-04 8.440610e+01 5.837831e-01
2.500000e-01 1.402186e-04 8.440610e+01 5.987519e-01
2.562500e-01 1.418576e-04 8.440611e+01 6.137207e-01
2.625000e-01 1.434341e-04 8.440611e+01 6.286896e-01
2.687500e-01 1.449478e-04 8.440611e+01 6.436584e-01
2.750000e-01 1.463986e-04 8.440612e+01 6.586272e-01
2.812500e-01 1.477868e-04 8.440612e+01 6.735960e-01
2.875000e-01 1.491128e-04 8.440613e+01 6.885648e-01
2.937500e-01 1.503773e-04 8.440613e+01 7.035336e-01
3.000000e-01 1.515816e-04 8.440614e+01 7.185025e-01
3.062500e-01 1.527269e-04 8.440614e+01 7.334713e-01
3.125000e-01 1.538153e-04 8.440615e+01 7.484401e-01
3.187500e-01 1.548486e-04 8.440616e+01 7.634089e-01
3.250000e-01 1.558295e-04 8.440616e+01 7.783778e-01
3.312500e-01 1.567605e-04 8.440617e+01 7.933466e-01
3.375000e-01 1.576445e-04 8.440617e+01 8.083154e-01
3.437500e-01 1.584847e-04 8.440618e+01 8.232843e-01
3.500000e-01 1.592838e-04 8.440618e+01 8.382531e-01
3.562500e-01 1.600448e-04 8.440619e+01 8.532219e-01
3.625000e-01 1.607701e-04 8.440620e+01 8.681908e-01
3.687500e-01 1.614616e-04 8.440620e+01 8.831596e-01
3.750000e-01 1.621204e-04 8.440621e+01 8.981284e-01
3.812500e-01 1.627464e-04 8.440622e+01 9.130973e-01
3.875000e-01 1.633366e-04 8.440623e+01 9.280661e-01
3.937500e-01 1.638810e-04 8.440623e+01 9.430350e-01
4.000000e-01 1.643478e-04 8.440624e+01 9.580038e-01
4.062500e-01 1.646392e-04 8.440625e+01 9.729727e-01
4.125000e-01 1.646737e-04 8.440626e+01 9.879415e-01
4.187500e-01 1.646737e-04 8.440626e+01 1.002910e+00
4.250000e-01 1.646733e-04 8.440627e+01 1.017879e+00
4.312500e-01 1.646720e-04 8.440628e+01 1.032848e+00
4.375000e-01 1.646687e-04 8.440629e+01 1.047817e+00
4.437500e-01 1.646629e-04 8.440630e+01 1.062786e+00
4.500000e-01 1.646538e-04 8.440630e+01 1.077755e+00
4.562500e-01 1.646413e-04 8.440631e+01 1.092724e+00
4.625000e-01 1.646251e-04 8.440632e+01 1.107692e+00
4.687500e-01 1.646055e-04 8.440633e+01 1.122661e+00
4.750000e-01 1.645829e-04 8.440634e+01 1.137630e+00
4.812500e-01 1.645583e-04 8.440635e+01 1.152599e+00
4.875000e-01 1.645328e-04 8.440636e+01 1.167568e+00
4.937500e-01 1.645084e-04 8.440637e+01 1.182537e+00
5.000000e-01 1.644888e-04 8.440637e+01 1.197506e+00
5.062500e-01 1.644815e-04 8.440638e+01 1.212475e+00
5.125000e-01 1.644815e-04 8.440639e+01 1.227443e+00
5.187500e-01 1.644818e-04 8.440640e+01 1.242412e+00
5.250000e-01 1.644830e-04 8.440641e+01 1.257381e+00
5.312500e-01 1.644872e-04 8.440642e+01 1.272350e+00
5.375000e-01 1.644992e-04 8.440643e+01 1.287319e+00
5.437500e-01 1.645241e-04 8.440644e+01 1.302288e+00
5.500000e-01 1.645691e-04 8.440645e+01 1.317257e+00
5.562500e-01 1.646432e-04 8.440646e+01 1.332226e+00
5.625000e-01 1.647579e-04 8.440647e+01 1.347195e+00
5.687500e-01 1.649267e-04 8.440648e+01 1.362164e+00
5.750000e-01 1.651657e-04 8.440650e+01 1.377133e+00
5.812500e-01 1.654933e-04 8.440651e+01 1.392101e+00
5.875000e-01 1.659303e-04 8.440652e+01 1.407070e+00
5.937500e-01 1.664999e-04 8.440653e+01 1.422039e+00
6.000000e-01 1.672273e-04 8.440654e+01 1.437008e+00
6.062500e-01 1.681401e-04 8.440655e+01 1.451977e+00
6.125000e-01 1.692675e-04 8.440656e+01 1.466946e+00
6.187500e-01 1.706408e-04 8.440657e+01 1.481915e+00
6.250000e-01 1.722926e-04 8.440659e+01 1.496884e+00
6.312500e-01 1.742570e-04 8.440660e+01 1.511853e+00
6.375000e-01 1.765692e-04 8.440661e+01 1.526822e+00
6.437500e-01 1.792651e-04 8.440662e+01 1.541791e+00
6.500000e-01 1.823816e-04 8.440664e+01 1.556760e+00
6.562500e-01 1.859556e-04 8.440665e+01 1.571729e+00
6.625000e-01 1.900244e-04 8.440667e+01 1.586698e+00
6.687500e-01 1.946251e-04 8.440668e+01 1.601667e+00
6.750000e-01 1.997943e-04 8.440670e+01 1.616636e+00
6.812500e-01 2.055680e-04 8.440671e+01 1.631605e+00
6.875000e-01 2.119813e-04 8.440673e+01 1.646574e+00
6.937500e-01 2.190681e-04 8.440674e+01 1.661543e+00
7.000000e-01 2.268609e-04 8.440676e+01 1.676512e+00
7.062500e-01 2.353903e-04 8.440678e+01 1.691481e+00
7.125000e-01 2.446850e-04 8.440680e+01 1.706450e+00
7.187500e-01 2.547718e-04 8.440682e+01 1.721419e+00
7.250000e-01 2.656746e-04 8.440684e+01 1.736388e+00
7.312500e-01 2.774149e-04 8.440686e+01 1.751357e+00
7.375000e-01 2.900114e-04 8.440689e+01 1.766326e+00
7.437500e-01 3.034797e-04 8.440691e+01 1.781295e+00
7.500000e-01 3.178324e-04 8.440694e+01 1.796264e+00
7.562500e-01 3.330785e-04 8.440697e+01 1.811233e+00
7.625000e-01 3.492240e-04 8.440700e+01 1.826202e+00
7.687500e-01 3.662713e-04 8.440703e+01 1.841171e+00
7.750000e-01 3.842194e-04 8.440706e+01 1.856140e+00
7.812500e-01 4.030639e-04 8.440709e+01 1.871109e+00
7.875000e-01 4.227969e-04 8.440713e+01 1.886078e+00
7.937500e-01 4.434074e-04 8.440717e+01 1.901047e+00
8.000000e-01 4.648811e-04 8.440721e+01 1.916016e+00
8.062500e-01 4.872007e-04 8.440725e+01 1.930986e+00
8.125000e-01 5.103460e-04 8.440730e+01 1.945955e+00
8.187500e-01 5.342942e-04 8.440735e+01 1.960924e+00
8.250000e-01 5.590202e-04 8.440740e+01 1.975893e+00
8.312500e-01 5.844966e-04 8.440745e+01 1.990862e+00
8.375000e-01 6.106942e-04 8.440751e+01 2.005832e+00
8.437500e-01 6.375825e-04 8.440757e+01 2.020801e+00
8.500000e-01 6.651295e-04 8.440763e+01 2.035770e+00
8.562500e-01 6.933023e-04 8.440770e+01 2.050739e+00
8.625000e-01 7.220678e-04 8.440777e+01 2.065709e+00
8.687500e-01 7.513924e-04 8.440784e+01 2.080678e+00
8.750000e-01 7.812426e-04 8.440792e+01 2.095647e+00
8.812500e-01 8.115855e-04 8.440799e+01 2.110617e+00
8.875000e-01 8.423890e-04 8.440808e+01 2.125586e+00
8.937500e-01 8.736220e-04 8.440816e+01 2.140556e+00
9.000000e-01 9.052546e-04 8.440826e+01 2.155525e+00
9.062500e-01 9.372591e-04 8.440835e+01 2.170495e+00
9.125000e-01 9.696090e-04 8.440845e+01 2.185464e+00
9.187500e-01 1.002281e-03 8.440855e+01 2.200434e+00
9.250000e-01 1.035252e-03 8.440866e+01 2.215404e+00
9.312500e-01 1.068505e-03 8.440877e+01 2.230373e+00
9.375000e-01 1.102021e-03 8.440888e+01 2.245343e+00
9.437500e-01 1.135789e-03 8.440900e+01 2.260313e+00
9.500000e-01 1.169797e-03 8.440913e+01 2.275283e+00
9.562500e-01 1.204037e-03 8.440926e+01 2.290252e+00
9.625000e-01 1.238504e-03 8.440939e+01 2.305222e+00
9.687500e-01 1.273198e-03 8.440953e+01 2.320192e+00
9.750000e-01 1.308119e-03 8.440967e+01 2.335162e+00
9.812500e-01 1.343272e-03 8.440982e+01 2.350132e+00
9.875000e-01 1.378664e-03 8.440997e+01 2.365102e+00
9.937500e-01 1.414305e-03 8.441013e+01 2.380072e+00
1.000000e+00 1.450208e-03 8.441029e+01 2.395043e+00
1.006250e+00 1.486389e-03 8.441046e+01 2.410013e+00
1.012500e+00 1.522866e-03 8.441063e+01 2.424983e+00
1.018750e+00 1.559659e-03 8.441081e+01 2.439954e+00
1.025000e+00 1.596792e-03 8.441099e+01 2.454924e+00
1.031250e+00 1.634288e-03 8.441118e+01 2.469895e+00
1.037500e+00 1.672175e-03 8.441137e+01 2.484865e+00
1.043750e+00 1.710481e-03 8.441157e+01 2.499836e+00
1.050000e+00 1.749236e-03 8.441178e+01 2.514807e+00
1.056250e+00 1.788471e-03 8.441199e+01 2.529777e+00
1.062500e+00 1.828219e-03 8.441221e+01 2.544748e+00
1.068750e+00 1.868513e-03 8.441243e+01 2.559719e+00
1.075000e+00 1.909387e-03 8.441266e+01 2.574690e+00
1.081250e+00 1.950876e-03 8.441290e+01 2.589661e+00
1.087500e+00 1.993014e-03 8.441314e+01 2.604633e+00
1.093750e+00 2.035839e-03 8.441339e+01 2.619604e+00
1.100000e+00 2.079384e-03 8.441365e+01 2.634575e+00
1.106250e+00 2.123687e-03 8.441391e+01 2.649547e+00
1.112500e+00 2.168782e-03 8.441418e+01 2.664518e+00
1.118750e+00 2.214705e-03 8.441446e+01 2.679490e+00
1.125000e+00 2.261490e-03 8.441474e+01 2.694462e+00
1.131250e+00 2.309174e-03 8.441504e+01 2.709433e+00
1.137500e+00 2.357789e-03 8.441534e+01 2.724405e+00
1.143750e+00 2.407370e-03 8.441565e+01 2.739378e+00
1.150000e+00 2.457951e-03 8.441596e+01 2.754350e+00
1.156250e+00 2.509564e-03 8.441629e+01 2.769322e+00
1.162500e+00 2.562241e-03 8.441662e+01 2.784294e+00
1.168750e+00 2.616016e-03 8.441697e+01 2.799267e+00
1.175000e+00 2.670920e-03 8.441732e+01 2.814240e+00
1.181250e+00 2.726985e-03 8.441768e+01 2.829212e+00
1.187500e+00 2.784242e-03 8.441805e+01 2.844185e+00
1.193750e+00 2.842723e-03 8.441843e+01 2.859158e+00
1.200000e+00 2.902459e-03 8.441882e+01 2.874132e+00
1.206250e+00 2.963482e-03 8.441923e+01 2.889105e+00
1.212500e+00 3.025824e-03 8.441964e+01 2.904079e+00
1.218750e+00 3.089516e-03 8.442006e+01 2.919052e+00
1.225000e+00 3.154592e-03 8.442049e+01 2.934026e+00
1.231250e+00 3.221084e-03 8.442094e+01 2.949000e+00
1.237500e+00 3.289027e-03 8.442140e+01 2.963974e+00
1.243750e+00 3.358454e-03 8.442187e+01 2.978948e+00
1.250000e+00 3.429401e-03 8.442235e+01 2.993923e+00
1.256250e+00 3.501903e-03 8.442284e+01 3.008898e+00
1.262500e+00 3.575997e-03 8.442335e+01 3.023872e+00
1.268750e+00 3.651719e-03 8.442387e+01 3.038847e+00
1.275000e+00 3.729108e-03 8.442440e+01 3.053823e+00
1.281250e+00 3.808200e-03 8.442495e+01 3.068798e+00
1.287500e+00 3.889033e-03 8.442551e+01 3.083774e+00
1.293750e+00 3.971647e-03 8.442609e+01 3.098750e+00
1.300000e+00 4.056078e-03 8.442668e+01 3.113726e+00
1.306250e+00 4.142365e-03 8.442729e+01 3.128702e+00
1.312500e+00 4.230544e-03 8.442791e+01 3.143679e+00
1.318750e+00 4.320650e-03 8.442855e+01 3.158655e+00
1.325000e+00 4.412719e-03 8.442921e+01 3.173632e+00
1.331250e+00 4.506783e-03 8.442988e+01 3.188610e+00
1.337500e+00 4.602873e-03 8.443058e+01 3.203587e+00
1.343750e+00 4.701017e-03 8.443129e+01 3.218565e+00
1.350000e+00 4.801241e-03 8.443201e+01 3.233543e+00
1.356250e+00 4.903566e-03 8.443276e+01 3.248521e+00
1.362500e+00 5.008012e-03 8.443353e+01 3.263500e+00
1.368750e+00 5.114594e-03 8.443431e+01 3.278479e+00
1.375000e+00 5.223322e-03 8.443512e+01 3.293458e+00
1.381250e+00 5.334203e-03 8.443595e+01 3.308438e+00
1.387500e+00 5.447240e-03 8.443680e+01 3.323418e+00
1.393750e+00 5.562428e-03 8.443767e+01 3.338398e+00
1.400000e+00 5.679761e-03 8.443856e+01 3.353379e+00
1.406250e+00 5.799225e-03 8.443948e+01 3.368359e+00
1.412500e+00 5.920804e-03 8.444042e+01 3.383341e+00
1.418750e+00 6.044476e-03 8.444138e+01 3.398322e+00
1.425000e+00 6.170212e-03 8.444237e+01 3.413304e+00
1.431250e+00 6.297983e-03 8.444338e+01 3.428287e+00
1.437500e+00 6.427754e-03 8.444442e+01 3.443269e+00
1.443750e+00 6.559484e-03 8.444549e+01 3.458253e+00
1.450000e+00 6.693133e-03 8.444658e+01 3.473236e+00
1.456250e+00 6.828655e-03 8.444770e+01 3.488220e+00
1.462500e+00 6.966003e-03 8.444884e+01 3.503205e+00
1.468750e+00 7.105130e-03 8.445002e+01 3.518189e+00
1.475000e+00 7.245986e-03 8.445122e+01 3.533175e+00
1.481250e+00 7.388521e-03 8.445245e+01 3.548160e+00
1.487500e+00 7.532687e-03 8.445371e+01 3.563147e+00
1.493750e+00 7.678436e-03 8.445500e+01 3.578133e+00
1.500000e+00 7.825724e-03 8.445632e+01 3.593120e+00
1.506250e+00 7.974506e-03 8.445767e+01 3.608108e+00
1.512500e+00 8.124745e-03 8.445905e+01 3.623096e+00
1.518750e+00 8.276405e-03 8.446047e+01 3.638085e+00
1.525000e+00 8.429456e-03 8.446191e+01 3.653074e+00
1.531250e+00 8.583874e-03 8.446339e+01 3.668064e+00
1.537500e+00 8.739641e-03 8.446490e+01 3.683054e+00
1.543750e+00 8.896744e-03 8.446645e+01 3.698045e+00
1.550000e+00 9.055178e-03 8.446803e+01 3.713036e+00
1.556250e+00 9.214945e-03 8.446964e+01 3.728028e+00
1.562500e+00 9.376056e-03 8.447129e+01 3.743021e+00
1.568750e+00 9.538527e-03 8.447298e+01 3.758014e+00
1.575000e+00 9.702383e-03 8.447470e+01 3.773007e+00
1.581250e+00 9.867658e-03 8.447645e+01 3.788002e+00
1.587500e+00 1.003439e-02 8.447825e+01 3.802997e+00
1.593750e+00 1.020263e-02 8.448008e+01 3.817992e+00
1.600000e+00 1.037243e-02 8.448195e+01 3.832989e+00
1.606250e+00 1.054386e-02 8.448386e+01 3.847985e+00
1.612500e+00 1.071697e-02 8.448580e+01 3.862983e+00
1.618750e+00 1.089186e-02 8.448779e+01 3.877981e+00
1.625000e+00 1.106858e-02 8.448981e+01 3.892980e+00
1.631250e+00 1.124724e-02 8.449188e+01 3.907980e+00
1.637500e+00 1.142791e-02 8.449399e+01 3.922980e+00
1.643750e+00 1.161069e-02 8.449614e+01 3.937982e+00
1.650000e+00 1.179567e-02 8.449833e+01 3.952984e+00
1.656250e+00 1.198294e-02 8.450057e+01 3.967986e+00
1.662500e+00 1.217261e-02 8.450285e+01 3.982990e+00
1.668750e+00 1.236477e-02 8.450517e+01 3.997994e+00
1.675000e+00 1.255951e-02 8.450754e+01 4.013000e+00
1.681250e+00 1.275693e-02 8.450996e+01 4.028006e+00
1.687500e+00 1.295712e-02 8.451242e+01 4.043013e+00
1.693750e+00 1.316017e-02 8.451494e+01 4.058021e+00
1.700000e+00 1.336616e-02 8.451750e+01 4.073030e+00
1.706250e+00 1.357519e-02 8.452011e+01 4.088039e+00
1.712500e+00 1.378732e-02 8.452277e+01 4.103050e+00
1.718750e+00 1.400262e-02 8.452548e+01 4.118062e+00
1.725000e+00 1.422117e-02 8.452825e+01 4.133075e+00
1.731250e+00 1.444303e-02 8.453107e+01 4.148089e+00
1.737500e+00 1.466824e-02 8.453394e+01 4.163104e+00
1.743750e+00 1.489687e-02 8.453687e+01 4.178120e+00
1.750000e+00 1.512894e-02 8.453986e+01 4.193137e+00
1.756250e+00 1.536450e-02 8.454290e+01 4.208155e+00
1.762500e+00 1.560358e-02 8.454600e+01 4.223174e+00
1.768750e+00 1.584620e-02 8.454916e+01 4.238195e+00
1.775000e+00 1.609237e-02 8.455238e+01 4.253217e+00
1.781250e+00 1.634212e-02 8.455567e+01 4.268240e+00
1.787500e+00 1.659544e-02 8.455901e+01 4.283264e+00
1.793750e+00 1.685234e-02 8.456242e+01 4.298290e+00
1.800000e+00 1.711282e-02 8.456590e+01 4.313316e+00
1.806250e+00 1.737686e-02 8.456944e+01 4.328344e+00
1.812500e+00 1.764447e-02 8.457304e+01 4.343374e+00
1.818750e+00 1.791563e-02 8.457672e+01 4.358405e+00
1.825000e+00 1.819033e-02 8.458047e+01 4.373437e+00
1.831250e+00 1.846854e-02 8.458428e+01 4.388470e+00
1.837500e+00 1.875026e-02 8.458817e+01 4.403505e+00
1.843750e+00 1.903547e-02 8.459213e+01 4.418541e+00
1.850000e+00 1.932415e-02 8.459616e+01 4.433579e+00
1.856250e+00 1.961629e-02 8.460027e+01 4.448618e+00
1.862500e+00 1.991187e-02 8.460446e+01 4.463659e+00
1.868750e+00 2.021089e-02 8.460872e+01 4.478701e+00
1.875000e+00 2.051334e-02 8.461306e+01 4.493745e+00
1.881250e+00 2.081921e-02 8.461748e+01 4.508790e+00
1.887500e+00 2.112851e-02 8.462198e+01 4.523836e+00
1.893750e+00 2.144122e-02 8.462657e+01 4.538885e+00
1.900000e+00 2.175738e-02 8.463123e+01 4.553934e+00
1.906250e+00 2.207697e-02 8.463599e+01 4.568986e+00
1.912500e+00 2.240002e-02 8.464082e+01 4.584039e+00
1.918750e+00 2.272656e-02 8.464575e+01 4.599094e+00
1.925000e+00 2.305660e-02 8.465076e+01 4.614150e+00
1.931250e+00 2.339017e-02 8.465586e+01 4.629209e+00
1.937500e+00 2.372731e-02 8.466105e+01 4.644269e+00
1.943750e+00 2.406806e-02 8.466633e+01 4.659331e+00
1.950000e+00 2.441245e-02 8.467171e+01 4.674394e+00
1.956250e+00 2.476054e-02 8.467718e+01 4.689460e+00
1.962500e+00 2.511236e-02 8.468275e+01 4.704528e+00
1.968750e+00 2.546798e-02 8.468841e+01 4.719597e+00
1.975000e+00 2.582744e-02 8.469418e+01 4.734669e+00
1.981250e+00 2.619079e-02 8.470004e+01 4.749743e+00
1.987500e+00 2.655811e-02 8.470600e+01 4.764818e+00
1.993750e+00 2.692943e-02 8.471207e+01 4.779897e+00
2.000000e+00 2.730483e-02 8.471824e+01 4.794977e+00
2.006250e+00 2.768436e-02 8.472452e+01 4.810059e+00
2.012500e+00 2.806808e-02 8.473091e+01 4.825144e+00
2.018750e+00 2.845604e-02 8.473740e+01 4.840231e+00
2.025000e+00 2.884831e-02 8.474401e+01 4.855321e+00
2.031250e+00 2.924494e-02 8.475072e+01 4.870413e+00
2.037500e+00 2.964598e-02 8.475755e+01 4.885507e+00
2.043750e+00 3.005149e-02 8.476450e+01 4.900605e+00
2.050000e+00 3.046152e-02 8.477156e+01 4.915704e+00
2.056250e+00 3.087611e-02 8.477874e+01 4.930807e+00
2.062500e+00 3.129532e-02 8.478604e+01 4.945912e+00
2.068750e+00 3.171919e-02 8.479347e+01 4.961019e+00
2.075000e+00 3.214776e-02 8.480101e+01 4.976130e+00
2.081250e+00 3.258108e-02 8.480868e+01 4.991243e+00
2.087500e+00 3.301917e-02 8.481648e+01 5.006359e+00
2.093750e+00 3.346208e-02 8.482441e+01 5.021478e+00
2.100000e+00 3.390985e-02 8.483247e+01 5.036600e+00
2.106250e+00 3.436250e-02 8.484066e+01 5.051725e+00
2.112500e+00 3.482007e-02 8.484898e+01 5.066853e+00
2.118750e+00 3.528258e-02 8.485744e+01 5.081984e+00
2.125000e+00 3.575008e-02 8.486604e+01 5.097118e+00
2.131250e+00 3.622257e-02 8.487477e+01 5.112255e+00
2.137500e+00 3.670011e-02 8.488365e+01 5.127396e+00
2.143750e+00 3.718270e-02 8.489267e+01 5.142539e+00
2.150000e+00 3.767039e-02 8.490184e+01 5.157686e+00
2.156250e+00 3.816319e-02 8.491115e+01 5.172837e+00
2.162500e+00 3.866113e-02 8.492062e+01 5.187990e+00
2.168750e+00 3.916425e-02 8.493023e+01 5.203148e+00
2.175000e+00 3.967256e-02 8.494000e+01 5.218308e+00
2.181250e+00 4.018611e-02 8.494993e+01 5.233472e+00
2.187500e+00 4.070491e-02 8.496001e+01 5.248640e+00
2.193750e+00 4.122901e-02 8.497025e+01 5.263812e+00
2.200000e+00 4.175843e-02 8.498066e+01 5.278987e+00
2.206250e+00 4.229320e-02 8.499122e+01 5.294166e+00
2.212500e+00 4.283337e-02 8.500196e+01 5.309349e+00
2.218750e+00 4.337896e-02 8.501286e+01 5.324536e+00
2.225000e+00 4.393001e-02 8.502394e+01 5.339726e+00
2.231250e+00 4.448655e-02 8.503518e+01 5.354921e+00
2.237500e+00 4.504864e-02 8.504661e+01 5.370120e+00
2.243750e+00 4.561630e-02 8.505821e+01 5.385323e+00
2.250000e+00 4.618957e-02 8.506999e+01 5.400530e+00
2.256250e+00 4.676850e-02 8.508195e+01 5.415742e+00
2.262500e+00 4.735313e-02 8.509410e+01 5.430958e+00
2.268750e+00 4.794350e-02 8.510643e+01 5.446178e+00
2.275000e+00 4.853965e-02 8.511896e+01 5.461403e+00
2.281250e+00 4.914163e-02 8.513168e+01 5.476632e+00
2.287500e+00 4.974949e-02 8.514459e+01 5.491866e+00
2.293750e+00 5.036326e-02 8.515769e+01 5.507105e+00
2.300000e+00 5.098300e-02 8.517100e+01 5.522348e+00
2.306250e+00 5.160874e-02 8.518451e+01 5.537596e+00
2.312500e+00 5.224054e-02 8.519822e+01 5.552849e+00
2.318750e+00 5.287844e-02 8.521214e+01 5.568107e+00
2.325000e+00 5.352249e-02 8.522627e+01 5.583370e+00
2.331250e+00 5.417273e-02 8.524061e+01 5.598638e+00
2.337500e+00 5.482921e-02 8.525516e+01 5.613911e+00
2.343750e+00 5.549199e-02 8.526993e+01 5.629190e+00
2.350000e+00 5.616109e-02 8.528492e+01 5.644473e+00
2.356250e+00 5.683659e-02 8.530013e+01 5.659762e+00
2.362500e+00 5.751851e-02 8.531557e+01 5.675057e+00
2.368750e+00 5.820691e-02 8.533123e+01 5.690357e+00
2.375000e+00 5.890183e-02 8.534713e+01 5.705662e+00
2.381250e+00 5.960333e-02 8.536326e+01 5.720974e+00
2.387500e+00 6.031144e-02 8.537962e+01 5.736291e+00
2.393750e+00 6.102623e-02 8.539622e+01 5.751614e+00
2.400000e+00 6.174773e-02 8.541307e+01 5.766943e+00
2.406250e+00 6.247600e-02 8.543015e+01 5.782278e+00
2.412500e+00 6.321107e-02 8.544749e+01 5.797620e+00
2.418750e+00 6.395301e-02 8.546508e+01 5.812968e+00
2.425000e+00 6.470186e-02 8.548292e+01 5.828322e+00
2.431250e+00 6.545767e-02 8.550102e+01 5.843683e+00
2.437500e+00 6.622048e-02 8.551939e+01 5.859051e+00
2.443750e+00 6.699035e-02 8.553801e+01 5.874425e+00
2.450000e+00 6.776733e-02 8.555690e+01 5.889806e+00
2.456250e+00 6.855147e-02 8.557607e+01 5.905194e+00
2.462500e+00 6.934282e-02 8.559550e+01 5.920589e+00
2.468750e+00 7.014143e-02 8.561522e+01 5.935991e+00
2.475000e+00 7.094736e-02 8.563521e+01 5.951399e+00
2.481250e+00 7.176065e-02 8.565549e+01 5.966815e+00
2.487500e+00 7.258137e-02 8.567605e+01 5.982239e+00
2.493750e+00 7.340957e-02 8.569690e+01 5.997669e+00
2.500000e+00 7.424530e-02 8.571805e+01 6.013107e+00
2.506250e+00 7.508863e-02 8.573949e+01 6.028552e+00
2.512500e+00 7.593962e-02 8.576124e+01 6.044005e+00
2.518750e+00 7.679831e-02 8.578328e+01 6.059466e+00
2.525000e+00 7.766479e-02 8.580564e+01 6.074934e+00
2.531250e+00 7.853910e-02 8.582831e+01 6.090411e+00
2.537500e+00 7.942132e-02 8.585129e+01 6.105895e+00
2.543750e+00 8.031151e-02 8.587459e+01 6.121388e+00
2.550000e+00 8.120974e-02 8.589821e+01 6.136889e+00
2.556250e+00 8.211608e-02 8.592216e+01 6.152399e+00
2.562500e+00 8.303060e-02 8.594644e+01 6.167917e+00
2.568750e+00 8.395337e-02 8.597105e+01 6.183444e+00
2.575000e+00 8.488448e-02 8.599601e+01 6.198980e+00
2.581250e+00 8.582398e-02 8.602130e+01 6.214526e+00
2.587500e+00 8.677197e-02 8.604694e+01 6.230080e+00
2.593750e+00 8.772852e-02 8.607293e+01 6.245644e+00
2.600000e+00 8.869371e-02 8.609927e+01 6.261217e+00
2.606250e+00 8.966762e-02 8.612597e+01 6.276800e+00
2.612500e+00 9.065034e-02 8.615304e+01 6.292393e+00
2.618750e+00 9.164195e-02 8.618047e+01 6.307995e+00
2.625000e+00 9.264254e-02 8.620827e+01 6.323607e+00
2.631250e+00 9.365219e-02 8.623645e+01 6.339229e+00
2.637500e+00 9.467099e-02 8.626500e+01 6.354860e+00
2.643750e+00 9.569903e-02 8.629394e+01 6.370502e+00
2.650000e+00 9.673640e-02 8.632327e+01 6.386154e+00
2.656250e+00 9.778318e-02 8.635299e+01 6.401816e+00
2.662500e+00 9.883947e-02 8.638311e+01 6.417489e+00
2.668750e+00 9.990536e-02 8.641363e+01 6.433172e+00
2.675000e+00 1.009809e-01 8.644456e+01 6.448866e+00
2.681250e+00 1.020663e-01 8.647590e+01 6.464571e+00
2.687500e+00 1.031615e-01 8.650765e+01 6.480287e+00
2.693750e+00 1.042667e-01 8.653983e+01 6.496015e+00
2.700000e+00 1.053820e-01 8.657244e+01 6.511753e+00
2.706250e+00 1.065074e-01 8.660548e+01 6.527503e+00
2.712500e+00 1.076430e-01 8.663895e+01 6.543265e+00
2.718750e+00 1.087889e-01 8.667287e+01 6.559039e+00
2.725000e+00 1.099453e-01 8.670723e+01 6.574824e+00
2.731250e+00 1.111121e-01 8.674205e+01 6.590622e+00
2.737500e+00 1.122896e-01 8.677733e+01 6.606433e+00
2.743750e+00 1.134777e-01 8.681306e+01 6.622256e+00
2.750000e+00 1.146766e-01 8.684927e+01 6.638091e+00
2.756250e+00 1.158863e-01 8.688595e+01 6.653939e+00
2.762500e+00 1.171070e-01 8.692310e+01 6.669801e+00
2.768750e+00 1.183387e-01 8.696075e+01 6.685675e+00
2.775000e+00 1.195815e-01 8.699888e+01 6.701563e+00
2.781250e+00 1.208355e-01 8.703751e+01 6.717463e+00
2.787500e+00 1.221008e-01 8.707664e+01 6.733378e+00
2.793750e+00 1.233774e-01 8.711628e+01 6.749306e+00
2.800000e+00 1.246655e-01 8.715643e+01 6.765248e+00
2.806250e+00 1.259651e-01 8.719710e+01 6.781204e+00
2.812500e+00 1.272764e-01 8.723830e+01 6.797174e+00
2.818750e+00 1.285993e-01 8.728003e+01 6.813158e+00
2.825000e+00 1.299341e-01 8.732229e+01 6.829157e+00
2.831250e+00 1.312807e-01 8.736510e+01 6.845171e+00
2.837500e+00 1.326392e-01 8.740847e+01 6.861199e+00
2.843750e+00 1.340098e-01 8.745239e+01 6.877243e+00
2.850000e+00 1.353926e-01 8.749687e+01 6.893302e+00
2.856250e+00 1.367875e-01 8.754192e+01 6.909377e+00
2.862500e+00 1.381948e-01 8.758755e+01 6.925468e+00
2.868750e+00 1.396144e-01 8.763376e+01 6.941575e+00
2.875000e+00 1.410466e-01 8.768057e+01 6.957699e+00
2.881250e+00 1.424913e-01 8.772797e+01 6.973839e+00
2.887500e+00 1.439486e-01 8.777597e+01 6.989996e+00
2.893750e+00 1.454187e-01 8.782458e+01 7.006170e+00
2.900000e+00 1.469017e-01 8.787381e+01 7.022360e+00
2.906250e+00 1.483976e-01 8.792367e+01 7.038568e+00
2.912500e+00 1.499066e-01 8.797416e+01 7.054793e+00
2.918750e+00 1.514286e-01 8.802528e+01 7.071036e+00
2.925000e+00 1.529640e-01 8.807705e+01 7.087296e+00
2.931250e+00 1.545126e-01 8.812947e+01 7.103574e+00
2.937500e+00 1.560747e-01 8.818255e+01 7.119869e+00
2.943750e+00 1.576504e-01 8.823629e+01 7.136182e+00
2.950000e+00 1.592397e-01 8.829071e+01 7.152514e+00
2.956250e+00 1.608427e-01 8.834581e+01 7.168864e+00
2.962500e+00 1.624596e-01 8.840161e+01 7.185233e+00
2.968750e+00 1.640905e-01 8.845810e+01 7.201621e+00
2.975000e+00 1.657355e-01 8.851530e+01 7.218029e+00
2.981250e+00 1.673948e-01 8.857321e+01 7.234456e+00
2.987500e+00 1.690683e-01 8.863185e+01 7.250903e+00
2.993750e+00 1.707563e-01 8.869122e+01 7.267370e+00
3.000000e+00 1.724589e-01 8.875133e+01 7.283858e+00
3.006250e+00 1.741762e-01 8.881218e+01 7.300366e+00
3.012500e+00 1.759083e-01 8.887379e+01 7.316896e+00
3.018750e+00 1.776554e-01 8.893617e+01 7.333446e+00
3.025000e+00 1.794175e-01 8.899932e+01 7.350018e+00
3.031250e+00 1.811949e-01 8.906325e+01 7.366611e+00
3.037500e+00 1.829876e-01 8.912797e+01 7.383225e+00
3.043750e+00 1.847959e-01 8.919348e+01 7.399862e+00
3.050000e+00 1.866197e-01 8.925981e+01 7.416521e+00
3.056250e+00 1.884594e-01 8.932695e+01 7.433203e+00
3.062500e+00 1.903150e-01 8.939492e+01 7.449908e+00
3.068750e+00 1.921867e-01 8.946373e+01 7.466635e+00
3.075000e+00 1.940746e-01 8.953338e+01 7.483386e+00
3.081250e+00 1.959789e-01 8.960389e+01 7.500161e+00
3.087500e+00 1.978998e-01 8.967526e+01 7.516959e+00
3.093750e+00 1.998374e-01 8.974751e+01 7.533781e+00
3.100000e+00 2.017919e-01 8.982065e+01 7.550628e+00
3.106250e+00 2.037634e-01 8.989467e+01 7.567499e+00
3.112500e+00 2.057521e-01 8.996961e+01 7.584395e+00
3.118750e+00 2.077582e-01 9.004546e+01 7.601316e+00
3.125000e+00 2.097818e-01 9.012223e+01 7.618262e+00
3.131250e+00 2.118232e-01 9.019995e+01 7.635234e+00
3.137500e+00 2.138825e-01 9.027861e+01 7.652233e+00
3.143750e+00 2.159599e-01 9.035822e+01 7.669257e+00
3.150000e+00 2.180555e-01 9.043881e+01 7.686308e+00
3.156250e+00 2.201697e-01 9.052038e+01 7.703386e+00
3.162500e+00 2.223025e-01 9.060294e+01 7.720491e+00
3.168750e+00 2.244541e-01 9.068650e+01 7.737623e+00
3.175000e+00 2.266248e-01 9.077108e+01 7.754783e+00
3.181250e+00 2.288147e-01 9.085668e+01 7.771971e+00
3.187500e+00 2.310241e-01 9.094332e+01 7.789187e+00
3.193750e+00 2.332531e-01 9.103101e+01 7.806431e+00
3.200000e+00 2.355019e-01 9.111976e+01 7.823704e+00
3.206250e+00 2.377708e-01 9.120959e+01 7.841005e+00
3.212500e+00 2.400599e-01 9.130050e+01 7.858337e+00
3.218750e+00 2.423696e-01 9.139252e+01 7.875697e+00
3.225000e+00 2.446998e-01 9.148565e+01 7.893089e+00
3.231250e+00 2.470510e-01 9.157991e+01 7.910510e+00
3.237500e+00 2.494233e-01 9.167530e+01 7.927963e+00
3.243750e+00 2.518169e-01 9.177185e+01 7.945447e+00
3.250000e+00 2.542320e-01 9.186956e+01 7.962962e+00
3.256250e+00 2.566689e-01 9.196845e+01 7.980509e+00
3.262500e+00 2.591278e-01 9.206853e+01 7.998088e+00
3.268750e+00 2.616089e-01 9.216982e+01 8.015700e+00
3.275000e+00 2.641124e-01 9.227233e+01 8.033344e+00
3.281250e+00 2.666386e-01 9.237607e+01 8.051021e+00
3.287500e+00 2.691876e-01 9.248106e+01 8.068732e+00
3.293750e+00 2.717598e-01 9.258732e+01 8.086477e+00
3.300000e+00 2.743554e-01 9.269486e+01 8.104255e+00
3.306250e+00 2.769745e-01 9.280370e+01 8.122069e+00
3.312500e+00 2.796175e-01 9.291385e+01 8.139917e+00
3.318750e+00 2.822846e-01 9.302532e+01 8.157801e+00
3.325000e+00 2.849760e-01 9.313813e+01 8.175720e+00
3.331250e+00 2.876920e-01 9.325230e+01 8.193675e+00
3.337500e+00 2.904328e-01 9.336784e+01 8.211666e+00
3.343750e+00 2.931987e-01 9.348477e+01 8.229693e+00
3.350000e+00 2.959899e-01 9.360310e+01 8.247757e+00
3.356250e+00 2.988068e-01 9.372285e+01 8.265858e+00
3.362500e+00 3.016495e-01 9.384404e+01 8.283997e+00
3.368750e+00 3.045184e-01 9.396669e+01 8.302174e+00
3.375000e+00 3.074137e-01 9.409082e+01 8.320389e+00
3.381250e+00 3.103357e-01 9.421644e+01 8.338643e+00
3.387500e+00 3.132847e-01 9.434357e+01 8.356936e+00
3.393750e+00 3.162610e-01 9.447223e+01 8.375269e+00
3.400000e+00 3.192648e-01 9.460244e+01 8.393642e+00
3.406250e+00 3.222965e-01 9.473421e+01 8.412056e+00
3.412500e+00 3.253564e-01 9.486756e+01 8.430511e+00
3.418750e+00 3.284447e-01 9.500251e+01 8.449007e+00
3.425000e+00 3.315618e-01 9.513909e+01 8.467545e+00
3.431250e+00 3.347080e-01 9.527730e+01 8.486125e+00
3.437500e+00 3.378836e-01 9.541717e+01 8.504747e+00
3.443750e+00 3.410890e-01 9.555872e+01 8.523412e+00
3.450000e+00 3.443244e-01 9.570197e+01 8.542119e+00
3.456250e+00 3.475903e-01 9.584695e+01 8.560870e+00
3.462500e+00 3.508869e-01 9.599366e+01 8.579665e+00
3.468750e+00 3.542147e-01 9.614214e+01 8.598504e+00
3.475000e+00 3.575739e-01 9.629241e+01 8.617388e+00
3.481250e+00 3.609650e-01 9.644449e+01 8.636316e+00
3.487500e+00 3.643883e-01 9.659840e+01 8.655291e+00
3.493750e+00 3.678442e-01 9.675416e+01 8.674312e+00
3.500000e+00 3.713330e-01 9.691179e+01 8.693380e+00
3.506250e+00 3.748552e-01 9.707132e+01 8.712495e+00
3.512500e+00 3.784112e-01 9.723278e+01 8.731659e+00
3.518750e+00 3.820014e-01 9.739617e+01 8.750870e+00
3.525000e+00 3.856261e-01 9.756154e+01 8.770130e+00
3.531250e+00 3.892858e-01 9.772890e+01 8.789439e+00
3.537500e+00 3.929809e-01 9.789828e+01 8.808797e+00
3.543750e+00 3.967119e-01 9.806970e+01 8.828204e+00
3.550000e+00 4.004792e-01 9.824319e+01 8.847661e+00
3.556250e+00 4.042831e-01 9.841878e+01 8.867168e+00
3.562500e+00 4.081243e-01 9.859648e+01 8.886726e+00
3.568750e+00 4.120030e-01 9.877633e+01 8.906335e+00
3.575000e+00 4.159199e-01 9.895835e+01 8.925996e+00
3.581250e+00 4.198753e-01 9.914256e+01 8.945710e+00
3.587500e+00 4.238698e-01 9.932901e+01 8.965478e+00
3.593750e+00 4.279038e-01 9.951771e+01 8.985299e+00
3.600000e+00 4.319779e-01 9.970870e+01 9.005174e+00
3.606250e+00 4.360924e-01 9.990201e+01 9.025103e+00
3.612500e+00 4.402481e-01 1.000977e+02 9.045088e+00
3.618750e+00 4.444453e-01 1.002957e+02 9.065128e+00
3.625000e+00 4.486846e-01 1.004961e+02 9.085223e+00
3.631250e+00 4.529665e-01 1.006990e+02 9.105375e+00
3.637500e+00 4.572916e-01 1.009043e+02 9.125583e+00
3.643750e+00 4.616604e-01 1.011121e+02 9.145848e+00
3.650000e+00 4.660735e-01 1.013225e+02 9.166171e+00
3.656250e+00 4.705315e-01 1.015354e+02 9.186552e+00
3.662500e+00 4.750349e-01 1.017509e+02 9.206991e+00
3.668750e+00 4.795843e-01 1.019690e+02 9.227491e+00
3.675000e+00 4.841804e-01 1.021898e+02 9.248050e+00
3.681250e+00 4.888237e-01 1.024133e+02 9.268669e+00
3.687500e+00 4.935148e-01 1.026396e+02 9.289349e+00
3.693750e+00 4.982544e-01 1.028686e+02 9.310091e+00
3.700000e+00 5.030432e-01 1.031004e+02 9.330894e+00
3.706250e+00 5.078817e-01 1.033350e+02 9.351759e+00
3.712500e+00 5.127707e-01 1.035725e+02 9.372688e+00
3.718750e+00 5.177107e-01 1.038130e+02 9.393679e+00
3.725000e+00 5.227025e-01 1.040564e+02 9.414734e+00
3.731250e+00 5.277469e-01 1.043027e+02 9.435854e+00
3.737500e+00 5.328444e-01 1.045521e+02 9.457039e+00
3.743750e+00 5.379958e-01 1.048046e+02 9.478289e+00
3.750000e+00 5.432018e-01 1.050602e+02 9.499604e+00
3.756250e+00 5.484633e-01 1.053189e+02 9.520987e+00
3.762500e+00 5.537809e-01 1.055809e+02 9.542436e+00
3.768750e+00 5.591554e-01 1.058461e+02 9.563952e+00
3.775000e+00 5.645877e-01 1.061145e+02 9.585537e+00
3.781250e+00 5.700784e-01 1.063863e+02 9.607190e+00
3.787500e+00 5.756285e-01 1.066615e+02 9.628912e+00
3.793750e+00 5.812387e-01 1.069401e+02 9.650704e+00
3.800000e+00 5.869099e-01 1.072221e+02 9.672566e+00
3.806250e+00 5.926430e-01 1.075076e+02 9.694499e+00
3.812500e+00 5.984387e-01 1.077967e+02 9.716503e+00
3.818750e+00 6.042981e-01 1.080894e+02 9.738579e+00
3.825000e+00 6.102220e-01 1.083858e+02 9.760727e+00
3.831250e+00 6.162113e-01 1.086858e+02 9.782949e+00
3.837500e+00 6.222671e-01 1.089896e+02 9.805243e+00
3.843750e+00 6.283902e-01 1.092973e+02 9.827612e+00
3.850000e+00 6.345816e-01 1.096087e+02 9.850055e+00
3.856250e+00 6.408424e-01 1.099241e+02 9.872573e+00
3.862500e+00 6.471734e-01 1.102435e+02 9.895167e+00
3.868750e+00 6.535758e-01 1.105669e+02 9.917837e+00
3.875000e+00 6.600506e-01 1.108944e+02 9.940583e+00
3.881250e+00 6.665989e-01 1.112259e+02 9.963407e+00
3.887500e+00 6.732216e-01 1.115617e+02 9.986309e+00
3.893750e+00 6.799200e-01 1.119017e+02 1.000929e+01
3.900000e+00 6.866952e-01 1.122460e+02 1.003235e+01
3.906250e+00 6.935483e-01 1.125947e+02 1.005548e+01
3.912500e+00 7.004805e-01 1.129478e+02 1.007870e+01
3.918750e+00 7.074930e-01 1.133055e+02 1.010200e+01
3.925000e+00 7.145870e-01 1.136676e+02 1.012538e+01
3.931250e+00 7.217637e-01 1.140344e+02 1.014884e+01
3.937500e+00 7.290244e-01 1.144059e+02 1.017238e+01
3.943750e+00 7.363703e-01 1.147821e+02 1.019601e+01
3.950000e+00 7.438029e-01 1.151631e+02 1.021972e+01
3.956250e+00 7.513233e-01 1.155491e+02 1.024351e+01
3.962500e+00 7.589330e-01 1.159399e+02 1.026738e+01
3.968750e+00 7.666333e-01 1.163359e+02 1.029134e+01
3.975000e+00 7.744256e-01 1.167369e+02 1.031539e+01
3.981250e+00 7.823114e-01 1.171431e+02 1.033952e+01
3.987500e+00 7.902921e-01 1.175545e+02 1.036374e+01
3.993750e+00 7.983692e-01 1.179712e+02 1.038805e+01
4.000000e+00 8.065442e-01 1.183934e+02 1.041244e+01
4.006250e+00 8.148188e-01 1.188210e+02 1.043692e+01
4.012500e+00 8.231944e-01 1.192542e+02 1.046149e+01
4.018750e+00 8.316726e-01 1.196931e+02 1.048615e+01
4.025000e+00 8.402552e-01 1.201376e+02 1.051089e+01
4.031250e+00 8.489437e-01 1.205880e+02 1.053573e+01
4.037500e+00 8.577399e-01 1.210443e+02 1.056066e+01
4.043750e+00 8.666456e-01 1.215065e+02 1.058568e+01
4.050000e+00 8.756624e-01 1.219748e+02 1.061079e+01
4.056250e+00 8.847923e-01 1.224493e+02 1.063599e+01
4.062500e+00 8.940369e-01 1.229300e+02 1.066128e+01
4.068750e+00 9.033983e-01 1.234171e+02 1.068667e+01
4.075000e+00 9.128783e-01 1.239106e+02 1.071215e+01
4.081250e+00 9.224788e-01 1.244106e+02 1.073773e+01
4.087500e+00 9.322020e-01 1.249173e+02 1.076339e+01
4.093750e+00 9.420497e-01 1.254306e+02 1.078916e+01
4.100000e+00 9.520242e-01 1.259509e+02 1.081502e+01
4.106250e+00 9.621274e-01 1.264780e+02 1.084097e+01
4.112500e+00 9.723616e-01 1.270122e+02 1.086702e+01
4.118750e+00 9.827290e-01 1.275536e+02 1.089317e+01
4.125000e+00 9.932317e-01 1.281022e+02 1.091942e+01
4.131250e+00 1.003872e+00 1.286581e+02 1.094576e+01
4.137500e+00 1.014653e+00 1.292216e+02 1.097220e+01
4.143750e+00 1.025575e+00 1.297926e+02 1.099874e+01
4.150000e+00 1.036643e+00 1.303714e+02 1.102538e+01
4.156250e+00 1.047858e+00 1.309579e+02 1.105212e+01
4.162500e+00 1.059223e+00 1.315525e+02 1.107895e+01
4.168750e+00 1.070740e+00 1.321550e+02 1.110589e+01
4.175000e+00 1.082413e+00 1.327658e+02 1.113293e+01
4.181250e+00 1.094243e+00 1.333849e+02 1.116007e+01
4.187500e+00 1.106233e+00 1.340125e+02 1.118731e+01
4.193750e+00 1.118387e+00 1.346487e+02 1.121465e+01
4.200000e+00 1.130708e+00 1.352935e+02 1.124209e+01
4.206250e+00 1.143197e+00 1.359473e+02 1.126964e+01
4.212500e+00 1.155858e+00 1.366100e+02 1.129729e+01
4.218750e+00 1.168695e+00 1.372819e+02 1.132504e+01
4.225000e+00 1.181709e+00 1.379630e+02 1.135290e+01
4.231250e+00 1.194905e+00 1.386536e+02 1.138086e+01
4.237500e+00 1.208286e+00 1.393537e+02 1.140892e+01
4.243750e+00 1.221855e+00 1.400636e+02 1.143709e+01
4.250000e+00 1.235615e+00 1.407833e+02 1.146536e+01
4.256250e+00 1.249570e+00 1.415131e+02 1.149374e+01
4.262500e+00 1.263723e+00 1.422531e+02 1.152222e+01
4.268750e+00 1.278078e+00 1.430035e+02 1.155081e+01
4.275000e+00 1.292638e+00 1.437644e+02 1.157950e+01
4.281250e+00 1.307408e+00 1.445360e+02 1.160831e+01
4.287500e+00 1.322392e+00 1.453185e+02 1.163721e+01
4.293750e+00 1.337592e+00 1.461121e+02 1.166623e+01
4.300000e+00 1.353013e+00 1.469169e+02 1.169535e+01
4.306250e+00 1.368660e+00 1.477331e+02 1.172458e+01
4.312500e+00 1.384536e+00 1.485609e+02 1.175391e+01
4.318750e+00 1.400646e+00 1.494005e+02 1.178336e+01
4.325000e+00 1.416993e+00 1.502521e+02 1.181291e+01
4.331250e+00 1.433584e+00 1.511159e+02 1.184256e+01
4.337500e+00 1.450421e+00 1.519921e+02 1.187233e+01
4.343750e+00 1.467510e+00 1.528809e+02 1.190221e+01
4.350000e+00 1.484855e+00 1.537824e+02 1.193219e+01
4.356250e+00 1.502462e+00 1.546970e+02 1.196228e+01
4.362500e+00 1.520335e+00 1.556249e+02 1.199248e+01
4.368750e+00 1.538479e+00 1.565661e+02 1.202279e+01
4.375000e+00 1.556900e+00 1.575211e+02 1.205321e+01
4.381250e+00 1.575603e+00 1.584900e+02 1.208374e+01
4.387500e+00 1.594593e+00 1.594730e+02 1.211438e+01
4.393750e+00 1.613876e+00 1.604704e+02 1.214512e+01
4.400000e+00 1.633458e+00 1.614825e+02 1.217598e+01
4.406250e+00 1.653345e+00 1.625094e+02 1.220694e+01
4.412500e+00 1.673541e+00 1.635515e+02 1.223801e+01
4.418750e+00 1.694054e+00 1.646089e+02 1.226920e+01
4.425000e+00 1.714890e+00 1.656821e+02 1.230049e+01
4.431250e+00 1.736055e+00 1.667711e+02 1.233189e+01
4.437500e+00 1.757556e+00 1.678764e+02 1.236340e+01
4.443750e+00 1.779399e+00 1.689981e+02 1.239503e+01
4.450000e+00 1.801590e+00 1.701366e+02 1.242676e+01
4.456250e+00 1.824138e+00 1.712922e+02 1.245859e+01
4.462500e+00 1.847050e+00 1.724651e+02 1.249054e+01
4.468750e+00 1.870331e+00 1.736557e+02 1.252260e+01
4.475000e+00 1.893991e+00 1.748643e+02 1.255477e+01
4.481250e+00 1.918036e+00 1.760911e+02 1.258704e+01
4.487500e+00 1.942475e+00 1.773366e+02 1.261943e+01
4.493750e+00 1.967316e+00 1.786010e+02 1.265192e+01
4.500000e+00 1.992566e+00 1.798846e+02 1.268453e+01
4.506250e+00 2.018235e+00 1.811880e+02 1.271724e+01
4.512500e+00 2.044330e+00 1.825112e+02 1.275005e+01
4.518750e+00 2.070861e+00 1.838548e+02 1.278298e+01
4.525000e+00 2.097836e+00 1.852191e+02 1.281602e+01
4.531250e+00 2.125266e+00 1.866045e+02 1.284916e+01
4.537500e+00 2.153158e+00 1.880113e+02 1.288241e+01
4.543750e+00 2.181524e+00 1.894400e+02 1.291577e+01
4.550000e+00 2.210373e+00 1.908908e+02 1.294923e+01
4.556250e+00 2.239715e+00 1.923644e+02 1.298280e+01
4.562500e+00 2.269560e+00 1.938609e+02 1.301648e+01
4.568750e+00 2.299920e+00 1.953809e+02 1.305026e+01
4.575000e+00 2.330805e+00 1.969249e+02 1.308415e+01
4.581250e+00 2.362227e+00 1.984932e+02 1.311815e+01
4.587500e+00 2.394197e+00 2.000862e+02 1.315225e+01
4.593750e+00 2.426726e+00 2.017046e+02 1.318645e+01
4.600000e+00 2.459827e+00 2.033486e+02 1.322076e+01
4.606250e+00 2.493512e+00 2.050189e+02 1.325518e+01
4.612500e+00 2.527794e+00 2.067158e+02 1.328969e+01
4.618750e+00 2.562686e+00 2.084400e+02 1.332431e+01
4.625000e+00 2.598201e+00 2.101919e+02 1.335904e+01
4.631250e+00 2.634353e+00 2.119720e+02 1.339386e+01
4.637500e+00 2.671156e+00 2.137809e+02 1.342879e+01
4.643750e+00 2.708625e+00 2.156190e+02 1.346382e+01
4.650000e+00 2.746773e+00 2.174871e+02 1.349895e+01
4.656250e+00 2.785616e+00 2.193856e+02 1.353418e+01
4.662500e+00 2.825170e+00 2.213151e+02 1.356951e+01
4.668750e+00 2.865451e+00 2.232763e+02 1.360494e+01
4.675000e+00 2.906474e+00 2.252697e+02 1.364047e+01
4.681250e+00 2.948257e+00 2.272960e+02 1.367610e+01
4.687500e+00 2.990817e+00 2.293558e+02 1.371183e+01
4.693750e+00 3.034171e+00 2.314497e+02 1.374765e+01
4.700000e+00 3.078337e+00 2.335785e+02 1.378357e+01
4.706250e+00 3.123334e+00 2.357428e+02 1.381959e+01
4.712500e+00 3.169182e+00 2.379433e+02 1.385570e+01
4.718750e+00 3.215898e+00 2.401807e+02 1.389191e+01
4.725000e+00 3.263505e+00 2.424558e+02 1.392822e+01
4.731250e+00 3.312024e+00 2.447696e+02 1.396462e+01
4.737500e+00 3.361470e+00 2.471219e+02 1.400110e+01
4.743750e+00 3.411855e+00 2.495126e+02 1.403763e+01
4.750000e+00 3.463243e+00 2.519473e+02 1.407434e+01
4.756250e+00 3.515736e+00 2.544365e+02 1.411147e+01
4.762500e+00 3.569131e+00 2.569536e+02 1.414831e+01
4.768750e+00 3.622764e+00 2.594178e+02 1.418281e+01
4.775000e+00 3.677822e+00 2.619693e+02 1.421855e+01
4.781250e+00 3.739749e+00 2.652459e+02 1.427114e+01
4.787500e+00 3.803721e+00 2.686513e+02 1.432478e+01
4.793750e+00 3.836027e+00 2.691579e+02 1.431086e+01
4.800000e+00 3.810988e+00 2.631496e+02 1.413167e+01
4.806250e+00 3.371395e+00 2.068545e+02 1.260831e+01
4.812500e+00 1.811419e+00 5.456803e+01 5.898036e+00
4.818750e+00 1.026494e+00 4.261871e-02 4.961740e-02
4.825000e+00 1.000000e+00 1.000000e-05 -1.888553e-22
4.831250e+00 1.000000e+00 1.000000e-05 0.000000e+00
4.837500e+00 1.000000e+00 1.000000e-05 0.000000e+00
4.843750e+00 1.000000e+00 1.000000e-05 0.000000e+00
4.850000e+00 1.000000e+00 1.000000e-05 0.000000e+00
4.856250e+00 1.000000e+00 1.000000e-05 0.000000e+00
4.862500e+00 1.000000e+00 1.000000e-05 0.000000e+00
4.868750e+00 1.000000e+00 1.000000e-05 0.000000e+00
4.875000e+00 1.000000e+00 1.000000e-05 0.000000e+00
4.881250e+00 1.000000e+00 1.000000e-05 0.000000e+00
4.887500e+00 1.000000e+00 1.000000e-05 0.000000e+00
4.893750e+00 1.000000e+00 1.000000e-05 0.000000e+00
4.900000e+00 1.000000e+00 1.000000e-05 0.000000e+00
4.906250e+00 1.000000e+00 1.000000e-05 0.000000e+00
4.912500e+00 1.000000e+00 1.000000e-05 0.000000e+00
4.918750e+00 1.000000e+00 1.000000e-05 0.000000e+00
4.925000e+00 1.000000e+00 1.000000e-05 0.000000e+00
4.931250e+00 1.000000e+00 1.000000e-05 0.000000e+00
4.937500e+00 1.000000e+00 1.000000e-05 0.000000e+00
4.943750e+00 1.000000e+00 1.000000e-05 0.000000e+00
4.950000e+00 1.000000e+00 1.000000e-05 0.000000e+00
4.956250e+00 1.000000e+00 1.000000e-05 0.000000e+00
4.962500e+00 1.000000e+00 1.000000e-05 0.000000e+00
4.968750e+00 1.000000e+00 1.000000e-05 0.000000e+00
4.975000e+00 1.000000e+00 1.000000e-05 0.000000e+00
4.981250e+00 1.000000e+00 1.000000e-05 0.000000e+00
4.987500e+00 1.000000e+00 1.000000e-05 0.000000e+00
4.993750e+00 1.000000e+00 1.000000e-05 0.000000e+00
