# Michel's model for spherical accretion 
# Model parameters: gamma = 1.33333333333 , a_inf = 0.05
# a_max = 0.5773502691896257
# Critical values: r_c = 103.333174578041 , v_c = 0.06956088779868647
#                  a_c = 0.0700713299996919 , rho_c = 7.743688457440803
# Accretion rate: alpha = 5751.651082764081
# Units: length = M, velocity = c, density = rho_inf
# Columns: radius, density, velocity, sound_speed
2.500000e+00 1.121997e+03 2.202553e+01 8.202019e-01 1.557837e-01 -1.963204e+00 -3.926409e-01 8.779717e-01
3.746867e+00 6.251632e+02 1.009862e+01 6.553338e-01 1.422353e-01 -1.014121e+00 -4.728040e-01 6.924451e-01
4.993734e+00 4.140466e+02 5.830017e+00 5.570477e-01 1.333157e-01 -7.542676e-01 -4.521820e-01 5.840088e-01
6.240602e+00 3.013966e+02 3.817583e+00 4.900059e-01 1.267834e-01 -6.198630e-01 -4.212081e-01 5.109709e-01
7.487469e+00 2.328756e+02 2.706675e+00 4.405534e-01 1.216908e-01 -5.344981e-01 -3.917267e-01 4.575775e-01
8.734336e+00 1.874747e+02 2.027034e+00 4.021519e-01 1.175532e-01 -4.742160e-01 -3.656294e-01 4.163981e-01
9.981203e+00 1.555205e+02 1.579989e+00 3.712267e-01 1.140914e-01 -4.287720e-01 -3.428561e-01 3.834151e-01
1.122807e+01 1.319965e+02 1.269659e+00 3.456368e-01 1.111306e-01 -3.929559e-01 -3.229607e-01 3.562433e-01
1.247494e+01 1.140658e+02 1.045069e+00 3.240114e-01 1.085546e-01 -3.638024e-01 -3.054771e-01 3.333666e-01
1.372180e+01 1.000145e+02 8.770440e-01 3.054268e-01 1.062826e-01 -3.394834e-01 -2.900025e-01 3.137691e-01
1.496867e+01 8.875145e+01 7.478905e-01 2.892348e-01 1.042562e-01 -3.188031e-01 -2.762070e-01 2.967417e-01
1.621554e+01 7.955208e+01 6.463576e-01 2.749655e-01 1.024318e-01 -3.009420e-01 -2.638242e-01 2.817726e-01
1.746241e+01 7.191807e+01 5.650082e-01 2.622686e-01 1.007764e-01 -2.853173e-01 -2.526394e-01 2.684816e-01
1.870927e+01 6.549641e+01 4.987628e-01 2.508772e-01 9.926405e-02 -2.715018e-01 -2.424786e-01 2.565802e-01
1.995614e+01 6.003070e+01 4.440535e-01 2.405836e-01 9.787426e-02 -2.591743e-01 -2.331999e-01 2.458443e-01
2.120301e+01 5.533059e+01 3.983130e-01 2.312237e-01 9.659052e-02 -2.480880e-01 -2.246868e-01 2.360977e-01
2.244987e+01 5.125210e+01 3.596551e-01 2.226656e-01 9.539936e-02 -2.380497e-01 -2.168425e-01 2.271988e-01
2.369674e+01 4.768443e+01 3.266677e-01 2.148022e-01 9.428962e-02 -2.289058e-01 -2.095862e-01 2.190331e-01
2.494361e+01 4.454110e+01 2.982762e-01 2.075454e-01 9.325200e-02 -2.205325e-01 -2.028500e-01 2.115065e-01
2.619048e+01 4.175368e+01 2.736511e-01 2.008218e-01 9.227865e-02 -2.128284e-01 -1.965761e-01 2.045409e-01
2.743734e+01 3.926740e+01 2.521430e-01 1.945702e-01 9.136289e-02 -2.057102e-01 -1.907153e-01 1.980709e-01
2.868421e+01 3.703792e+01 2.332381e-01 1.887384e-01 9.049901e-02 -1.991081e-01 -1.852253e-01 1.920413e-01
2.993108e+01 3.502901e+01 2.165249e-01 1.832821e-01 8.968208e-02 -1.929635e-01 -1.800697e-01 1.864052e-01
3.117794e+01 3.321080e+01 2.016709e-01 1.781633e-01 8.890780e-02 -1.872268e-01 -1.752166e-01 1.811221e-01
3.242481e+01 3.155847e+01 1.884048e-01 1.733491e-01 8.817244e-02 -1.818553e-01 -1.706383e-01 1.761575e-01
3.367168e+01 3.005123e+01 1.765037e-01 1.688110e-01 8.747270e-02 -1.768126e-01 -1.663105e-01 1.714812e-01
3.491855e+01 2.867154e+01 1.657825e-01 1.645240e-01 8.680568e-02 -1.720670e-01 -1.622117e-01 1.670667e-01
3.616541e+01 2.740452e+01 1.560871e-01 1.604662e-01 8.616881e-02 -1.675910e-01 -1.583230e-01 1.628911e-01
3.741228e+01 2.623747e+01 1.472878e-01 1.566182e-01 8.555979e-02 -1.633604e-01 -1.546274e-01 1.589340e-01
3.865915e+01 2.515948e+01 1.392750e-01 1.529630e-01 8.497658e-02 -1.593541e-01 -1.511101e-01 1.551773e-01
3.990602e+01 2.416115e+01 1.319555e-01 1.494852e-01 8.441734e-02 -1.555533e-01 -1.477573e-01 1.516052e-01
4.115288e+01 2.323431e+01 1.252498e-01 1.461714e-01 8.388040e-02 -1.519414e-01 -1.445572e-01 1.482033e-01
4.239975e+01 2.237186e+01 1.190895e-01 1.430092e-01 8.336427e-02 -1.485036e-01 -1.414987e-01 1.449588e-01
4.364662e+01 2.156757e+01 1.134155e-01 1.399878e-01 8.286760e-02 -1.452267e-01 -1.385720e-01 1.418603e-01
4.489348e+01 2.081601e+01 1.081768e-01 1.370972e-01 8.238915e-02 -1.420987e-01 -1.357683e-01 1.388974e-01
4.614035e+01 2.011234e+01 1.033287e-01 1.343285e-01 8.192780e-02 -1.391091e-01 -1.330793e-01 1.360608e-01
4.738722e+01 1.945232e+01 9.883240e-02 1.316736e-01 8.148253e-02 -1.362482e-01 -1.304978e-01 1.333420e-01
4.863409e+01 1.883217e+01 9.465378e-02 1.291251e-01 8.105238e-02 -1.335072e-01 -1.280169e-01 1.307332e-01
4.988095e+01 1.824853e+01 9.076278e-02 1.266763e-01 8.063650e-02 -1.308782e-01 -1.256305e-01 1.282275e-01
5.112782e+01 1.769838e+01 8.713289e-02 1.243210e-01 8.023410e-02 -1.283540e-01 -1.233330e-01 1.258185e-01
5.237469e+01 1.717905e+01 8.374062e-02 1.220536e-01 7.984444e-02 -1.259280e-01 -1.211192e-01 1.235002e-01
5.362155e+01 1.668811e+01 8.056508e-02 1.198689e-01 7.946684e-02 -1.235942e-01 -1.189843e-01 1.212673e-01
5.486842e+01 1.622339e+01 7.758768e-02 1.177623e-01 7.910068e-02 -1.213470e-01 -1.169238e-01 1.191149e-01
5.611529e+01 1.578292e+01 7.479179e-02 1.157291e-01 7.874539e-02 -1.191815e-01 -1.149338e-01 1.170384e-01
5.736216e+01 1.536493e+01 7.216252e-02 1.137656e-01 7.840041e-02 -1.170930e-01 -1.130104e-01 1.150335e-01
5.860902e+01 1.496781e+01 6.968650e-02 1.118678e-01 7.806525e-02 -1.150770e-01 -1.111501e-01 1.130965e-01
5.985589e+01 1.459010e+01 6.735168e-02 1.100324e-01 7.773944e-02 -1.131297e-01 -1.093497e-01 1.112237e-01
6.110276e+01 1.423045e+01 6.514720e-02 1.082561e-01 7.742254e-02 -1.112475e-01 -1.076061e-01 1.094117e-01
6.234962e+01 1.388766e+01 6.306324e-02 1.065358e-01 7.711416e-02 -1.094268e-01 -1.059167e-01 1.076574e-01
6.359649e+01 1.356061e+01 6.109089e-02 1.048690e-01 7.681389e-02 -1.076645e-01 -1.042786e-01 1.059580e-01
6.484336e+01 1.324828e+01 5.922207e-02 1.032528e-01 7.652140e-02 -1.059577e-01 -1.026895e-01 1.043108e-01
6.609023e+01 1.294975e+01 5.744943e-02 1.016850e-01 7.623634e-02 -1.043036e-01 -1.011472e-01 1.027132e-01
6.733709e+01 1.266414e+01 5.576627e-02 1.001632e-01 7.595840e-02 -1.026997e-01 -9.964935e-02 1.011630e-01
6.858396e+01 1.239067e+01 5.416646e-02 9.868534e-02 7.568729e-02 -1.011435e-01 -9.819407e-02 9.965790e-02
6.983083e+01 1.212861e+01 5.264440e-02 9.724943e-02 7.542271e-02 -9.963299e-02 -9.677943e-02 9.819585e-02
7.107769e+01 1.187729e+01 5.119498e-02 9.585359e-02 7.516442e-02 -9.816590e-02 -9.540368e-02 9.677494e-02
7.232456e+01 1.163609e+01 4.981348e-02 9.449608e-02 7.491217e-02 -9.674032e-02 -9.406515e-02 9.539336e-02
7.357143e+01 1.140443e+01 4.849558e-02 9.317525e-02 7.466571e-02 -9.535442e-02 -9.276226e-02 9.404941e-02
7.481830e+01 1.118178e+01 4.723730e-02 9.188956e-02 7.442483e-02 -9.400646e-02 -9.149353e-02 9.274148e-02
7.606516e+01 1.096763e+01 4.603498e-02 9.063753e-02 7.418932e-02 -9.269483e-02 -9.025758e-02 9.146809e-02
7.731203e+01 1.076154e+01 4.488521e-02 8.941780e-02 7.395898e-02 -9.141799e-02 -8.905308e-02 9.022779e-02
7.855890e+01 1.056307e+01 4.378488e-02 8.822907e-02 7.373362e-02 -9.017451e-02 -8.787879e-02 8.901925e-02
7.980576e+01 1.037182e+01 4.273109e-02 8.707010e-02 7.351307e-02 -8.896302e-02 -8.673353e-02 8.784121e-02
8.105263e+01 1.018742e+01 4.172116e-02 8.593975e-02 7.329715e-02 -8.778225e-02 -8.561619e-02 8.669246e-02
8.229950e+01 1.000952e+01 4.075259e-02 8.483690e-02 7.308570e-02 -8.663098e-02 -8.452572e-02 8.557187e-02
8.354637e+01 9.837802e+00 3.982308e-02 8.376051e-02 7.287858e-02 -8.550806e-02 -8.346110e-02 8.447838e-02
8.479323e+01 9.671953e+00 3.893047e-02 8.270961e-02 7.267563e-02 -8.441240e-02 -8.242138e-02 8.341095e-02
8.604010e+01 9.511691e+00 3.807276e-02 8.168324e-02 7.247672e-02 -8.334298e-02 -8.140568e-02 8.236864e-02
8.728697e+01 9.356749e+00 3.724809e-02 8.068053e-02 7.228171e-02 -8.229883e-02 -8.041312e-02 8.135051e-02
8.853383e+01 9.206875e+00 3.645472e-02 7.970062e-02 7.209047e-02 -8.127900e-02 -7.944289e-02 8.035570e-02
8.978070e+01 9.061835e+00 3.569102e-02 7.874272e-02 7.190290e-02 -8.028264e-02 -7.849422e-02 7.938339e-02
9.102757e+01 8.921406e+00 3.495547e-02 7.780605e-02 7.171887e-02 -7.930888e-02 -7.756636e-02 7.843278e-02
9.227444e+01 8.785379e+00 3.424665e-02 7.688989e-02 7.153827e-02 -7.835696e-02 -7.665861e-02 7.750313e-02
9.352130e+01 8.653559e+00 3.356323e-02 7.599354e-02 7.136099e-02 -7.742609e-02 -7.577030e-02 7.659372e-02
9.476817e+01 8.525761e+00 3.290397e-02 7.511634e-02 7.118694e-02 -7.651557e-02 -7.490078e-02 7.570387e-02
9.601504e+01 8.401809e+00 3.226769e-02 7.425765e-02 7.101603e-02 -7.562471e-02 -7.404944e-02 7.483293e-02
9.726190e+01 8.281539e+00 3.165329e-02 7.341689e-02 7.084815e-02 -7.475285e-02 -7.321570e-02 7.398028e-02
9.850877e+01 8.164795e+00 3.105974e-02 7.259345e-02 7.068322e-02 -7.389936e-02 -7.239900e-02 7.314533e-02
9.975564e+01 8.051429e+00 3.048607e-02 7.178681e-02 7.052115e-02 -7.306365e-02 -7.159879e-02 7.232751e-02
1.010025e+02 7.941303e+00 2.993136e-02 7.099642e-02 7.036187e-02 -7.224514e-02 -7.081458e-02 7.152628e-02
1.022494e+02 7.834284e+00 2.939476e-02 7.022179e-02 7.020529e-02 -7.144330e-02 -7.004586e-02 7.074113e-02
1.034962e+02 7.730248e+00 2.887544e-02 6.946243e-02 7.005134e-02 -7.065759e-02 -6.929218e-02 6.997155e-02
1.047431e+02 7.629075e+00 2.837265e-02 6.871788e-02 6.989995e-02 -6.988752e-02 -6.855307e-02 6.921708e-02
1.059900e+02 7.530654e+00 2.788566e-02 6.798769e-02 6.975105e-02 -6.913261e-02 -6.782810e-02 6.847725e-02
1.072368e+02 7.434877e+00 2.741379e-02 6.727144e-02 6.960457e-02 -6.839240e-02 -6.711687e-02 6.775163e-02
1.084837e+02 7.341643e+00 2.695639e-02 6.656872e-02 6.946045e-02 -6.766646e-02 -6.641896e-02 6.703981e-02
1.097306e+02 7.250856e+00 2.651285e-02 6.587914e-02 6.931863e-02 -6.695435e-02 -6.573401e-02 6.634138e-02
1.109774e+02 7.162424e+00 2.608259e-02 6.520233e-02 6.917904e-02 -6.625568e-02 -6.506164e-02 6.565595e-02
1.122243e+02 7.076259e+00 2.566507e-02 6.453791e-02 6.904163e-02 -6.557006e-02 -6.440150e-02 6.498315e-02
1.134712e+02 6.992279e+00 2.525975e-02 6.388555e-02 6.890634e-02 -6.489711e-02 -6.375325e-02 6.432264e-02
1.147180e+02 6.910405e+00 2.486616e-02 6.324491e-02 6.877313e-02 -6.423647e-02 -6.311657e-02 6.367406e-02
1.159649e+02 6.830560e+00 2.448382e-02 6.261567e-02 6.864193e-02 -6.358781e-02 -6.249113e-02 6.303709e-02
1.172118e+02 6.752674e+00 2.411229e-02 6.199751e-02 6.851270e-02 -6.295078e-02 -6.187665e-02 6.241140e-02
1.184586e+02 6.676677e+00 2.375115e-02 6.139014e-02 6.838540e-02 -6.232508e-02 -6.127281e-02 6.179671e-02
1.197055e+02 6.602504e+00 2.339999e-02 6.079328e-02 6.825997e-02 -6.171039e-02 -6.067935e-02 6.119270e-02
1.209524e+02 6.530091e+00 2.305843e-02 6.020664e-02 6.813637e-02 -6.110642e-02 -6.009600e-02 6.059910e-02
1.221992e+02 6.459381e+00 2.272612e-02 5.962997e-02 6.801456e-02 -6.051288e-02 -5.952248e-02 6.001564e-02
1.234461e+02 6.390314e+00 2.240270e-02 5.906299e-02 6.789450e-02 -5.992950e-02 -5.895856e-02 5.944205e-02
1.246930e+02 6.322837e+00 2.208785e-02 5.850548e-02 6.777614e-02 -5.935601e-02 -5.840398e-02 5.887807e-02
1.259398e+02 6.256897e+00 2.178125e-02 5.795717e-02 6.765944e-02 -5.879217e-02 -5.785851e-02 5.832347e-02
1.271867e+02 6.192444e+00 2.148260e-02 5.741785e-02 6.754438e-02 -5.823772e-02 -5.732193e-02 5.777801e-02
1.284336e+02 6.129430e+00 2.119162e-02 5.688729e-02 6.743090e-02 -5.769242e-02 -5.679402e-02 5.724146e-02
1.296805e+02 6.067808e+00 2.090803e-02 5.636528e-02 6.731899e-02 -5.715605e-02 -5.627456e-02 5.671359e-02
1.309273e+02 6.007536e+00 2.063158e-02 5.585160e-02 6.720859e-02 -5.662838e-02 -5.576335e-02 5.619420e-02
1.321742e+02 5.948569e+00 2.036202e-02 5.534606e-02 6.709969e-02 -5.610921e-02 -5.526019e-02 5.568308e-02
1.334211e+02 5.890869e+00 2.009910e-02 5.484846e-02 6.699224e-02 -5.559832e-02 -5.476489e-02 5.518003e-02
1.346679e+02 5.834396e+00 1.984260e-02 5.435861e-02 6.688621e-02 -5.509551e-02 -5.427727e-02 5.468486e-02
1.359148e+02 5.779112e+00 1.959231e-02 5.387633e-02 6.678158e-02 -5.460060e-02 -5.379715e-02 5.419738e-02
1.371617e+02 5.724982e+00 1.934801e-02 5.340144e-02 6.667832e-02 -5.411339e-02 -5.332434e-02 5.371742e-02
1.384085e+02 5.671970e+00 1.910950e-02 5.293378e-02 6.657639e-02 -5.363370e-02 -5.285869e-02 5.324479e-02
1.396554e+02 5.620045e+00 1.887660e-02 5.247317e-02 6.647577e-02 -5.316136e-02 -5.240004e-02 5.277932e-02
1.409023e+02 5.569174e+00 1.864912e-02 5.201946e-02 6.637644e-02 -5.269620e-02 -5.194821e-02 5.232087e-02
1.421491e+02 5.519326e+00 1.842689e-02 5.157249e-02 6.627836e-02 -5.223805e-02 -5.150307e-02 5.186926e-02
1.433960e+02 5.470472e+00 1.820974e-02 5.113212e-02 6.618151e-02 -5.178675e-02 -5.106446e-02 5.142434e-02
1.446429e+02 5.422583e+00 1.799751e-02 5.069818e-02 6.608586e-02 -5.134216e-02 -5.063224e-02 5.098596e-02
1.458897e+02 5.375631e+00 1.779003e-02 5.027055e-02 6.599140e-02 -5.090411e-02 -5.020627e-02 5.055399e-02
1.471366e+02 5.329592e+00 1.758717e-02 4.984908e-02 6.589810e-02 -5.047248e-02 -4.978641e-02 5.012827e-02
1.483835e+02 5.284439e+00 1.738879e-02 4.943365e-02 6.580593e-02 -5.004710e-02 -4.937254e-02 4.970868e-02
1.496303e+02 5.240147e+00 1.719473e-02 4.902412e-02 6.571488e-02 -4.962786e-02 -4.896452e-02 4.929507e-02
1.508772e+02 5.196693e+00 1.700488e-02 4.862037e-02 6.562492e-02 -4.921461e-02 -4.856223e-02 4.888733e-02
1.521241e+02 5.154055e+00 1.681910e-02 4.822227e-02 6.553603e-02 -4.880723e-02 -4.816556e-02 4.848533e-02
1.533709e+02 5.112210e+00 1.663728e-02 4.782971e-02 6.544820e-02 -4.840560e-02 -4.777437e-02 4.808895e-02
1.546178e+02 5.071137e+00 1.645930e-02 4.744257e-02 6.536139e-02 -4.800958e-02 -4.738857e-02 4.769807e-02
1.558647e+02 5.030816e+00 1.628503e-02 4.706074e-02 6.527560e-02 -4.761907e-02 -4.700804e-02 4.731257e-02
1.571115e+02 4.991226e+00 1.611439e-02 4.668412e-02 6.519080e-02 -4.723395e-02 -4.663267e-02 4.693235e-02
1.583584e+02 4.952350e+00 1.594725e-02 4.631259e-02 6.510697e-02 -4.685411e-02 -4.626237e-02 4.655730e-02
1.596053e+02 4.914167e+00 1.578353e-02 4.594605e-02 6.502411e-02 -4.647944e-02 -4.589701e-02 4.618731e-02
1.608521e+02 4.876662e+00 1.562311e-02 4.558440e-02 6.494218e-02 -4.610984e-02 -4.553652e-02 4.582228e-02
1.620990e+02 4.839815e+00 1.546592e-02 4.522755e-02 6.486118e-02 -4.574520e-02 -4.518079e-02 4.546212e-02
1.633459e+02 4.803611e+00 1.531186e-02 4.487541e-02 6.478108e-02 -4.538543e-02 -4.482973e-02 4.510672e-02
1.645927e+02 4.768034e+00 1.516084e-02 4.452787e-02 6.470188e-02 -4.503042e-02 -4.448325e-02 4.475600e-02
1.658396e+02 4.733067e+00 1.501277e-02 4.418485e-02 6.462355e-02 -4.468009e-02 -4.414126e-02 4.440986e-02
1.670865e+02 4.698696e+00 1.486759e-02 4.384626e-02 6.454608e-02 -4.433434e-02 -4.380367e-02 4.406821e-02
1.683333e+02 4.664907e+00 1.472521e-02 4.351203e-02 6.446945e-02 -4.399309e-02 -4.347040e-02 4.373096e-02
1.695802e+02 4.631684e+00 1.458555e-02 4.318205e-02 6.439365e-02 -4.365624e-02 -4.314137e-02 4.339804e-02
1.708271e+02 4.599015e+00 1.444854e-02 4.285626e-02 6.431867e-02 -4.332372e-02 -4.281650e-02 4.306936e-02
1.720739e+02 4.566886e+00 1.431411e-02 4.253458e-02 6.424450e-02 -4.299544e-02 -4.249570e-02 4.274484e-02
1.733208e+02 4.535285e+00 1.418220e-02 4.221693e-02 6.417111e-02 -4.267131e-02 -4.217892e-02 4.242440e-02
1.745677e+02 4.504198e+00 1.405273e-02 4.190323e-02 6.409849e-02 -4.235127e-02 -4.186606e-02 4.210797e-02
1.758145e+02 4.473614e+00 1.392565e-02 4.159341e-02 6.402664e-02 -4.203524e-02 -4.155706e-02 4.179547e-02
1.770614e+02 4.443520e+00 1.380089e-02 4.128740e-02 6.395554e-02 -4.172314e-02 -4.125185e-02 4.148683e-02
1.783083e+02 4.413907e+00 1.367839e-02 4.098513e-02 6.388518e-02 -4.141490e-02 -4.095037e-02 4.118198e-02
1.795551e+02 4.384762e+00 1.355810e-02 4.068654e-02 6.381554e-02 -4.111045e-02 -4.065253e-02 4.088085e-02
1.808020e+02 4.356076e+00 1.343996e-02 4.039156e-02 6.374662e-02 -4.080971e-02 -4.035828e-02 4.058337e-02
1.820489e+02 4.327837e+00 1.332392e-02 4.010012e-02 6.367840e-02 -4.051264e-02 -4.006756e-02 4.028949e-02
1.832957e+02 4.300035e+00 1.320992e-02 3.981217e-02 6.361087e-02 -4.021915e-02 -3.978030e-02 3.999912e-02
1.845426e+02 4.272661e+00 1.309791e-02 3.952763e-02 6.354402e-02 -3.992918e-02 -3.949645e-02 3.971223e-02
1.857895e+02 4.245706e+00 1.298785e-02 3.924645e-02 6.347784e-02 -3.964268e-02 -3.921593e-02 3.942873e-02
1.870363e+02 4.219160e+00 1.287969e-02 3.896858e-02 6.341232e-02 -3.935958e-02 -3.893871e-02 3.914858e-02
1.882832e+02 4.193014e+00 1.277338e-02 3.869395e-02 6.334744e-02 -3.907982e-02 -3.866471e-02 3.887171e-02
1.895301e+02 4.167259e+00 1.266888e-02 3.842251e-02 6.328321e-02 -3.880335e-02 -3.839388e-02 3.859807e-02
1.907769e+02 4.141888e+00 1.256614e-02 3.815421e-02 6.321960e-02 -3.853010e-02 -3.812617e-02 3.832761e-02
1.920238e+02 4.116891e+00 1.246512e-02 3.788899e-02 6.315662e-02 -3.826003e-02 -3.786154e-02 3.806026e-02
1.932707e+02 4.092261e+00 1.236579e-02 3.762680e-02 6.309424e-02 -3.799307e-02 -3.759991e-02 3.779598e-02
1.945175e+02 4.067990e+00 1.226810e-02 3.736759e-02 6.303246e-02 -3.772918e-02 -3.734126e-02 3.753472e-02
1.957644e+02 4.044071e+00 1.217201e-02 3.711131e-02 6.297128e-02 -3.746831e-02 -3.708552e-02 3.727642e-02
1.970113e+02 4.020496e+00 1.207750e-02 3.685791e-02 6.291068e-02 -3.721039e-02 -3.683264e-02 3.702104e-02
1.982581e+02 3.997258e+00 1.198451e-02 3.660735e-02 6.285065e-02 -3.695539e-02 -3.658259e-02 3.676852e-02
1.995050e+02 3.974350e+00 1.189302e-02 3.635957e-02 6.279118e-02 -3.670326e-02 -3.633532e-02 3.651883e-02
2.007519e+02 3.951766e+00 1.180300e-02 3.611454e-02 6.273228e-02 -3.645395e-02 -3.609077e-02 3.627191e-02
2.019987e+02 3.929498e+00 1.171441e-02 3.587220e-02 6.267392e-02 -3.620741e-02 -3.584892e-02 3.602772e-02
2.032456e+02 3.907541e+00 1.162721e-02 3.563253e-02 6.261610e-02 -3.596360e-02 -3.560970e-02 3.578621e-02
2.044925e+02 3.885888e+00 1.154138e-02 3.539546e-02 6.255882e-02 -3.572247e-02 -3.537309e-02 3.554735e-02
2.057393e+02 3.864533e+00 1.145689e-02 3.516097e-02 6.250206e-02 -3.548398e-02 -3.513904e-02 3.531109e-02
2.069862e+02 3.843470e+00 1.137371e-02 3.492900e-02 6.244582e-02 -3.524809e-02 -3.490751e-02 3.507739e-02
2.082331e+02 3.822693e+00 1.129181e-02 3.469953e-02 6.239010e-02 -3.501476e-02 -3.467846e-02 3.484620e-02
2.094799e+02 3.802198e+00 1.121115e-02 3.447251e-02 6.233487e-02 -3.478395e-02 -3.445185e-02 3.461750e-02
2.107268e+02 3.781977e+00 1.113173e-02 3.424791e-02 6.228014e-02 -3.455561e-02 -3.422765e-02 3.439124e-02
2.119737e+02 3.762027e+00 1.105350e-02 3.402568e-02 6.222590e-02 -3.432972e-02 -3.400581e-02 3.416738e-02
2.132206e+02 3.742341e+00 1.097645e-02 3.380579e-02 6.217215e-02 -3.410622e-02 -3.378631e-02 3.394589e-02
2.144674e+02 3.722915e+00 1.090054e-02 3.358821e-02 6.211886e-02 -3.388509e-02 -3.356910e-02 3.372672e-02
2.157143e+02 3.703743e+00 1.082577e-02 3.337289e-02 6.206605e-02 -3.366629e-02 -3.335415e-02 3.350985e-02
2.169612e+02 3.684822e+00 1.075209e-02 3.315981e-02 6.201371e-02 -3.344978e-02 -3.314143e-02 3.329524e-02
2.182080e+02 3.666146e+00 1.067949e-02 3.294894e-02 6.196181e-02 -3.323552e-02 -3.293090e-02 3.308286e-02
2.194549e+02 3.647710e+00 1.060794e-02 3.274023e-02 6.191037e-02 -3.302349e-02 -3.272253e-02 3.287267e-02
2.207018e+02 3.629511e+00 1.053743e-02 3.253366e-02 6.185938e-02 -3.281365e-02 -3.251629e-02 3.266464e-02
2.219486e+02 3.611543e+00 1.046794e-02 3.232919e-02 6.180882e-02 -3.260597e-02 -3.231215e-02 3.245873e-02
2.231955e+02 3.593803e+00 1.039944e-02 3.212680e-02 6.175870e-02 -3.240041e-02 -3.211008e-02 3.225492e-02
2.244424e+02 3.576286e+00 1.033191e-02 3.192645e-02 6.170900e-02 -3.219695e-02 -3.191004e-02 3.205317e-02
2.256892e+02 3.558989e+00 1.026533e-02 3.172811e-02 6.165972e-02 -3.199555e-02 -3.171201e-02 3.185346e-02
2.269361e+02 3.541907e+00 1.019969e-02 3.153176e-02 6.161086e-02 -3.179618e-02 -3.151596e-02 3.165576e-02
2.281830e+02 3.525037e+00 1.013496e-02 3.133737e-02 6.156241e-02 -3.159882e-02 -3.132186e-02 3.146003e-02
2.294298e+02 3.508374e+00 1.007114e-02 3.114490e-02 6.151437e-02 -3.140342e-02 -3.112967e-02 3.126625e-02
2.306767e+02 3.491915e+00 1.000819e-02 3.095433e-02 6.146672e-02 -3.120998e-02 -3.093938e-02 3.107439e-02
2.319236e+02 3.475656e+00 9.946109e-03 3.076564e-02 6.141947e-02 -3.101845e-02 -3.075096e-02 3.088442e-02
2.331704e+02 3.459595e+00 9.884873e-03 3.057879e-02 6.137261e-02 -3.082882e-02 -3.056438e-02 3.069632e-02
2.344173e+02 3.443727e+00 9.824467e-03 3.039377e-02 6.132614e-02 -3.064104e-02 -3.037962e-02 3.051005e-02
2.356642e+02 3.428049e+00 9.764876e-03 3.021054e-02 6.128004e-02 -3.045511e-02 -3.019664e-02 3.032560e-02
2.369110e+02 3.412557e+00 9.706084e-03 3.002908e-02 6.123432e-02 -3.027098e-02 -3.001543e-02 3.014294e-02
2.381579e+02 3.397250e+00 9.648076e-03 2.984936e-02 6.118897e-02 -3.008864e-02 -2.983596e-02 2.996204e-02
2.394048e+02 3.382123e+00 9.590838e-03 2.967137e-02 6.114398e-02 -2.990806e-02 -2.965821e-02 2.978287e-02
2.406516e+02 3.367173e+00 9.534354e-03 2.949508e-02 6.109936e-02 -2.972922e-02 -2.948215e-02 2.960543e-02
2.418985e+02 3.352397e+00 9.478611e-03 2.932046e-02 6.105510e-02 -2.955209e-02 -2.930776e-02 2.942967e-02
2.431454e+02 3.337793e+00 9.423595e-03 2.914749e-02 6.101118e-02 -2.937665e-02 -2.913501e-02 2.925558e-02
2.443922e+02 3.323357e+00 9.369293e-03 2.897615e-02 6.096762e-02 -2.920288e-02 -2.896389e-02 2.908314e-02
2.456391e+02 3.309088e+00 9.315691e-03 2.880642e-02 6.092439e-02 -2.903075e-02 -2.879438e-02 2.891232e-02
2.468860e+02 3.294981e+00 9.262778e-03 2.863828e-02 6.088151e-02 -2.886024e-02 -2.862644e-02 2.874310e-02
2.481328e+02 3.281034e+00 9.210540e-03 2.847170e-02 6.083896e-02 -2.869133e-02 -2.846007e-02 2.857546e-02
2.493797e+02 3.267245e+00 9.158965e-03 2.830666e-02 6.079675e-02 -2.852399e-02 -2.829523e-02 2.840938e-02
2.506266e+02 3.253611e+00 9.108041e-03 2.814315e-02 6.075486e-02 -2.835822e-02 -2.813192e-02 2.824484e-02
2.518734e+02 3.240130e+00 9.057757e-03 2.798114e-02 6.071330e-02 -2.819398e-02 -2.797010e-02 2.808182e-02
2.531203e+02 3.226799e+00 9.008102e-03 2.782061e-02 6.067205e-02 -2.803125e-02 -2.780977e-02 2.792029e-02
2.543672e+02 3.213615e+00 8.959063e-03 2.766155e-02 6.063113e-02 -2.787002e-02 -2.765089e-02 2.776024e-02
2.556140e+02 3.200577e+00 8.910631e-03 2.750394e-02 6.059051e-02 -2.771027e-02 -2.749346e-02 2.760165e-02
2.568609e+02 3.187682e+00 8.862796e-03 2.734775e-02 6.055020e-02 -2.755197e-02 -2.733745e-02 2.744450e-02
2.581078e+02 3.174927e+00 8.815545e-03 2.719297e-02 6.051020e-02 -2.739511e-02 -2.718284e-02 2.728877e-02
2.593546e+02 3.162312e+00 8.768870e-03 2.703957e-02 6.047050e-02 -2.723968e-02 -2.702962e-02 2.713444e-02
2.606015e+02 3.149832e+00 8.722760e-03 2.688756e-02 6.043110e-02 -2.708564e-02 -2.687777e-02 2.698150e-02
2.618484e+02 3.137487e+00 8.677206e-03 2.673689e-02 6.039199e-02 -2.693298e-02 -2.672727e-02 2.682993e-02
2.630952e+02 3.125273e+00 8.632199e-03 2.658756e-02 6.035318e-02 -2.678169e-02 -2.657810e-02 2.667970e-02
2.643421e+02 3.113190e+00 8.587728e-03 2.643956e-02 6.031465e-02 -2.663175e-02 -2.643025e-02 2.653081e-02
2.655890e+02 3.101235e+00 8.543785e-03 2.629286e-02 6.027641e-02 -2.648313e-02 -2.628370e-02 2.638323e-02
2.668358e+02 3.089406e+00 8.500362e-03 2.614744e-02 6.023844e-02 -2.633584e-02 -2.613844e-02 2.623695e-02
2.680827e+02 3.077701e+00 8.457449e-03 2.600330e-02 6.020076e-02 -2.618983e-02 -2.599445e-02 2.609196e-02
2.693296e+02 3.066119e+00 8.415037e-03 2.586041e-02 6.016335e-02 -2.604511e-02 -2.585171e-02 2.594823e-02
2.705764e+02 3.054657e+00 8.373120e-03 2.571877e-02 6.012622e-02 -2.590166e-02 -2.571020e-02 2.580575e-02
2.718233e+02 3.043313e+00 8.331687e-03 2.557835e-02 6.008935e-02 -2.575945e-02 -2.556992e-02 2.566451e-02
2.730702e+02 3.032087e+00 8.290733e-03 2.543914e-02 6.005275e-02 -2.561848e-02 -2.543085e-02 2.552449e-02
2.743170e+02 3.020975e+00 8.250248e-03 2.530112e-02 6.001641e-02 -2.547873e-02 -2.529297e-02 2.538568e-02
2.755639e+02 3.009977e+00 8.210225e-03 2.516429e-02 5.998034e-02 -2.534018e-02 -2.515627e-02 2.524806e-02
2.768108e+02 2.999091e+00 8.170656e-03 2.502862e-02 5.994452e-02 -2.520282e-02 -2.502073e-02 2.511161e-02
2.780576e+02 2.988315e+00 8.131536e-03 2.489410e-02 5.990895e-02 -2.506664e-02 -2.488634e-02 2.497632e-02
2.793045e+02 2.977647e+00 8.092855e-03 2.476073e-02 5.987364e-02 -2.493161e-02 -2.475309e-02 2.484219e-02
2.805514e+02 2.967086e+00 8.054607e-03 2.462847e-02 5.983857e-02 -2.479773e-02 -2.462096e-02 2.470919e-02
2.817982e+02 2.956631e+00 8.016786e-03 2.449733e-02 5.980376e-02 -2.466499e-02 -2.448993e-02 2.457731e-02
2.830451e+02 2.946279e+00 7.979384e-03 2.436729e-02 5.976918e-02 -2.453336e-02 -2.436001e-02 2.444653e-02
2.842920e+02 2.936030e+00 7.942395e-03 2.423834e-02 5.973485e-02 -2.440284e-02 -2.423117e-02 2.431685e-02
2.855388e+02 2.925882e+00 7.905812e-03 2.411045e-02 5.970076e-02 -2.427341e-02 -2.410340e-02 2.418826e-02
2.867857e+02 2.915833e+00 7.869630e-03 2.398363e-02 5.966690e-02 -2.414507e-02 -2.397668e-02 2.406073e-02
2.880326e+02 2.905882e+00 7.833841e-03 2.385785e-02 5.963328e-02 -2.401779e-02 -2.385101e-02 2.393426e-02
2.892794e+02 2.896028e+00 7.798441e-03 2.373311e-02 5.959989e-02 -2.389156e-02 -2.372638e-02 2.380883e-02
2.905263e+02 2.886269e+00 7.763422e-03 2.360939e-02 5.956672e-02 -2.376638e-02 -2.360277e-02 2.368443e-02
2.917732e+02 2.876604e+00 7.728779e-03 2.348668e-02 5.953379e-02 -2.364222e-02 -2.348016e-02 2.356105e-02
2.930201e+02 2.867032e+00 7.694507e-03 2.336498e-02 5.950108e-02 -2.351909e-02 -2.335856e-02 2.343868e-02
2.942669e+02 2.857551e+00 7.660599e-03 2.324426e-02 5.946858e-02 -2.339696e-02 -2.323794e-02 2.331731e-02
2.955138e+02 2.848160e+00 7.627051e-03 2.312452e-02 5.943631e-02 -2.327582e-02 -2.311829e-02 2.319692e-02
2.967607e+02 2.838858e+00 7.593856e-03 2.300574e-02 5.940426e-02 -2.315567e-02 -2.299961e-02 2.307751e-02
2.980075e+02 2.829644e+00 7.561010e-03 2.288792e-02 5.937242e-02 -2.303649e-02 -2.288189e-02 2.295906e-02
2.992544e+02 2.820516e+00 7.528507e-03 2.277104e-02 5.934080e-02 -2.291827e-02 -2.276510e-02 2.284156e-02
3.005013e+02 2.811473e+00 7.496342e-03 2.265510e-02 5.930938e-02 -2.280100e-02 -2.264925e-02 2.272500e-02
3.017481e+02 2.802515e+00 7.464511e-03 2.254008e-02 5.927817e-02 -2.268467e-02 -2.253432e-02 2.260937e-02
3.029950e+02 2.793639e+00 7.433007e-03 2.242597e-02 5.924717e-02 -2.256927e-02 -2.242030e-02 2.249466e-02
3.042419e+02 2.784846e+00 7.401828e-03 2.231277e-02 5.921638e-02 -2.245479e-02 -2.230718e-02 2.238086e-02
3.054887e+02 2.776133e+00 7.370967e-03 2.220046e-02 5.918578e-02 -2.234122e-02 -2.219495e-02 2.226796e-02
3.067356e+02 2.767500e+00 7.340420e-03 2.208903e-02 5.915539e-02 -2.222854e-02 -2.208360e-02 2.215595e-02
3.079825e+02 2.758945e+00 7.310183e-03 2.197847e-02 5.912520e-02 -2.211675e-02 -2.197313e-02 2.204482e-02
3.092293e+02 2.750469e+00 7.280251e-03 2.186878e-02 5.909520e-02 -2.200584e-02 -2.186352e-02 2.193456e-02
3.104762e+02 2.742068e+00 7.250620e-03 2.175994e-02 5.906540e-02 -2.189580e-02 -2.175475e-02 2.182516e-02
3.117231e+02 2.733744e+00 7.221285e-03 2.165194e-02 5.903578e-02 -2.178662e-02 -2.164684e-02 2.171662e-02
3.129699e+02 2.725494e+00 7.192243e-03 2.154478e-02 5.900636e-02 -2.167829e-02 -2.153975e-02 2.160891e-02
3.142168e+02 2.717317e+00 7.163488e-03 2.143845e-02 5.897713e-02 -2.157079e-02 -2.143349e-02 2.150203e-02
3.154637e+02 2.709214e+00 7.135018e-03 2.133294e-02 5.894809e-02 -2.146413e-02 -2.132805e-02 2.139598e-02
3.167105e+02 2.701182e+00 7.106828e-03 2.122823e-02 5.891923e-02 -2.135829e-02 -2.122342e-02 2.129075e-02
3.179574e+02 2.693220e+00 7.078914e-03 2.112432e-02 5.889055e-02 -2.125327e-02 -2.111958e-02 2.118632e-02
3.192043e+02 2.685329e+00 7.051272e-03 2.102121e-02 5.886206e-02 -2.114905e-02 -2.101653e-02 2.108269e-02
3.204511e+02 2.677507e+00 7.023899e-03 2.091887e-02 5.883374e-02 -2.104562e-02 -2.091427e-02 2.097984e-02
3.216980e+02 2.669753e+00 6.996790e-03 2.081732e-02 5.880561e-02 -2.094298e-02 -2.081278e-02 2.087778e-02
3.229449e+02 2.662066e+00 6.969943e-03 2.071653e-02 5.877765e-02 -2.084112e-02 -2.071205e-02 2.077649e-02
3.241917e+02 2.654446e+00 6.943354e-03 2.061649e-02 5.874986e-02 -2.074003e-02 -2.061208e-02 2.067596e-02
3.254386e+02 2.646891e+00 6.917018e-03 2.051721e-02 5.872225e-02 -2.063971e-02 -2.051287e-02 2.057619e-02
3.266855e+02 2.639402e+00 6.890933e-03 2.041867e-02 5.869481e-02 -2.054014e-02 -2.041439e-02 2.047717e-02
3.279323e+02 2.631976e+00 6.865096e-03 2.032086e-02 5.866754e-02 -2.044131e-02 -2.031664e-02 2.037888e-02
3.291792e+02 2.624613e+00 6.839502e-03 2.022379e-02 5.864044e-02 -2.034323e-02 -2.021963e-02 2.028133e-02
3.304261e+02 2.617313e+00 6.814149e-03 2.012743e-02 5.861350e-02 -2.024587e-02 -2.012333e-02 2.018451e-02
3.316729e+02 2.610074e+00 6.789033e-03 2.003178e-02 5.858673e-02 -2.014924e-02 -2.002774e-02 2.008840e-02
3.329198e+02 2.602897e+00 6.764151e-03 1.993684e-02 5.856013e-02 -2.005333e-02 -1.993286e-02 1.999300e-02
3.341667e+02 2.595779e+00 6.739501e-03 1.984260e-02 5.853368e-02 -1.995812e-02 -1.983867e-02 1.989830e-02
3.354135e+02 2.588721e+00 6.715079e-03 1.974905e-02 5.850740e-02 -1.986361e-02 -1.974517e-02 1.980430e-02
3.366604e+02 2.581722e+00 6.690882e-03 1.965618e-02 5.848128e-02 -1.976980e-02 -1.965236e-02 1.971099e-02
3.379073e+02 2.574780e+00 6.666906e-03 1.956398e-02 5.845531e-02 -1.967668e-02 -1.956022e-02 1.961836e-02
3.391541e+02 2.567896e+00 6.643150e-03 1.947246e-02 5.842950e-02 -1.958424e-02 -1.946875e-02 1.952641e-02
3.404010e+02 2.561069e+00 6.619611e-03 1.938160e-02 5.840384e-02 -1.949246e-02 -1.937794e-02 1.943512e-02
3.416479e+02 2.554298e+00 6.596285e-03 1.929139e-02 5.837834e-02 -1.940136e-02 -1.928778e-02 1.934449e-02
3.428947e+02 2.547581e+00 6.573170e-03 1.920184e-02 5.835299e-02 -1.931091e-02 -1.919828e-02 1.925451e-02
3.441416e+02 2.540920e+00 6.550262e-03 1.911293e-02 5.832780e-02 -1.922112e-02 -1.910942e-02 1.916519e-02
3.453885e+02 2.534312e+00 6.527561e-03 1.902465e-02 5.830275e-02 -1.913198e-02 -1.902119e-02 1.907650e-02
3.466353e+02 2.527758e+00 6.505062e-03 1.893701e-02 5.827784e-02 -1.904347e-02 -1.893359e-02 1.898845e-02
3.478822e+02 2.521256e+00 6.482763e-03 1.884999e-02 5.825309e-02 -1.895560e-02 -1.884662e-02 1.890103e-02
3.491291e+02 2.514807e+00 6.460662e-03 1.876359e-02 5.822848e-02 -1.886835e-02 -1.876026e-02 1.881423e-02
3.503759e+02 2.508409e+00 6.438756e-03 1.867779e-02 5.820402e-02 -1.878173e-02 -1.867452e-02 1.872805e-02
3.516228e+02 2.502062e+00 6.417042e-03 1.859261e-02 5.817970e-02 -1.869572e-02 -1.858938e-02 1.864247e-02
3.528697e+02 2.495766e+00 6.395519e-03 1.850802e-02 5.815552e-02 -1.861032e-02 -1.850484e-02 1.855750e-02
3.541165e+02 2.489519e+00 6.374184e-03 1.842403e-02 5.813148e-02 -1.852552e-02 -1.842089e-02 1.847313e-02
3.553634e+02 2.483321e+00 6.353035e-03 1.834063e-02 5.810757e-02 -1.844132e-02 -1.833753e-02 1.838935e-02
3.566103e+02 2.477172e+00 6.332068e-03 1.825781e-02 5.808381e-02 -1.835771e-02 -1.825475e-02 1.830616e-02
3.578571e+02 2.471071e+00 6.311283e-03 1.817557e-02 5.806019e-02 -1.827468e-02 -1.817255e-02 1.822354e-02
3.591040e+02 2.465017e+00 6.290676e-03 1.809390e-02 5.803670e-02 -1.819224e-02 -1.809092e-02 1.814151e-02
3.603509e+02 2.459011e+00 6.270246e-03 1.801279e-02 5.801334e-02 -1.811037e-02 -1.800985e-02 1.806004e-02
3.615977e+02 2.453050e+00 6.249991e-03 1.793224e-02 5.799012e-02 -1.802906e-02 -1.792935e-02 1.797914e-02
3.628446e+02 2.447136e+00 6.229908e-03 1.785225e-02 5.796703e-02 -1.794832e-02 -1.784939e-02 1.789879e-02
3.640915e+02 2.441267e+00 6.209995e-03 1.777281e-02 5.794407e-02 -1.786814e-02 -1.776999e-02 1.781900e-02
3.653383e+02 2.435443e+00 6.190250e-03 1.769392e-02 5.792124e-02 -1.778851e-02 -1.769113e-02 1.773976e-02
3.665852e+02 2.429664e+00 6.170671e-03 1.761556e-02 5.789854e-02 -1.770943e-02 -1.761281e-02 1.766105e-02
3.678321e+02 2.423928e+00 6.151256e-03 1.753774e-02 5.787597e-02 -1.763089e-02 -1.753503e-02 1.758289e-02
3.690789e+02 2.418236e+00 6.132004e-03 1.746044e-02 5.785352e-02 -1.755288e-02 -1.745777e-02 1.750526e-02
3.703258e+02 2.412587e+00 6.112911e-03 1.738367e-02 5.783120e-02 -1.747541e-02 -1.738103e-02 1.742816e-02
3.715727e+02 2.406980e+00 6.093977e-03 1.730742e-02 5.780900e-02 -1.739847e-02 -1.730482e-02 1.735158e-02
3.728195e+02 2.401416e+00 6.075200e-03 1.723169e-02 5.778693e-02 -1.732204e-02 -1.722912e-02 1.727552e-02
3.740664e+02 2.395893e+00 6.056577e-03 1.715646e-02 5.776498e-02 -1.724613e-02 -1.715392e-02 1.719997e-02
3.753133e+02 2.390411e+00 6.038106e-03 1.708174e-02 5.774315e-02 -1.717074e-02 -1.707924e-02 1.712493e-02
3.765602e+02 2.384969e+00 6.019787e-03 1.700752e-02 5.772144e-02 -1.709585e-02 -1.700505e-02 1.705039e-02
3.778070e+02 2.379568e+00 6.001617e-03 1.693380e-02 5.769985e-02 -1.702146e-02 -1.693136e-02 1.697635e-02
3.790539e+02 2.374207e+00 5.983595e-03 1.686056e-02 5.767838e-02 -1.694757e-02 -1.685815e-02 1.690281e-02
3.803008e+02 2.368885e+00 5.965718e-03 1.678782e-02 5.765703e-02 -1.687418e-02 -1.678544e-02 1.682975e-02
3.815476e+02 2.363602e+00 5.947985e-03 1.671555e-02 5.763579e-02 -1.680127e-02 -1.671320e-02 1.675718e-02
3.827945e+02 2.358358e+00 5.930395e-03 1.664376e-02 5.761467e-02 -1.672885e-02 -1.664145e-02 1.668509e-02
3.840414e+02 2.353151e+00 5.912946e-03 1.657245e-02 5.759366e-02 -1.665691e-02 -1.657016e-02 1.661348e-02
3.852882e+02 2.347983e+00 5.895635e-03 1.650160e-02 5.757277e-02 -1.658544e-02 -1.649935e-02 1.654234e-02
3.865351e+02 2.342852e+00 5.878463e-03 1.643122e-02 5.755199e-02 -1.651444e-02 -1.642900e-02 1.647166e-02
3.877820e+02 2.337757e+00 5.861426e-03 1.636130e-02 5.753132e-02 -1.644391e-02 -1.635910e-02 1.640145e-02
3.890288e+02 2.332699e+00 5.844524e-03 1.629184e-02 5.751077e-02 -1.637385e-02 -1.628967e-02 1.633170e-02
3.902757e+02 2.327678e+00 5.827755e-03 1.622283e-02 5.749032e-02 -1.630424e-02 -1.622069e-02 1.626241e-02
3.915226e+02 2.322692e+00 5.811117e-03 1.615427e-02 5.746998e-02 -1.623508e-02 -1.615215e-02 1.619356e-02
3.927694e+02 2.317742e+00 5.794610e-03 1.608615e-02 5.744975e-02 -1.616638e-02 -1.608406e-02 1.612517e-02
3.940163e+02 2.312827e+00 5.778230e-03 1.601847e-02 5.742963e-02 -1.609812e-02 -1.601641e-02 1.605721e-02
3.952632e+02 2.307946e+00 5.761978e-03 1.595123e-02 5.740961e-02 -1.603030e-02 -1.594919e-02 1.598970e-02
3.965100e+02 2.303100e+00 5.745852e-03 1.588442e-02 5.738970e-02 -1.596293e-02 -1.588241e-02 1.592262e-02
3.977569e+02 2.298288e+00 5.729850e-03 1.581804e-02 5.736990e-02 -1.589598e-02 -1.581605e-02 1.585597e-02
3.990038e+02 2.293509e+00 5.713971e-03 1.575209e-02 5.735019e-02 -1.582947e-02 -1.575012e-02 1.578975e-02
4.002506e+02 2.288764e+00 5.698214e-03 1.568655e-02 5.733060e-02 -1.576338e-02 -1.568461e-02 1.572395e-02
4.014975e+02 2.284052e+00 5.682576e-03 1.562144e-02 5.731110e-02 -1.569772e-02 -1.561952e-02 1.565857e-02
4.027444e+02 2.279372e+00 5.667058e-03 1.555673e-02 5.729171e-02 -1.563247e-02 -1.555484e-02 1.559361e-02
4.039912e+02 2.274725e+00 5.651658e-03 1.549244e-02 5.727241e-02 -1.556764e-02 -1.549057e-02 1.552906e-02
4.052381e+02 2.270109e+00 5.636373e-03 1.542855e-02 5.725322e-02 -1.550322e-02 -1.542671e-02 1.546492e-02
4.064850e+02 2.265526e+00 5.621204e-03 1.536507e-02 5.723413e-02 -1.543921e-02 -1.536325e-02 1.540119e-02
4.077318e+02 2.260973e+00 5.606149e-03 1.530199e-02 5.721513e-02 -1.537561e-02 -1.530019e-02 1.533785e-02
4.089787e+02 2.256452e+00 5.591206e-03 1.523930e-02 5.719623e-02 -1.531241e-02 -1.523752e-02 1.527492e-02
4.102256e+02 2.251961e+00 5.576375e-03 1.517701e-02 5.717743e-02 -1.524960e-02 -1.517525e-02 1.521238e-02
4.114724e+02 2.247501e+00 5.561654e-03 1.511510e-02 5.715873e-02 -1.518719e-02 -1.511337e-02 1.515023e-02
4.127193e+02 2.243071e+00 5.547043e-03 1.505358e-02 5.714012e-02 -1.512517e-02 -1.505187e-02 1.508847e-02
4.139662e+02 2.238671e+00 5.532539e-03 1.499245e-02 5.712161e-02 -1.506353e-02 -1.499076e-02 1.502710e-02
4.152130e+02 2.234300e+00 5.518142e-03 1.493169e-02 5.710319e-02 -1.500228e-02 -1.493002e-02 1.496611e-02
4.164599e+02 2.229959e+00 5.503850e-03 1.487131e-02 5.708486e-02 -1.494141e-02 -1.486966e-02 1.490549e-02
4.177068e+02 2.225647e+00 5.489663e-03 1.481130e-02 5.706663e-02 -1.488092e-02 -1.480967e-02 1.484525e-02
4.189536e+02 2.221363e+00 5.475580e-03 1.475167e-02 5.704848e-02 -1.482081e-02 -1.475005e-02 1.478539e-02
4.202005e+02 2.217108e+00 5.461599e-03 1.469240e-02 5.703043e-02 -1.476106e-02 -1.469080e-02 1.472589e-02
4.214474e+02 2.212880e+00 5.447719e-03 1.463349e-02 5.701247e-02 -1.470168e-02 -1.463192e-02 1.466676e-02
4.226942e+02 2.208681e+00 5.433939e-03 1.457494e-02 5.699460e-02 -1.464267e-02 -1.457339e-02 1.460799e-02
4.239411e+02 2.204509e+00 5.420259e-03 1.451675e-02 5.697682e-02 -1.458402e-02 -1.451522e-02 1.454958e-02
4.251880e+02 2.200365e+00 5.406677e-03 1.445892e-02 5.695913e-02 -1.452573e-02 -1.445740e-02 1.449152e-02
4.264348e+02 2.196248e+00 5.393192e-03 1.440144e-02 5.694153e-02 -1.446779e-02 -1.439994e-02 1.443383e-02
4.276817e+02 2.192157e+00 5.379803e-03 1.434430e-02 5.692401e-02 -1.441021e-02 -1.434282e-02 1.437648e-02
4.289286e+02 2.188093e+00 5.366509e-03 1.428752e-02 5.690658e-02 -1.435298e-02 -1.428605e-02 1.431947e-02
4.301754e+02 2.184056e+00 5.353310e-03 1.423107e-02 5.688923e-02 -1.429609e-02 -1.422962e-02 1.426282e-02
4.314223e+02 2.180044e+00 5.340204e-03 1.417497e-02 5.687197e-02 -1.423955e-02 -1.417354e-02 1.420650e-02
4.326692e+02 2.176058e+00 5.327190e-03 1.411920e-02 5.685480e-02 -1.418335e-02 -1.411779e-02 1.415053e-02
4.339160e+02 2.172098e+00 5.314267e-03 1.406377e-02 5.683771e-02 -1.412749e-02 -1.406237e-02 1.409489e-02
4.351629e+02 2.168164e+00 5.301435e-03 1.400867e-02 5.682070e-02 -1.407196e-02 -1.400728e-02 1.403958e-02
4.364098e+02 2.164254e+00 5.288693e-03 1.395389e-02 5.680378e-02 -1.401677e-02 -1.395253e-02 1.398461e-02
4.376566e+02 2.160369e+00 5.276039e-03 1.389945e-02 5.678694e-02 -1.396190e-02 -1.389810e-02 1.392996e-02
4.389035e+02 2.156509e+00 5.263473e-03 1.384533e-02 5.677018e-02 -1.390737e-02 -1.384399e-02 1.387564e-02
4.401504e+02 2.152673e+00 5.250994e-03 1.379153e-02 5.675350e-02 -1.385316e-02 -1.379021e-02 1.382165e-02
4.413972e+02 2.148861e+00 5.238601e-03 1.373804e-02 5.673690e-02 -1.379927e-02 -1.373674e-02 1.376797e-02
4.426441e+02 2.145074e+00 5.226293e-03 1.368488e-02 5.672038e-02 -1.374570e-02 -1.368359e-02 1.371461e-02
4.438910e+02 2.141310e+00 5.214070e-03 1.363202e-02 5.670394e-02 -1.369244e-02 -1.363075e-02 1.366156e-02
4.451378e+02 2.137570e+00 5.201930e-03 1.357948e-02 5.668758e-02 -1.363951e-02 -1.357822e-02 1.360883e-02
4.463847e+02 2.133853e+00 5.189872e-03 1.352725e-02 5.667130e-02 -1.358688e-02 -1.352601e-02 1.355641e-02
4.476316e+02 2.130159e+00 5.177897e-03 1.347532e-02 5.665509e-02 -1.353456e-02 -1.347409e-02 1.350429e-02
4.488784e+02 2.126488e+00 5.166003e-03 1.342370e-02 5.663896e-02 -1.348255e-02 -1.342248e-02 1.345248e-02
4.501253e+02 2.122840e+00 5.154189e-03 1.337237e-02 5.662291e-02 -1.343085e-02 -1.337117e-02 1.340098e-02
4.513722e+02 2.119214e+00 5.142454e-03 1.332135e-02 5.660694e-02 -1.337945e-02 -1.332016e-02 1.334977e-02
4.526190e+02 2.115610e+00 5.130798e-03 1.327062e-02 5.659104e-02 -1.332834e-02 -1.326945e-02 1.329886e-02
4.538659e+02 2.112029e+00 5.119221e-03 1.322019e-02 5.657521e-02 -1.327753e-02 -1.321903e-02 1.324825e-02
4.551128e+02 2.108469e+00 5.107720e-03 1.317004e-02 5.655946e-02 -1.322702e-02 -1.316890e-02 1.319793e-02
4.563596e+02 2.104931e+00 5.096296e-03 1.312019e-02 5.654379e-02 -1.317680e-02 -1.311906e-02 1.314790e-02
4.576065e+02 2.101415e+00 5.084948e-03 1.307062e-02 5.652818e-02 -1.312687e-02 -1.306950e-02 1.309816e-02
4.588534e+02 2.097920e+00 5.073675e-03 1.302134e-02 5.651265e-02 -1.307723e-02 -1.302023e-02 1.304870e-02
4.601003e+02 2.094446e+00 5.062476e-03 1.297234e-02 5.649720e-02 -1.302788e-02 -1.297125e-02 1.299953e-02
4.613471e+02 2.090993e+00 5.051351e-03 1.292362e-02 5.648181e-02 -1.297881e-02 -1.292254e-02 1.295064e-02
4.625940e+02 2.087561e+00 5.040299e-03 1.287518e-02 5.646650e-02 -1.293001e-02 -1.287411e-02 1.290203e-02
4.638409e+02 2.084149e+00 5.029319e-03 1.282702e-02 5.645125e-02 -1.288150e-02 -1.282596e-02 1.285370e-02
4.650877e+02 2.080758e+00 5.018410e-03 1.277913e-02 5.643608e-02 -1.283327e-02 -1.277808e-02 1.280564e-02
4.663346e+02 2.077387e+00 5.007573e-03 1.273151e-02 5.642098e-02 -1.278531e-02 -1.273047e-02 1.275786e-02
4.675815e+02 2.074036e+00 4.996805e-03 1.268416e-02 5.640594e-02 -1.273762e-02 -1.268314e-02 1.271035e-02
4.688283e+02 2.070705e+00 4.986108e-03 1.263708e-02 5.639098e-02 -1.269020e-02 -1.263607e-02 1.266310e-02
4.700752e+02 2.067393e+00 4.975479e-03 1.259026e-02 5.637608e-02 -1.264305e-02 -1.258926e-02 1.261613e-02
4.713221e+02 2.064101e+00 4.964918e-03 1.254371e-02 5.636125e-02 -1.259617e-02 -1.254272e-02 1.256942e-02
4.725689e+02 2.060829e+00 4.954426e-03 1.249742e-02 5.634649e-02 -1.254955e-02 -1.249644e-02 1.252297e-02
4.738158e+02 2.057575e+00 4.944000e-03 1.245139e-02 5.633180e-02 -1.250319e-02 -1.245042e-02 1.247678e-02
4.750627e+02 2.054341e+00 4.933641e-03 1.240561e-02 5.631717e-02 -1.245710e-02 -1.240465e-02 1.243085e-02
4.763095e+02 2.051126e+00 4.923347e-03 1.236009e-02 5.630261e-02 -1.241126e-02 -1.235914e-02 1.238517e-02
4.775564e+02 2.047929e+00 4.913119e-03 1.231483e-02 5.628811e-02 -1.236568e-02 -1.231389e-02 1.233976e-02
4.788033e+02 2.044751e+00 4.902955e-03 1.226981e-02 5.627368e-02 -1.232035e-02 -1.226889e-02 1.229459e-02
4.800501e+02 2.041591e+00 4.892856e-03 1.222505e-02 5.625932e-02 -1.227527e-02 -1.222413e-02 1.224968e-02
4.812970e+02 2.038449e+00 4.882819e-03 1.218053e-02 5.624502e-02 -1.223045e-02 -1.217963e-02 1.220501e-02
4.825439e+02 2.035326e+00 4.872846e-03 1.213626e-02 5.623078e-02 -1.218587e-02 -1.213537e-02 1.216059e-02
4.837907e+02 2.032220e+00 4.862935e-03 1.209224e-02 5.621661e-02 -1.214154e-02 -1.209135e-02 1.211642e-02
4.850376e+02 2.029133e+00 4.853086e-03 1.204845e-02 5.620250e-02 -1.209746e-02 -1.204758e-02 1.207249e-02
4.862845e+02 2.026062e+00 4.843298e-03 1.200491e-02 5.618845e-02 -1.205362e-02 -1.200404e-02 1.202880e-02
4.875313e+02 2.023010e+00 4.833571e-03 1.196161e-02 5.617447e-02 -1.201002e-02 -1.196075e-02 1.198536e-02
4.887782e+02 2.019975e+00 4.823904e-03 1.191854e-02 5.616054e-02 -1.196665e-02 -1.191769e-02 1.194215e-02
4.900251e+02 2.016956e+00 4.814296e-03 1.187571e-02 5.614668e-02 -1.192353e-02 -1.187487e-02 1.189917e-02
4.912719e+02 2.013955e+00 4.804747e-03 1.183311e-02 5.613288e-02 -1.188064e-02 -1.183228e-02 1.185643e-02
4.925188e+02 2.010971e+00 4.795257e-03 1.179074e-02 5.611914e-02 -1.183799e-02 -1.178992e-02 1.181393e-02
4.937657e+02 2.008004e+00 4.785825e-03 1.174860e-02 5.610546e-02 -1.179557e-02 -1.174779e-02 1.177165e-02
4.950125e+02 2.005053e+00 4.776451e-03 1.170669e-02 5.609184e-02 -1.175338e-02 -1.170589e-02 1.172961e-02
4.962594e+02 2.002119e+00 4.767133e-03 1.166501e-02 5.607828e-02 -1.171141e-02 -1.166421e-02 1.168779e-02
4.975063e+02 1.999201e+00 4.757872e-03 1.162355e-02 5.606478e-02 -1.166968e-02 -1.162277e-02 1.164620e-02
4.987531e+02 1.996300e+00 4.748667e-03 1.158232e-02 5.605134e-02 -1.162817e-02 -1.158154e-02 1.160483e-02
5.000000e+02 1.993414e+00 4.739517e-03 1.154131e-02 5.603796e-02 -1.158688e-02 -1.154054e-02 1.156369e-02
