10.0 1.1051141194928027 0.010138520971017357 0.010138520971017357
9.988125 1.1052452585507335 0.010161437103743813 0.010161437103743813
9.97625 1.10537672457937 0.010184430956306927 0.010184430956306927
9.964375 1.1055085188004863 0.010207502880261798 0.010207502880261798
9.9525 1.105640642441938 0.010230653229151902 0.010230653229151902
9.940625 1.1057730967377002 0.010253882358522596 0.010253882358522596
9.92875 1.1059058829279045 0.01027719062593473 0.01027719062593473
9.916875 1.1060390022588786 0.010300578390978346 0.010300578390978346
9.905 1.106172455983184 0.010324046015286522 0.010324046015286522
9.893125 1.1063062453596555 0.010347593862549288 0.010347593862549288
9.88125 1.10644037165344 0.010371222298527683 0.010371222298527683
9.869375 1.1065748361360361 0.010394931691067906 0.010394931691067906
9.8575 1.1067096400853351 0.010418722410115582 0.010418722410115582
9.845625 1.1068447847856588 0.010442594827730153 0.010442594827730153
9.83375 1.106980271527802 0.010466549318099368 0.010466549318099368
9.821875 1.1071161016090725 0.010490586257553901 0.010490586257553901
9.81 1.1072522763333317 0.010514706024582089 0.010514706024582089
9.798125 1.1073887970110365 0.010538908999844764 0.010538908999844764
9.78625 1.1075256649592808 0.010563195566190245 0.010563195566190245
9.774375 1.1076628815018374 0.010587566108669412 0.010587566108669412
9.7625 1.1078004479692007 0.010612021014550908 0.010612021014550908
9.750625 1.1079383656986288 0.0106365606733365 0.0106365606733365
9.73875 1.1080766360341863 0.01066118547677651 0.01066118547677651
9.726875 1.108215260326788 0.010685895818885417 0.010685895818885417
9.715 1.1083542399342432 0.010710692095957541 0.010710692095957541
9.703125 1.1084935762212973 0.01073557470658291 0.01073557470658291
9.69125 1.1086332705596789 0.010760544051663185 0.010760544051663185
9.679375 1.1087733243281424 0.010785600534427788 0.010785600534427788
9.6675 1.1089137389125134 0.01081074456045011 0.01081074456045011
9.655625 1.1090545157057352 0.010835976537663859 0.010835976537663859
9.64375 1.1091956561079122 0.010861296876379567 0.010861296876379567
9.631875 1.1093371615263579 0.010886705989301198 0.010886705989301198
9.62 1.1094790333756401 0.01091220429154292 0.01091220429154292
9.608125 1.1096212730776283 0.010937792200645979 0.010937792200645979
9.59625 1.1097638820615396 0.010963470136595765 0.010963470136595765
9.584375 1.109906861763988 0.010989238521838958 0.010989238521838958
9.5725 1.1100502136290302 0.011015097781300864 0.011015097781300864
9.560625 1.1101939391082152 0.011041048342402849 0.011041048342402849
9.54875 1.1103380396606322 0.011067090635079954 0.011067090635079954
9.536875 1.1104825167529593 0.011093225091798645 0.011093225091798645
9.525 1.1106273718595134 0.011119452147574687 0.011119452147574687
9.513125 1.1107726064622994 0.011145772239991195 0.011145772239991195
9.50125 1.1109182220510605 0.011172185809216825 0.011172185809216825
9.489375 1.1110642201233285 0.011198693298024096 0.011198693298024096
9.4775 1.1112106021844748 0.0112252951518079 0.0112252951518079
9.465625 1.111357369747761 0.011251991818604118 0.011251991818604118
9.45375 1.1115045243343922 0.011278783749108453 0.011278783749108453
9.441875 1.1116520674735668 0.011305671396695359 0.011305671396695359
9.43 1.1118000007025308 0.011332655217437157 0.011332655217437157
9.418125 1.1119483255666296 0.01135973567012331 0.01135973567012331
9.40625 1.1120970436193618 0.011386913216279854 0.011386913216279854
9.394375 1.1122461564224324 0.011414188320188985 0.011414188320188985
9.3825 1.112395665545808 0.011441561448908826 0.011441561448908826
9.370625 1.1125455725677702 0.011469033072293338 0.011469033072293338
9.35875 1.1126958790749706 0.011496603663012429 0.011496603663012429
9.346875 1.1128465866624873 0.011524273696572183 0.011524273696572183
9.335 1.11299769693388 0.01155204365133531 0.01155204365133531
9.323125 1.113149211501246 0.011579914008541747 0.011579914008541747
9.31125 1.113301131985278 0.011607885252329407 0.011607885252329407
9.299375 1.1134534600153199 0.01163595786975516 0.01163595786975516
9.2875 1.113606197229426 0.01166413235081593 0.01166413235081593
9.275625 1.113759345274418 0.011692409188470022 0.011692409188470022
9.26375 1.1139129058059438 0.011720788878658572 0.011720788878658572
9.251875 1.1140668804885372 0.011749271920327256 0.011749271920327256
9.24 1.1142212709956767 0.011777858815448097 0.011777858815448097
9.228125 1.1143760790098456 0.011806550069041532 0.011806550069041532
9.21625 1.1145313062225928 0.01183534618919861 0.01183534618919861
9.204375 1.1146869543345939 0.011864247687103417 0.011864247687103417
9.1925 1.1148430250557118 0.011893255077055676 0.011893255077055676
9.180625 1.11499952010506 0.01192236887649353 0.01192236887649353
9.16875 1.115156441211064 0.011951589606016536 0.011951589606016536
9.156875 1.1153137901115244 0.011980917789408858 0.011980917789408858
9.145 1.1154715685536813 0.012010353953662654 0.012010353953662654
9.133125 1.1156297782942768 0.01203989862900164 0.01203989862900164
9.12125 1.1157884210996207 0.012069552348904892 0.012069552348904892
9.109375 1.1159474987456557 0.01209931565013083 0.01209931565013083
9.0975 1.1161070130180215 0.012129189072741426 0.012129189072741426
9.085625 1.1162669657121225 0.012159173160126595 0.012159173160126595
9.07375 1.1164273586331939 0.012189268459028815 0.012189268459028815
9.061875 1.1165881935963682 0.012219475519567966 0.012219475519567966
9.05 1.1167494724267444 0.01224979489526636 0.01224979489526636
9.038125 1.1169111969594547 0.012280227143074009 0.012280227143074009
9.02625 1.1170733690397348 0.012310772823394102 0.012310772823394102
9.014375 1.1172359905229923 0.012341432500108685 0.012341432500108685
9.0025 1.1173990632748771 0.012372206740604626 0.012372206740604626
8.990625 1.117562589171352 0.012403096115799726 0.012403096115799726
8.97875 1.117726570098764 0.012434101200169112 0.012434101200169112
8.966875 1.1178910079539155 0.012465222571771835 0.012465222571771835
8.955 1.1180559046441374 0.012496460812277713 0.012496460812277713
8.943125 1.118221262087361 0.012527816506994407 0.012527816506994407
8.93125 1.1183870822121935 0.012559290244894715 0.012559290244894715
8.919375 1.1185533669579895 0.012590882618644144 0.012590882618644144
8.9075 1.1187201182749276 0.012622594224628685 0.012622594224628685
8.895624999999999 1.118887338124086 0.012654425662982841 0.012654425662982841
8.88375 1.119055028477517 0.012686377537617928 0.012686377537617928
8.871875 1.119223191318325 0.012718450456250585 0.012718450456250585
8.86 1.1193918286407434 0.012750645030431577 0.012750645030431577
8.848125 1.1195609424502126 0.012782961875574806 0.012782961875574806
8.83625 1.119730534763458 0.01281540161098663 0.01281540161098663
8.824375 1.1199006076085705 0.012847964859895384 0.012847964859895384
8.8125 1.1200711630250855 0.01288065224948122 0.01288065224948122
8.800625 1.1202422030640637 0.012913464410906177 0.012913464410906177
8.78875 1.1204137297881724 0.012946401979344511 0.012946401979344511
8.776875 1.120585745271768 0.012979465594013327 0.012979465594013327
8.765 1.1207582516009778 0.013012655898203471 0.013012655898203471
8.753125 1.1209312508737836 0.01304597353931067 0.01304597353931067
8.74125 1.1211047452001068 0.013079419168866988 0.013079419168866988
8.729375 1.121278736701892 0.013112993442572553 0.013112993442572553
8.7175 1.1214532275131925 0.013146697020327544 0.013146697020327544
8.705625 1.1216282197802576 0.0131805305662645 0.0131805305662645
8.69375 1.1218037156616185 0.013214494748780914 0.013214494748780914
8.681875 1.121979717328177 0.013248590240572065 0.013248590240572065
8.67 1.1221562269632928 0.013282817718664236 0.013282817718664236
8.658125 1.1223332467628742 0.013317177864448153 0.013317177864448153
8.64625 1.1225107789354665 0.013351671363712776 0.013351671363712776
8.634375 1.1226888257023442 0.013386298906679365 0.013386298906679365
8.6225 1.122867389297602 0.013421061188035856 0.013421061188035856
8.610625 1.1230464719682465 0.013455958906971582 0.013455958906971582
8.598749999999999 1.1232260759742905 0.013490992767212271 0.013490992767212271
8.586875 1.1234062035888464 0.013526163477055347 0.013526163477055347
8.575 1.1235868570982206 0.013561471749405633 0.013561471749405633
8.563125 1.1237680388020097 0.013596918301811287 0.013596918301811287
8.55125 1.1239497510131968 0.013632503856500111 0.013632503856500111
8.539375 1.1241319960582488 0.013668229140416181 0.013668229140416181
8.5275 1.1243147762772134 0.013704094885256837 0.013704094885256837
8.515625 1.1244980940238205 0.013740101827509947 0.013740101827509947
8.50375 1.1246819516655788 0.0137762507084916 0.0137762507084916
8.491875 1.12486635158388 0.013812542274384061 0.013812542274384061
8.48 1.125051296174097 0.013848977276274137 0.013848977276274137
8.468125 1.1252367878456888 0.013885556470191863 0.013885556470191863
8.45625 1.1254228290223032 0.013922280617149537 0.013922280617149537
8.444375 1.1256094221418804 0.013959150483181164 0.013959150483181164
8.4325 1.1257965696567587 0.013996166839382209 0.013996166839382209
8.420625 1.125984274033781 0.01403333046194971 0.01403333046194971
8.40875 1.1261725377544012 0.014070642132222862 0.014070642132222862
8.396875 1.1263613633147924 0.014108102636723846 0.014108102636723846
8.385 1.1265507532259562 0.014145712767199113 0.014145712767199113
8.373125 1.1267407100138322 0.014183473320661048 0.014183473320661048
8.36125 1.126931236219409 0.014221385099429997 0.014221385099429997
8.349375 1.1271223343988364 0.0142594489111767 0.0142594489111767
8.3375 1.127314007123538 0.014297665568965116 0.014297665568965116
8.325625 1.1275062569803245 0.014336035891295658 0.014336035891295658
8.31375 1.1276990865715102 0.014374560702148811 0.014374560702148811
8.301874999999999 1.1278924985150278 0.014413240831029192 0.014413240831029192
8.29 1.1280864954445449 0.014452077113009968 0.014452077113009968
8.278125 1.1282810800095835 0.014491070388777765 0.014491070388777765
8.26625 1.1284762548756375 0.01453022150467794 0.01453022150467794
8.254375 1.1286720227242948 0.014569531312760288 0.014569531312760288
8.2425 1.128868386253356 0.014609000670825231 0.014609000670825231
8.230625 1.1290653481769592 0.014648630442470355 0.014648630442470355
8.21875 1.129262911225702 0.014688421497137467 0.014688421497137467
8.206875 1.1294610781467664 0.014728374710160062 0.014728374710160062
8.195 1.1296598517040446 0.014768490962811229 0.014768490962811229
8.183125 1.1298592346782657 0.01480877114235205 0.01480877114235205
8.17125 1.130059229867124 0.014849216142080412 0.014849216142080412
8.159375 1.1302598400854071 0.014889826861380325 0.014889826861380325
8.1475 1.1304610681651284 0.014930604205771676 0.014930604205771676
8.135625 1.1306629169556561 0.014971549086960493 0.014971549086960493
8.12375 1.1308653893238476 0.015012662422889652 0.015012662422889652
8.111875 1.1310684881541828 0.015053945137790101 0.015053945137790101
8.1 1.131272216348899 0.015095398162232555 0.015095398162232555
8.088125 1.1314765768281285 0.0151370224331797 0.0151370224331797
8.07625 1.1316815725300349 0.015178818894038881 0.015178818894038881
8.064375 1.1318872064109526 0.01522078849471531 0.01522078849471531
8.0525 1.1320934814455272 0.015262932191665801 0.015262932191665801
8.040625 1.1323004006268569 0.01530525094795299 0.01530525094795299
8.02875 1.1325079669666347 0.015347745733300097 0.015347745733300097
8.016875 1.1327161834952937 0.015390417524146223 0.015390417524146223
8.004999999999999 1.132925053262152 0.01543326730370218 0.01543326730370218
7.993125 1.1331345793355587 0.015476296062006829 0.015476296062006829
7.98125 1.1333447648030437 0.015519504795984051 0.015519504795984051
7.969374999999999 1.1335556127714665 0.015562894509500168 0.015562894509500168
7.9575 1.133767126367167 0.015606466213421986 0.015606466213421986
7.945625 1.1339793087361179 0.015650220925675393 0.015650220925675393
7.93375 1.1341921630440788 0.015694159671304535 0.015694159671304535
7.921875 1.1344056924767516 0.015738283482531545 0.015738283482531545
7.91 1.134619900239937 0.015782593398816873 0.015782593398816873
7.898125 1.134834789559693 0.01582709046692023 0.01582709046692023
7.88625 1.1350503636824936 0.0158717757409621 0.0158717757409621
7.874375000000001 1.135266625875391 0.01591665028248585 0.01591665028248585
7.8625 1.1354835794261784 0.015961715160520498 0.015961715160520498
7.850625 1.1357012276435536 0.01600697145164403 0.01600697145164403
7.83875 1.1359195738572858 0.01605242024004743 0.01605242024004743
7.826874999999999 1.1361386214183813 0.01609806261759927 0.01609806261759927
7.8149999999999995 1.1363583736992544 0.016143899683910955 0.016143899683910955
7.803125 1.136578834093897 0.016189932546402656 0.016189932546402656
7.79125 1.1368000060180508 0.016236162320369844 0.016236162320369844
7.779375 1.1370218929093816 0.01628259012905052 0.01628259012905052
7.7675 1.1372444982276548 0.016329217103693103 0.016329217103693103
7.755625 1.1374678254549124 0.016376044383625 0.016376044383625
7.74375 1.137691878095652 0.01642307311632184 0.01642307311632184
7.7318750000000005 1.137916659677007 0.016470304457477457 0.016470304457477457
7.72 1.1381421737489306 0.01651773957107448 0.01651773957107448
7.708125 1.1383684238843779 0.016565379629455732 0.016565379629455732
7.69625 1.1385954136794931 0.01661322581339629 0.01661322581339629
7.684375 1.1388231467537973 0.016661279312176258 0.016661279312176258
7.672499999999999 1.139051626750377 0.01670954132365434 0.01670954132365434
7.660625 1.1392808573360766 0.01675801305434206 0.01675801305434206
7.64875 1.1395108422016915 0.01680669571947881 0.01680669571947881
7.636875 1.1397415850621624 0.01685559054310764 0.01685559054310764
7.625 1.1399730896567735 0.01690469875815178 0.01690469875815178
7.613125 1.1402053597493507 0.016954021606491988 0.016954021606491988
7.60125 1.140438399128463 0.017003560339044637 0.017003560339044637
7.589375 1.1406722116076247 0.017053316215840653 0.017053316215840653
7.577500000000001 1.140906801025501 0.017103290506105193 0.017103290506105193
7.565625 1.141142171246115 0.017153484488338172 0.017153484488338172
7.55375 1.1413783261590558 0.01720389945039563 0.01720389945039563
7.541875 1.14161526967969 0.017254536689571897 0.017254536689571897
7.529999999999999 1.1418530057493752 0.017305397512682605 0.017305397512682605
7.5181249999999995 1.1420915383356747 0.017356483236148575 0.017356483236148575
7.50625 1.1423308714325746 0.01740779518608055 0.01740779518608055
7.494375 1.1425710090607037 0.017459334698364797 0.017459334698364797
7.4825 1.1428119552675555 0.017511103118749597 0.017511103118749597
7.470625 1.1430537141277113 0.017563101802932635 0.017563101802932635
7.45875 1.1432962897430667 0.01761533211664929 0.01761533211664929
7.446875 1.14353968624306 0.017667795435761816 0.017667795435761816
7.4350000000000005 1.1437839077849032 0.017720493146349485 0.017720493146349485
7.423125 1.1440289585538141 0.017773426644799657 0.017773426644799657
7.41125 1.1442748427632525 0.017826597337899753 0.017826597337899753
7.399375 1.1445215646551574 0.01788000664293027 0.01788000664293027
7.3875 1.1447691285001873 0.017933655987758684 0.017933655987758684
7.375624999999999 1.1450175385979622 0.01798754681093439 0.01798754681093439
7.36375 1.14526679927731 0.01804168056178458 0.01804168056178458
7.351875 1.1455169148965116 0.018096058700511213 0.018096058700511213
7.34 1.1457678898435535 0.018150682698288907 0.018150682698288907
7.328125 1.1460197285363778 0.018205554037363913 0.018205554037363913
7.31625 1.146272435423139 0.018260674211154126 0.018260674211154126
7.304375 1.1465260149824614 0.018316044724350136 0.018316044724350136
7.2925 1.1467804717236987 0.018371667093017355 0.018371667093017355
7.280625000000001 1.147035810187197 0.01842754284469924 0.01842754284469924
7.26875 1.1472920349445614 0.018483673518521558 0.018483673518521558
7.256875 1.1475491505989237 0.01854006066529781 0.01854006066529781
7.245 1.1478071617852132 0.018596705847635762 0.018596705847635762
7.233124999999999 1.1480660731704315 0.01865361064004509 0.01865361064004509
7.2212499999999995 1.1483258894539285 0.01871077662904617 0.01871077662904617
7.209375 1.1485866153676825 0.018768205413280076 0.018768205413280076
7.1975 1.148848255676582 0.018825898603619693 0.018825898603619693
7.185625 1.1491108151787124 0.01888385782328205 0.01888385782328205
7.17375 1.1493742987056432 0.018942084707941852 0.018942084707941852
7.161875 1.14963871112272 0.01900058090584624 0.01900058090584624
7.15 1.1499040573293586 0.019059348077930763 0.019059348077930763
7.1381250000000005 1.150170342259343 0.01911838789793661 0.01911838789793661
7.12625 1.1504375708811254 0.01917770205252912 0.01917770205252912
7.114375 1.1507057481981304 0.019237292241417542 0.019237292241417542
7.1025 1.1509748792490622 0.019297160177476107 0.019297160177476107
7.090625 1.1512449691082138 0.019357307586866435 0.019357307586866435
7.078749999999999 1.1515160228857815 0.019417736209161218 0.019417736209161218
7.066875 1.1517880457281813 0.019478447797469284 0.019478447797469284
7.055 1.1520610428183684 0.019539444118562007 0.019539444118562007
7.043125 1.1523350193761617 0.019600726953001125 0.019600726953001125
7.03125 1.1526099806585703 0.01966229809526789 0.01966229809526789
7.019375 1.1528859319601235 0.0197241593538937 0.0197241593538937
7.0075 1.153162878613205 0.01978631255159211 0.01978631255159211
6.995625 1.1534408259883908 0.019848759525392317 0.019848759525392317
6.983750000000001 1.1537197794947893 0.01991150212677411 0.01991150212677411
6.971875 1.153999744580387 0.019974542221804295 0.019974542221804295
6.96 1.1542807267323958 0.020037881691274607 0.020037881691274607
6.948125 1.1545627314776068 0.0201015224308412 0.0201015224308412
6.936249999999999 1.1548457643827441 0.02016546635116562 0.02016546635116562
6.9243749999999995 1.1551298310548264 0.020229715378057355 0.020229715378057355
6.9125 1.1554149371415294 0.02029427145261799 0.02029427145261799
6.900625 1.1557010883315544 0.020359136531386927 0.020359136531386927
6.88875 1.1559882903549985 0.020424312586488757 0.020424312586488757
6.876875 1.1562765489837317 0.020489801605782242 0.020489801605782242
6.865 1.1565658700317751 0.020555605593011 0.020555605593011
6.853125 1.1568562593556861 0.02062172656795581 0.02062172656795581
6.8412500000000005 1.157147722854945 0.020688166566588718 0.020688166566588718
6.829375 1.157440266472348 0.020754927641228757 0.020754927641228757
6.8175 1.1577338961944037 0.020822011860699506 0.020822011860699506
6.805625 1.1580286180517336 0.020889421310488373 0.020889421310488373
6.79375 1.1583244381194773 0.020957158092907706 0.020957158092907706
6.781874999999999 1.1586213625177024 0.021025224327257685 0.021025224327257685
6.77 1.158919397411819 0.02109362214999105 0.02109362214999105
6.758125 1.1592185490129976 0.021162353714879772 0.021162353714879772
6.74625 1.1595188235785931 0.021231421193183497 0.021231421193183497
6.734375 1.1598202274125735 0.021300826773819986 0.021300826773819986
6.7225 1.1601227668659508 0.021370572663537497 0.021370572663537497
6.710625 1.1604264483372213 0.021440661087089023 0.021440661087089023
6.69875 1.1607312782728052 0.021511094287408706 0.021511094287408706
6.686875000000001 1.1610372631674968 0.021581874525790055 0.021581874525790055
6.675 1.1613444095649152 0.021653004082066368 0.021653004082066368
6.663125 1.1616527240579622 0.021724485254793136 0.021724485254793136
6.65125 1.1619622132892857 0.02179632036143257 0.02179632036143257
6.639374999999999 1.1622728839517462 0.02186851173854028 0.02186851173854028
6.6274999999999995 1.1625847427888913 0.02194106174195399 0.02194106174195399
6.615625 1.1628977965954335 0.022013972746984613 0.022013972746984613
6.60375 1.1632120522177334 0.02208724714860935 0.02208724714860935
6.591875 1.1635275165542909 0.022160887361667166 0.022160887361667166
6.58 1.1638441965562378 0.02223489582105643 0.02223489582105643
6.568125 1.1641620992278403 0.022309274981934926 0.022309274981934926
6.55625 1.1644812316270041 0.022384027319922145 0.022384027319922145
6.5443750000000005 1.1648016008657864 0.02245915533130397 0.02245915533130397
6.5325 1.1651232141109142 0.022534661533239693 0.022534661533239693
6.520625 1.165446078584308 0.022610548463971505 0.022610548463971505
6.50875 1.165770201563611 0.022686818683036444 0.022686818683036444
6.496875 1.1660955903827257 0.02276347477148079 0.02276347477148079
6.484999999999999 1.1664222524323553 0.022840519332076998 0.022840519332076998
6.473125 1.1667501951605523 0.02291795498954318 0.02291795498954318
6.46125 1.1670794260732733 0.02299578439076518 0.02299578439076518
6.449375 1.167409952734939 0.023074010205021298 0.023074010205021298
6.4375 1.1677417827690033 0.023152635124209595 0.023152635124209595
6.425625 1.1680749238585264 0.023231661863077974 0.023231661863077974
6.41375 1.168409383746755 0.023311093159456956 0.023311093159456956
6.401875 1.1687451702377119 0.023390931774495204 0.023390931774495204
6.390000000000001 1.1690822911967877 0.023471180492897908 0.023471180492897908
6.378125 1.1694207545513453 0.023551842123167945 0.023551842123167945
6.36625 1.1697605682913252 0.02363291949784996 0.02363291949784996
6.354375 1.1701017404698637 0.02371441547377739 0.02371441547377739
6.342499999999999 1.170444279203914 0.02379633293232239 0.02379633293232239
6.3306249999999995 1.170788192674877 0.023878674779648806 0.023878674779648806
6.31875 1.1711334891292398 0.02396144394696817 0.02396144394696817
6.306875 1.1714801768792187 0.02404464339079881 0.02404464339079881
6.295 1.1718282643034146 0.024128276093228034 0.024128276093228034
6.283125 1.1721777598474719 0.024212345062177537 0.024212345062177537
6.27125 1.1725286720247468 0.02429685333167201 0.02429685333167201
6.259375 1.1728810094169855 0.024381803962110954 0.024381803962110954
6.2475000000000005 1.1732347806750067 0.0244672000405439 0.0244672000405439
6.235625 1.173589994519396 0.024553044680948884 0.024553044680948884
6.22375 1.173946659741205 0.024639341024514365 0.024639341024514365
6.211875 1.1743047852026627 0.024726092239924613 0.024726092239924613
6.2 1.1746643798378928 0.024813301523648475 0.024813301523648475
6.188124999999999 1.1750254526536401 0.024900972100231872 0.024900972100231872
6.17625 1.1753880127300056 0.024989107222593676 0.024989107222593676
6.164375 1.1757520692211922 0.025077710172325383 0.025077710172325383
6.1525 1.1761176313562567 0.02516678425999443 0.02516678425999443
6.140625 1.1764847084398735 0.025256332825451217 0.025256332825451217
6.12875 1.1768533098531055 0.025346359238139996 0.025346359238139996
6.116875 1.1772234450541863 0.025436866897413545 0.025436866897413545
6.105 1.1775951235793105 0.025527859232851776 0.025527859232851776
6.093125000000001 1.177968355043434 0.025619339704584368 0.025619339704584368
6.08125 1.178343149141085 0.025711311803617274 0.025711311803617274
6.069375 1.1787195156471844 0.0258037790521634 0.0258037790521634
6.0575 1.1790974644178758 0.025896745003977453 0.025896745003977453
6.045624999999999 1.1794770053913666 0.02599021324469487 0.02599021324469487
6.0337499999999995 1.1798581485887787 0.02608418739217507 0.02608418739217507
6.021875 1.180240904115011 0.026178671096849033 0.026178671096849033
6.01 1.1806252821596113 0.02627366804207118 0.02627366804207118
5.998125 1.1810112929976593 0.026369181944475784 0.026369181944475784
5.98625 1.1813989469906618 0.026465216554337773 0.026465216554337773
5.974375 1.1817882545874578 0.026561775655938213 0.026561775655938213
5.9625 1.1821792263251352 0.026658863067934364 0.026658863067934364
5.950625 1.182571872829959 0.026756482643734418 0.026756482643734418
5.93875 1.1829662048183123 0.026854638271877024 0.026854638271877024
5.926875 1.1833622330976472 0.026953333876415714 0.026953333876415714
5.915 1.1837599685674494 0.0270525734173081 0.0270525734173081
5.903125 1.1841594222202139 0.027152360890810197 0.027152360890810197
5.89125 1.1845606051424338 0.027252700329875677 0.027252700329875677
5.879375 1.184963528515602 0.02735359580456035 0.02735359580456035
5.8675 1.1853682036172235 0.027455051422431733 0.027455051422431733
5.855625 1.185774641821844 0.027557071328984047 0.027557071328984047
5.84375 1.1861828546020885 0.02765965970805843 0.02765965970805843
5.831875 1.1865928535297157 0.02776282078226864 0.02776282078226864
5.82 1.1870046502766833 0.027866558813432307 0.027866558813432307
5.8081249999999995 1.1874182566162303 0.027970878103007735 0.027970878103007735
5.79625 1.1878336844239703 0.02807578299253636 0.02807578299253636
5.784375 1.1882509456790002 0.028181277864091074 0.028181277864091074
5.7725 1.188670052465024 0.028287367140730282 0.028287367140730282
5.760625 1.1890910169714894 0.028394055286958004 0.028394055286958004
5.74875 1.1895138514947408 0.028501346809189882 0.028501346809189882
5.736875 1.1899385684391859 0.028609246256225455 0.028609246256225455
5.725 1.1903651803184798 0.028717758219726473 0.028717758219726473
5.713125 1.1907936997567212 0.028826887334701647 0.028826887334701647
5.70125 1.1912241394896679 0.02893663827999776 0.02893663827999776
5.689375 1.1916565123659655 0.029047015778797217 0.029047015778797217
5.6775 1.1920908313483936 0.029158024599122267 0.029158024599122267
5.665625 1.1925271095151286 0.02926966955434585 0.02926966955434585
5.65375 1.1929653600610228 0.02938195550370929 0.02938195550370929
5.641875 1.1934055962988999 0.029494887352846826 0.029494887352846826
5.63 1.1938478316608687 0.029608470054317205 0.029608470054317205
5.618125 1.1942920796996537 0.029722708608142377 0.029722708608142377
5.60625 1.194738354089944 0.029837608062353308 0.029837608062353308
5.594375 1.19518666862976 0.029953173513543267 0.029953173513543267
5.5825 1.1956370372418372 0.03006941010742849 0.03006941010742849
5.570625 1.1960894739750305 0.03018632303941632 0.03018632303941632
5.55875 1.1965439930057369 0.03030391755518115 0.03030391755518115
5.546875 1.1970006086393365 0.030422198951248078 0.030422198951248078
5.535 1.1974593353116532 0.030541172575584512 0.030541172575584512
5.523125 1.1979201875904364 0.030660843828199728 0.030660843828199728
5.5112499999999995 1.1983831801768612 0.0307812181617527 0.0307812181617527
5.499375 1.1988483279070503 0.0309023010821681 0.0309023010821681
5.4875 1.1993156457536158 0.03102409814926079 0.03102409814926079
5.475625 1.199785148827222 0.031146614977368876 0.031146614977368876
5.46375 1.2002568523781705 0.03126985723599533 0.03126985723599533
5.451875 1.2007307717980067 0.03139383065045851 0.03139383065045851
5.4399999999999995 1.2012069226211475 0.031518541002551664 0.031518541002551664
5.428125 1.2016853205265323 0.031643994131211384 0.031643994131211384
5.41625 1.2021659813392975 0.031770195933195494 0.031770195933195494
5.404375 1.2026489210324722 0.03189715236377017 0.03189715236377017
5.3925 1.2031341557286994 0.03202486943740663 0.03202486943740663
5.380625 1.2036217017019795 0.03215335322848756 0.03215335322848756
5.36875 1.2041115753794402 0.03228260987202327 0.03228260987202327
5.356875 1.2046037933431288 0.03241264556437799 0.03241264556437799
5.345 1.2050983723318305 0.03254346656400614 0.03254346656400614
5.333125 1.2055953292429136 0.032675079192199065 0.032675079192199065
5.32125 1.2060946811341977 0.03280748983384222 0.03280748983384222
5.309375 1.2065964452258517 0.03294070493818293 0.03294070493818293
5.2975 1.207100638902316 0.03307473101960901 0.03307473101960901
5.285625 1.2076072797142525 0.03320957465843847 0.03320957465843847
5.27375 1.208116385380523 0.03334524250172018 0.03334524250172018
5.261875 1.2086279737901953 0.03348174126404616 0.03348174126404616
5.25 1.209142063004578 0.03361907772837514 0.03361907772837514
5.238125 1.2096586712592843 0.03375725874686802 0.03375725874686802
5.22625 1.2101778169663249 0.033896291241735224 0.033896291241735224
5.2143749999999995 1.2106995187162324 0.03403618220609607 0.03403618220609607
5.2025 1.2112237952802138 0.03417693870485052 0.03417693870485052
5.190625 1.2117506656123374 0.03431856787556347 0.03431856787556347
5.17875 1.2122801488517474 0.03446107692936168 0.03446107692936168
5.166875 1.2128122643249148 0.03460447315184362 0.03460447315184362
5.155 1.2133470315479171 0.03474876390400257 0.03474876390400257
5.1431249999999995 1.213884470228754 0.03489395662316293 0.03489395662316293
5.13125 1.2144246002696943 0.03504005882393018 0.03504005882393018
5.119375 1.2149674417696614 0.03518707809915463 0.03518707809915463
5.1075 1.2155130150266482 0.03533502212090923 0.03533502212090923
5.095625 1.216061340540172 0.03548389864148153 0.03548389864148153
5.08375 1.216612439013763 0.035633715494380255 0.035633715494380255
5.071875 1.2171663313574907 0.035784480595356626 0.035784480595356626
5.06 1.2177230386905282 0.03593620194344054 0.03593620194344054
5.048125 1.2182825823437524 0.036088887621992125 0.036088887621992125
5.03625 1.2188449838623847 0.03624254579976876 0.03624254579976876
5.024375 1.2194102650086711 0.0363971847320078 0.0363971847320078
5.0125 1.2199784477646014 0.036552812761525395 0.036552812761525395
5.000625 1.2205495543346692 0.03670943831983159 0.03670943831983159
4.98875 1.2211236071486744 0.0368670699282619 0.0368670699282619
4.976875 1.2217006288645669 0.03702571619912589 0.03702571619912589
4.965 1.222280642371333 0.03718538583687285 0.03718538583687285
4.953125 1.2228636707919267 0.03734608763927482 0.03734608763927482
4.94125 1.2234497374862443 0.03750783049862742 0.03750783049862742
4.929375 1.2240388660541441 0.03767062340296876 0.03767062340296876
4.9174999999999995 1.2246310803385134 0.03783447543731659 0.03783447543731659
4.905625 1.2252264044283807 0.03799939578492414 0.03799939578492414
4.89375 1.225824862662077 0.038165393728555076 0.038165393728555076
4.881875 1.2264264796304443 0.03833247865177756 0.03833247865177756
4.87 1.2270312801800949 0.038500660040278085 0.038500660040278085
4.858125 1.2276392894167194 0.03866994748319533 0.03866994748319533
4.8462499999999995 1.228250532708447 0.0388403506744742 0.0388403506744742
4.834375 1.2288650356892572 0.03901187941424073 0.03901187941424073
4.8225 1.229482824262445 0.03918454361019795 0.03918454361019795
4.810625 1.23010392460414 0.03935835327904315 0.03935835327904315
4.79875 1.2307283631668804 0.03953331854790703 0.03953331854790703
4.786875 1.2313561666832418 0.03970944965581496 0.03970944965581496
4.775 1.2319873621695252 0.03988675695517084 0.03988675695517084
4.763125 1.2326219769295013 0.040065250913263926 0.040065250913263926
4.75125 1.2332600385582142 0.04024494211379902 0.04024494211379902
4.739375 1.2339015749458462 0.04042584125845049 0.04042584125845049
4.7275 1.2345466142816417 0.040607959168440524 0.040607959168440524
4.715625 1.2351951850578962 0.04079130678614193 0.04079130678614193
4.70375 1.235847316074006 0.04097589517670613 0.04097589517670613
4.691875 1.236503036440586 0.04116173552971668 0.04116173552971668
4.68 1.2371623755836496 0.04134883916086867 0.04134883916086867
4.668125 1.2378253632488583 0.04153721751367483 0.04153721751367483
4.65625 1.2384920295058395 0.04172688216119831 0.04172688216119831
4.644375 1.2391624047525727 0.04191784480781306 0.04191784480781306
4.6325 1.2398365197198478 0.04211011729099211 0.04211011729099211
4.6206249999999995 1.2405144054757955 0.0423037115831242 0.0423037115831242
4.60875 1.2411960934304909 0.04249863979335949 0.04249863979335949
4.596875 1.241881615340632 0.042694914169484614 0.042694914169484614
4.585 1.242571003314297 0.04289254709982792 0.04289254709982792
4.573125 1.2432642898157755 0.043091551115195054 0.043091551115195054
4.56125 1.2439615076704824 0.0432919388908359 0.0432919388908359
4.5493749999999995 1.2446626900699524 0.04349372324844305 0.04349372324844305
4.5375 1.2453678705769147 0.04369691715818263 0.04369691715818263
4.525625 1.2460770831304544 0.04390153374075807 0.04390153374075807
4.51375 1.2467903620512588 0.044107586269507254 0.044107586269507254
4.501875 1.2475077420469498 0.04431508817253384 0.04431508817253384
4.49 1.2482292582175076 0.04452405303487331 0.04452405303487331
4.478125 1.2489549460607827 0.04473449460069451 0.04473449460069451
4.46625 1.2496848414781032 0.044946426775537056 0.044946426775537056
4.454375 1.250418980779973 0.04515986362858572 0.04515986362858572
4.4425 1.2511574006918698 0.04537481939498202 0.04537481939498202
4.430625 1.2519001383601391 0.04559130847817412 0.04559130847817412
4.41875 1.2526472313579877 0.045809345452305465 0.045809345452305465
4.406875 1.253398717691582 0.04602894506464302 0.04602894506464302
4.395 1.254154635806246 0.04625012223804598 0.04625012223804598
4.383125 1.2549150245927698 0.046472892073475304 0.046472892073475304
4.37125 1.255679923393823 0.0466972698525455 0.0466972698525455
4.359375 1.2564493720104806 0.04692327104011876 0.04692327104011876
4.3475 1.2572234107088593 0.04715091128694286 0.04715091128694286
4.335625 1.2580020802268714 0.04738020643233328 0.04738020643233328
4.3237499999999995 1.2587854217810925 0.0476111725069005 0.0476111725069005
4.311875 1.2595734770737514 0.047843825735323406 0.047843825735323406
4.3 1.2603662882998405 0.048078182539169706 0.048078182539169706
4.288125 1.261163898154351 0.048314259539764134 0.048314259539764134
4.27625 1.2619663498396345 0.048552073561105476 0.048552073561105476
4.264375 1.2627736870728947 0.04879164163283338 0.04879164163283338
4.2524999999999995 1.2635859540938112 0.04903298099324582 0.04903298099324582
4.240625 1.2644031956722965 0.04927610909236837 0.04927610909236837
4.22875 1.2652254571163934 0.049521043595076114 0.049521043595076114
4.216875 1.2660527842803107 0.049767802384269415 0.049767802384269415
4.205 1.2668852235726025 0.05001640356410439 0.05001640356410439
4.193125 1.2677228219644947 0.05026686546327944 0.05026686546327944
4.18125 1.2685656269983594 0.050519206638378736 0.050519206638378736
4.169375 1.2694136867963441 0.05077344587727377 0.05077344587727377
4.1575 1.270267050069153 0.05102960220258434 0.05102960220258434
4.145625 1.271125766124991 0.05128769487520006 0.05128769487520006
4.13375 1.2719898848786675 0.05154774339786339 0.05154774339786339
4.121875 1.2728594568608662 0.0518097675188158 0.0518097675188158
4.11 1.2737345332275845 0.0520737872355081 0.0520737872355081
4.098125 1.2746151657697464 0.05233982279837618 0.05233982279837618
4.08625 1.2755014069229895 0.05260789471468365 0.05260789471468365
4.074375 1.2763933097776352 0.05287802375243272 0.05287802375243272
4.0625 1.2772909280888405 0.05315023094434461 0.05315023094434461
4.050625 1.2781943162869382 0.053424537591910896 0.053424537591910896
4.03875 1.2791035294879716 0.05370096526951734 0.05370096526951734
4.0268749999999995 1.2800186235044209 0.05397953582864173 0.05397953582864173
4.015 1.2809396548561347 0.05426027140212689 0.05426027140212689
4.003125 1.2818666807814632 0.05454319440853113 0.05454319440853113
3.99125 1.2827997592486013 0.054828327556556804 0.054828327556556804
3.979375 1.2837389489671467 0.055115693849559465 0.055115693849559465
3.9675000000000002 1.2846843093998752 0.05540531659013861 0.05540531659013861
3.9556249999999995 1.2856359007747398 0.05569721938481219 0.05569721938481219
3.9437499999999996 1.2865937840970973 0.055991426148776384 0.055991426148776384
3.931875 1.2875580211621704 0.05628796111075243 0.05628796111075243
3.92 1.2885286745677453 0.056586848817922496 0.056586848817922496
3.908125 1.289505807727115 0.05688811414095625 0.05688811414095625
3.89625 1.290489484882271 0.057191782279130264 0.057191782279130264
3.8843750000000004 1.2914797711173507 0.0574978787655419 0.0574978787655419
3.8724999999999996 1.2924767323723434 0.05780642947242018 0.05780642947242018
3.8606249999999998 1.2934804354570648 0.05811746061653501 0.05811746061653501
3.84875 1.2944909480654025 0.05843099876470772 0.05843099876470772
3.836875 1.2955083387898407 0.0587470708394241 0.0587470708394241
3.825 1.2965326771362693 0.059065704124553045 0.059065704124553045
3.8131250000000003 1.297564033539084 0.0593869262711725 0.0593869262711725
3.8012499999999996 1.2986024793765865 0.059710765303505095 0.059710765303505095
3.7893749999999997 1.2996480869866858 0.060037249624966094 0.060037249624966094
3.7775 1.3007009296829162 0.060366408024325864 0.060366408024325864
3.765625 1.3017610817707697 0.06069826968198944 0.06069826968198944
3.75375 1.3028286185643576 0.0610328641763956 0.0610328641763956
3.7418750000000003 1.3039036164034061 0.06137022149053829 0.06137022149053829
3.7299999999999995 1.304986152670592 0.061710372018613034 0.061710372018613034
3.7181249999999997 1.30607630580923 0.062053346572790595 0.062053346572790595
3.70625 1.3071741553413172 0.06239917639012169 0.06239917639012169
3.694375 1.3082797818859446 0.06274789313957463 0.06274789313957463
3.6825 1.3093932671780826 0.06309952892920931 0.06309952892920931
3.6706250000000002 1.310514694087751 0.06345411631349071 0.06345411631349071
3.6587499999999995 1.3116441466395834 0.06381168830074463 0.06381168830074463
3.6468749999999996 1.3127817100327919 0.06417227836075902 0.06417227836075902
3.635 1.3139274706615451 0.06453592043253449 0.06453592043253449
3.623125 1.3150815161357685 0.06490264893218665 0.06490264893218665
3.61125 1.3162439353023756 0.06527249876100427 0.06527249876100427
3.599375 1.317414818266943 0.06564550531366664 0.06564550531366664
3.5875000000000004 1.3185942564158377 0.06602170448662363 0.06602170448662363
3.5756249999999996 1.3197823424388095 0.06640113268664222 0.06640113268664222
3.5637499999999998 1.320979170352059 0.06678382683952322 0.06678382683952322
3.551875 1.3221848355217922 0.0671698243989924 0.0671698243989924
3.54 1.323399434688275 0.06755916335576943 0.06755916335576943
3.528125 1.3246230659903981 0.06795188224681933 0.06795188224681933
3.5162500000000003 1.3258558289907687 0.06834802016479012 0.06834802016479012
3.5043749999999996 1.3270978247013363 0.06874761676764149 0.06874761676764149
3.4924999999999997 1.3283491556095703 0.06915071228846828 0.06915071228846828
3.480625 1.3296099257052034 0.0695573475455242 0.0695573475455242
3.46875 1.3308802405075502 0.06996756395244944 0.06996756395244944
3.456875 1.3321602070934213 0.07038140352870766 0.07038140352870766
3.4450000000000003 1.333449934125646 0.07079890891023705 0.07079890891023705
3.4331249999999995 1.3347495318822147 0.07122012336032053 0.07122012336032053
3.4212499999999997 1.3360591122860637 0.07164509078068004 0.07164509078068004
3.409375 1.337378788935515 0.07207385572280074 0.07207385572280074
3.3975 1.3387086771353878 0.07250646339949003 0.07250646339949003
3.385625 1.3400488939287978 0.07294295969667731 0.07294295969667731
3.3737500000000002 1.3413995581296674 0.07338339118546015 0.07338339118546015
3.3618749999999995 1.3427607903559586 0.0738278051344028 0.0738278051344028
3.3499999999999996 1.344132713063651 0.074276249522093 0.074276249522093
3.338125 1.3455154505814835 0.07472877304996359 0.07472877304996359
3.32625 1.3469091291464803 0.07518542515538497 0.07518542515538497
3.314375 1.3483138769402805 0.07564625602503532 0.07564625602503532
3.3025 1.349729824126292 0.0761113166085551 0.0761113166085551
3.2906250000000004 1.3511571028876959 0.07658065863249287 0.07658065863249287
3.2787499999999996 1.352595847466316 0.07705433461454976 0.07705433461454976
3.2668749999999998 1.3540461942023851 0.07753239787812935 0.07753239787812935
3.255 1.3555082815752262 0.07801490256720137 0.07801490256720137
3.243125 1.3569822502448736 0.0785019036614863 0.0785019036614863
3.23125 1.3584682430946637 0.0789934569919688 0.0789934569919688
3.2193750000000003 1.3599664052748148 0.07948961925674894 0.07948961925674894
3.2074999999999996 1.3614768842470293 0.07999044803723868 0.07999044803723868
3.1956249999999997 1.3629998298301402 0.08049600181471282 0.08049600181471282
3.18375 1.3645353942468372 0.08100633998722352 0.08100633998722352
3.171875 1.3660837321714936 0.08152152288688692 0.08152152288688692
3.16 1.367645000779133 0.0820416117975517 0.0820416117975517
3.1481250000000003 1.369219359795559 0.0825666689728595 0.0825666689728595
3.1362499999999995 1.3708069715486884 0.08309675765470652 0.08309675765470652
3.1243749999999997 1.372408001021112 0.08363194209211715 0.08363194209211715
3.1125 1.3740226159039286 0.08417228756054011 0.08417228756054011
3.100625 1.375650986651876 0.08471786038157765 0.08471786038157765
3.08875 1.3772932865398044 0.08526872794315928 0.08526872794315928
3.0768750000000002 1.378949691720526 0.08582495872017153 0.08582495872017153
3.0649999999999995 1.3806203812840803 0.08638662229555563 0.08638662229555563
3.0531249999999996 1.3823055373184563 0.08695378938188487 0.08695378938188487
3.04125 1.3840053449718133 0.08752653184343516 0.08752653184343516
3.029375 1.3857199925162407 0.08810492271876072 0.08810492271876072
3.0175 1.387449671413105 0.08868903624378884 0.08868903624378884
3.005625 1.389194576380028 0.08927894787544718 0.08927894787544718
2.9937500000000004 1.3909549054595414 0.08987473431583794 0.08987473431583794
2.9818749999999996 1.392730860089472 0.09047647353697336 0.09047647353697336
2.9699999999999998 1.3945226451751007 0.09108424480608739 0.09108424480608739
2.958125 1.3963304691631573 0.09169812871153951 0.09169812871153951
2.94625 1.3981545441176935 0.092318207189326 0.092318207189326
2.934375 1.3999950857979002 0.09294456355021553 0.09294456355021553
2.9225000000000003 1.4018523137379202 0.09357728250752582 0.09357728250752582
2.9106249999999996 1.4037264513287195 0.09421645020555885 0.09421645020555885
2.8987499999999997 1.4056177259020752 0.0948621542487126 0.0948621542487126
2.886875 1.4075263688167496 0.095514483731288 0.095514483731288
2.875 1.4094526155469103 0.09617352926800997 0.09617352926800997
2.863125 1.4113967057728674 0.09683938302528244 0.09683938302528244
2.8512500000000003 1.4133588834741997 0.0975121387531978 0.0975121387531978
2.8393749999999995 1.4153393970253398 0.09819189181832143 0.09819189181832143
2.8274999999999997 1.4173384992936962 0.09887873923727318 0.09887873923727318
2.815625 1.4193564477403897 0.0995727797111285 0.0995727797111285
2.80375 1.4213935045236852 0.10027411366066145 0.10027411366066145
2.791875 1.4234499366052031 0.10098284326245394 0.10098284326245394
2.7800000000000002 1.4255260158589962 0.10169907248589584 0.10169907248589584
2.7681249999999995 1.4276220191835831 0.10242290713110101 0.10242290713110101
2.7562499999999996 1.4297382286170306 0.10315445486776532 0.10315445486776532
2.744375 1.4318749314551833 0.10389382527499434 0.10389382527499434
2.7325 1.4340324203731376 0.10464112988212773 0.10464112988212773
2.720625 1.436210993550065 0.10539648221058981 0.10539648221058981
2.70875 1.4384109547974946 0.1061599978167957 0.1061599978167957
2.6968750000000004 1.4406326136911605 0.1069317943361441 0.1069317943361441
2.6849999999999996 1.4428762857065365 0.10771199152812813 0.10771199152812813
2.6731249999999998 1.445142292358172 0.10850071132259718 0.10850071132259718
2.66125 1.447430961342957 0.10929807786720415 0.10929807786720415
2.649375 1.449742626687442 0.11010421757607235 0.11010421757607235
2.6375 1.4520776288993504 0.11091925917971876 0.11091925917971876
2.6256250000000003 1.4544363151234165 0.11174333377627149 0.11174333377627149
2.6137499999999996 1.4568190393017006 0.11257657488401925 0.11257657488401925
2.6018749999999997 1.4592261623385203 0.11341911849533377 0.11341911849533377
2.59 1.4616580522701657 0.11427110313200649 0.11427110313200649
2.578125 1.4641150844395459 0.1151326699020419 0.1151326699020419
2.56625 1.4665976416759463 0.1160039625579525 0.1160039625579525
2.5543750000000003 1.469106114480062 0.11688512755660081 0.11688512755660081
2.5424999999999995 1.47164090121449 0.11777631412063672 0.11777631412063672
2.5306249999999997 1.4742024082998704 0.11867767430157777 0.11867767430157777
2.51875 1.476791050416867 0.11958936304458585 0.11958936304458585
2.506875 1.4794072507141942 0.12051153825499011 0.12051153825499011
2.495 1.482051441022895 0.12144436086661302 0.12144436086661302
2.4831250000000002 1.484724062077096 0.12238799491195482 0.12238799491195482
2.4712499999999995 1.4874255637414613 0.12334260759429534 0.12334260759429534
2.4593749999999996 1.4901564052455831 0.12430836936177384 0.12430836936177384
2.4475 1.4929170554255597 0.12528545398351 0.12528545398351
2.435625 1.4957079929730097 0.1262740386278308 0.1262740386278308
2.42375 1.4985297066917966 0.12727430394267075 0.12727430394267075
2.411875 1.501382695762735 0.12828643413821642 0.12828643413821642
2.4000000000000004 1.504267470016574 0.1293106170718664 0.1293106170718664
2.3881249999999996 1.5071845502155508 0.13034704433558367 0.13034704433558367
2.3762499999999998 1.5101344683438378 0.13139591134571654 0.13139591134571654
2.364375 1.5131177679072005 0.13245741743537154 0.13245741743537154
2.3525 1.5161350042422133 0.13353176594941985 0.13353176594941985
2.340625 1.5191867448353835 0.1346191643422264 0.1346191643422264
2.3287500000000003 1.5222735696525573 0.13571982427819104 0.13571982427819104
2.3168749999999996 1.52539607147899 0.13683396173519644 0.13683396173519644
2.3049999999999997 1.528554856270483 0.1379617971110598 0.1379617971110598
2.293125 1.5317505435160108 0.1391035553330904 0.1391035553330904
2.28125 1.5349837666122692 0.14025946597085767 0.14025946597085767
2.269375 1.538255173250608 0.14142976335227878 0.14142976335227878
2.2575000000000003 1.541565425816818 0.14261468668314087 0.14261468668314087
2.2456249999999995 1.5449152018042778 0.14381448017017448 0.14381448017017448
2.2337499999999997 1.548305194240972 0.14502939314780142 0.14502939314780142
2.221875 1.5517361121309303 0.14625968020868552 0.14625968020868552
2.21 1.55520868091065 0.1475056013382176 0.1475056013382176
2.198125 1.5587236429210967 0.14876742205307392 0.14876742205307392
2.1862500000000002 1.5622817578959018 0.1500454135439907 0.1500454135439907
2.1743749999999995 1.5658838034664049 0.15133985282290527 0.15133985282290527
2.1624999999999996 1.569530575684215 0.1526510228746179 0.1526510228746179
2.150625 1.5732228895620064 0.15397921281313837 0.15397921281313837
2.13875 1.5769615796332803 0.15532471804288292 0.15532471804288292
2.126875 1.5807475005318756 0.1566878404248998 0.1566878404248998
2.115 1.584581527592035 0.15806888844830458 0.15806888844830458
2.1031249999999995 1.5884645574698806 0.1594681774071165 0.1594681774071165
2.0912499999999996 1.5923975087871847 0.16088602958269352 0.16088602958269352
2.0793749999999998 1.5963813227983732 0.1623227744319744 0.1623227744319744
2.0675 1.6004169640817323 0.16377874878174187 0.16377874878174187
2.055625 1.6045054212558476 0.1652542970291326 0.1652542970291326
2.04375 1.6086477077223467 0.16674977134862867 0.16674977134862867
2.0318750000000003 1.6128448624360705 0.168265531905775 0.168265531905775
2.0199999999999996 1.6170979507038568 0.16980194707787807 0.16980194707787807
2.0081249999999997 1.6214080650131688 0.1713593936819526 0.1713593936819526
1.9962499999999999 1.6257763258918803 0.1729382572101948 0.1729382572101948
1.984375 1.6302038828005674 0.17453893207327204 0.17453893207327204
1.9725000000000001 1.6346919150587556 0.17616182185173332 0.17616182185173332
1.9606250000000003 1.639241632806616 0.17780733955585704 0.17780733955585704
1.9487500000000004 1.643854278003702 0.17947590789426796 0.17947590789426796
1.9368750000000006 1.6485311254663835 0.18116795955166973 0.18116795955166973
1.9250000000000007 1.6532734839457315 0.18288393747605514 0.18288393747605514
1.913124999999999 1.65808269724769 0.1846242951757734 0.1846242951757734
1.9012499999999992 1.6629601453974687 0.18638949702684934 0.18638949702684934
1.8893749999999994 1.6679072458502016 0.18818001859097305 0.18818001859097305
1.8774999999999995 1.6729254547499994 0.1899963469445896 0.1899963469445896
1.8656249999999996 1.6780162682396695 0.19183898101954627 0.19183898101954627
1.8537499999999998 1.6831812238234702 0.19370843195577334 0.19370843195577334
1.841875 1.6884219017854094 0.19560522346649645 0.19560522346649645
1.83 1.6937399266657303 0.19752989221650413 0.19752989221650413
1.8181250000000002 1.699136968798365 0.19948298821401786 0.19948298821401786
1.8062500000000004 1.7046147459122962 0.2014650752167403 0.2014650752167403
1.7943750000000005 1.7101750247999283 0.20347673115268333 0.20347673115268333
1.7825000000000006 1.7158196230557379 0.20551854855640925 0.20551854855640925
1.7706250000000008 1.7215504108886577 0.2075911350213487 0.2075911350213487
1.7587499999999991 1.7273693130118477 0.2096951136688927 0.2096951136688927
1.7468749999999993 1.7332783106137017 0.21183112363498835 0.21183112363498835
1.7349999999999994 1.7392794434141825 0.21399982057501246 0.21399982057501246
1.7231249999999996 1.7453748118107741 0.216201877187725 0.216201877187725
1.7112499999999997 1.7515665791186323 0.21843798375915577 0.21843798375915577
1.6993749999999999 1.7578569739097465 0.22070884872731716 0.22070884872731716
1.6875 1.7642482924562295 0.22301519926868227 0.22301519926868227
1.6756250000000001 1.770742901283147 0.22535778190741745 0.22535778190741745
1.6637500000000003 1.777343239836617 0.2277373631484115 0.2277373631484115
1.6518750000000004 1.7840518232732636 0.23015473013519677 0.23015473013519677
1.6400000000000006 1.7908712453774664 0.2326106913339188 0.2326106913339188
1.6281250000000007 1.797804181613246 0.23510607724457097 0.23510607724457097
1.616249999999999 1.804853392318043 0.2376417411407791 0.2376417411407791
1.6043749999999992 1.812021726046094 0.24021855983948623 0.24021855983948623
1.5924999999999994 1.8193121230696019 0.2428374345019738 0.2428374345019738
1.5806249999999995 1.82672761904638 0.2454992914677173 0.2454992914677173
1.5687499999999996 1.8342713488632385 0.24820508312267595 0.24820508312267595
1.5568749999999998 1.8419465506649424 0.25095578880369485 0.25095578880369485
1.545 1.8497565700792098 0.2537524157407985 0.2537524157407985
1.533125 1.857704864648907 0.2565960000392539 0.2565960000392539
1.5212500000000002 1.8657950084833037 0.25948760770339174 0.25948760770339174
1.5093750000000004 1.8740306971410525 0.2624283357042888 0.2624283357042888
1.4975000000000005 1.8824157527583802 0.2654193130935384 0.2654193130935384
1.4856250000000006 1.8909541294368892 0.26846170216546633 0.26846170216546633
1.4737500000000008 1.8996499189063305 0.27155669967029233 0.27155669967029233
1.4618749999999991 1.9085073564787567 0.27470553808088555 0.27470553808088555
1.4499999999999993 1.9175308273115825 0.27790948691592077 0.27790948691592077
1.4381249999999994 1.9267248729983013 0.28116985412242324 0.28116985412242324
1.4262499999999996 1.9360941985068882 0.28448798752085774 0.28448798752085774
1.4143749999999997 1.9456436794873537 0.28786527631612924 0.28786527631612924
1.4024999999999999 1.9553783699714082 0.29130315267806417 0.29130315267806417
1.390625 1.9653035104888577 0.2948030933951705 0.2948030933951705
1.3787500000000001 1.975424536627105 0.2983666216057151 0.2983666216057151
1.3668750000000003 1.9857470880620618 0.3019953086104173 0.3019953086104173
1.3550000000000004 1.9962770180908431 0.3056907757713378 0.3056907757713378
1.3431250000000006 2.0070204036988692 0.30945469650183777 0.30945469650183777
1.3312500000000007 2.0179835561964277 0.3132887983528098 0.3132887983528098
1.319374999999999 2.029173032462396 0.3171948652007255 0.3171948652007255
1.3074999999999992 2.0405956468356745 0.321174739543415 0.321174739543415
1.2956249999999994 2.0522584836980275 0.32523032490990905 0.32523032490990905
1.2837499999999995 2.0641689107953525 0.32936358839108215 0.32936358839108215
1.2718749999999996 2.0763345933481396 0.3335765632983282 0.3335765632983282
1.2599999999999998 2.0887635090058363 0.3378713519579877 0.3378713519579877
1.248125 2.101463963704221 0.3422501286497963 0.3422501286497963
1.23625 2.114444608489637 0.3467151426982102 0.3467151426982102
1.2243750000000002 2.127714457379108 0.3512687217261021 0.3512687217261021
1.2125000000000004 2.1412829063310483 0.35591327508100923 0.35591327508100923
1.2006250000000005 2.155159753407446 0.36065129744486113 0.36065129744486113
1.1887500000000006 2.1693552202151745 0.3654853726389237 0.3654853726389237
1.1768750000000008 2.1838799747215 0.3704181776365744 0.3704181776365744
1.1649999999999991 2.198745155546981 0.3754524867974752 0.3754524867974752
1.1531249999999993 2.2139623978478244 0.3805911763377428 0.3805911763377428
1.1412499999999994 2.229543860909614 0.3858372290518561 0.3858372290518561
1.1293749999999996 2.2455022575849695 0.3911937393032391 0.3911937393032391
1.1174999999999997 2.2618508857195962 0.39666391830182335 0.39666391830182335
1.1056249999999999 2.278603661724143 0.40225109968833045 0.40225109968833045
1.09375 2.2957751564636357 0.4079587454466118 0.4079587454466118
1.0818750000000001 2.3133806336520593 0.4137904521671212 0.4137904521671212
1.0700000000000003 2.331436090957132 0.41974995768648804 0.41974995768648804
1.0581250000000004 2.349958304039613 0.425841148130245 0.425841148130245
1.0462500000000006 2.3689648737728466 0.4320680653880339 0.4320680653880339
1.0343750000000007 2.3884742769119196 0.4384349150531169 0.4384349150531169
1.022499999999999 2.4085059205080714 0.4449460748607578 0.4449460748607578
1.0106249999999992 2.429080200393119 0.4516061036630456 0.4516061036630456
0.9987499999999994 2.4502185640911516 0.4584197509810675 0.4584197509810675
0.9868749999999995 2.471943578550722 0.4653919671789562 0.4653919671789562
0.9749999999999996 2.4942790031311013 0.47252791430838875 0.47252791430838875
0.9631249999999998 2.517249868320963 0.4798329776765479 0.4798329776765479
0.9512499999999999 2.5408825607180834 0.4873127781954594 0.4873127781954594
0.9393750000000001 2.5652049148547276 0.49497318557606057 0.49497318557606057
0.9275000000000002 2.590246312516324 0.5028203324363718 0.5028203324363718
0.9156250000000004 2.6160377902715686 0.5108606293998125 0.5108606293998125
0.9037500000000005 2.642612156011432 0.5191007812671246 0.5191007812671246
0.8918750000000006 2.670004115383763 0.5275478043536094 0.5275478043536094
0.879999999999999 2.6982504091107953 0.5362090450925663 0.5362090450925663
0.8681249999999991 2.727389962290364 0.5450922000160564 0.5450922000160564
0.8562499999999993 2.757464046910119 0.5542053372355773 0.5542053372355773
0.8443749999999994 2.7885164589492675 0.5635569195579802 0.5635569195579802
0.8324999999999996 2.8205937116074473 0.573155829386337 0.573155829386337
0.8206249999999997 2.8537452463876773 0.5830113955715104 0.5830113955715104
0.8087499999999999 2.8880236639737364 0.5931334223982471 0.5931334223982471
0.796875 2.9234849770856197 0.6035322209099538 0.6035322209099538
0.7850000000000001 2.960188887774817 0.6142186427992149 0.6142186427992149
0.7731250000000003 2.998199091939406 0.6252041171170127 0.6252041171170127
0.7612500000000004 3.0375836142041486 0.6365006900828787 0.6365006900828787
0.7493750000000006 3.0784151767304615 0.6481210683113986 0.6481210683113986
0.7375000000000007 3.120771606004613 0.6600786658081855 0.6600786658081855
0.7256249999999991 3.1647362822106424 0.6723876551313103 0.6723876551313103
0.7137499999999992 3.2103986364401704 0.6850630231630631 0.6850630231630631
0.7018749999999994 3.257854701740315 0.6981206319928054 0.6981206319928054
0.6899999999999995 3.3072077248712155 0.7115772854755434 0.7115772854755434
0.6781249999999996 3.3585688466593044 0.7254508021043106 0.7254508021043106
0.6662499999999998 3.41205786001766 0.7397600949187512 0.7397600949187512
0.6543749999999999 3.46780405609296 0.7545252592696168 0.7545252592696168
0.6425000000000001 3.525947170629521 0.7697676693712375 0.7697676693712375
0.6306250000000002 3.5866384445615185 0.7855100847042892 0.7855100847042892
0.6187500000000004 3.650041815113911 0.8017767674823768 0.8017767674823768
0.6068750000000005 3.7163352563813947 0.818593612572129 0.818593612572129
0.5950000000000006 3.7857122915509582 0.8359882914622203 0.8359882914622203
0.583124999999999 3.858383702745345 0.8539904121177191 0.8539904121177191
0.5712499999999991 3.9345794690256346 0.8726316968392818 0.8726316968392818
0.5593749999999993 4.01455096856833 0.8919461805804733 0.8919461805804733
0.5474999999999994 4.098573487632925 0.9119704325709687 0.9119704325709687
0.5356249999999996 4.186949086921908 0.9327438045617057 0.9327438045617057
0.5237499999999997 4.280009885634671 0.9543087095654363 0.9543087095654363
0.5118749999999999 4.378121835347012 0.9767109356323659 0.9767109356323659
0.5 4.48168903787737 1.00000000724296 1.00000000724296
