###############PARAM###############
1.000043e+02 
201 
###################################
2.500000e-01 9.709946e+00 1.831842e+01 -1.220347e+00
2.987500e-01 7.450831e+00 1.141028e+01 -8.029267e-01
3.475000e-01 5.928856e+00 8.745063e+00 -7.680317e-01
3.962500e-01 5.112984e+00 6.971332e+00 -6.892645e-01
4.450000e-01 4.489082e+00 5.854174e+00 -6.239826e-01
4.937500e-01 4.044476e+00 5.047948e+00 -5.635847e-01
5.425000e-01 3.693421e+00 4.449116e+00 -5.114508e-01
5.912500e-01 3.414516e+00 3.985325e+00 -4.659376e-01
6.400000e-01 3.185794e+00 3.617026e+00 -4.262638e-01
6.887500e-01 2.995408e+00 3.318079e+00 -3.914830e-01
7.375000e-01 2.834395e+00 3.071150e+00 -3.608444e-01
7.862500e-01 2.696562e+00 2.864139e+00 -3.337153e-01
8.350000e-01 2.577292e+00 2.688383e+00 -3.095767e-01
8.837500e-01 2.473130e+00 2.537516e+00 -2.880003e-01
9.325000e-01 2.381418e+00 2.406762e+00 -2.686315e-01
9.812500e-01 2.300085e+00 2.292474e+00 -2.511756e-01
1.030000e+00 2.227489e+00 2.191820e+00 -2.353858e-01
1.078750e+00 2.162321e+00 2.102571e+00 -2.210539e-01
1.127500e+00 2.103511e+00 2.022949e+00 -2.080039e-01
1.176250e+00 2.050191e+00 1.951523e+00 -1.960858e-01
1.225000e+00 2.001637e+00 1.887126e+00 -1.851708e-01
1.273750e+00 1.957248e+00 1.828797e+00 -1.751484e-01
1.322500e+00 1.916521e+00 1.775742e+00 -1.659231e-01
1.371250e+00 1.879027e+00 1.727295e+00 -1.574120e-01
1.420000e+00 1.844402e+00 1.682898e+00 -1.495424e-01
1.468750e+00 1.812334e+00 1.642075e+00 -1.422511e-01
1.517500e+00 1.782551e+00 1.604424e+00 -1.354823e-01
1.566250e+00 1.754826e+00 1.569597e+00 -1.291871e-01
1.615000e+00 1.728954e+00 1.537297e+00 -1.233221e-01
1.663750e+00 1.704759e+00 1.507263e+00 -1.178487e-01
1.712500e+00 1.682084e+00 1.479272e+00 -1.127327e-01
1.761250e+00 1.660793e+00 1.453127e+00 -1.079435e-01
1.810000e+00 1.640766e+00 1.428654e+00 -1.034537e-01
1.858750e+00 1.621894e+00 1.405702e+00 -9.923877e-02
1.907500e+00 1.604082e+00 1.384137e+00 -9.527672e-02
1.956250e+00 1.587243e+00 1.363838e+00 -9.154761e-02
2.005000e+00 1.571300e+00 1.344700e+00 -8.803352e-02
2.053750e+00 1.556187e+00 1.326629e+00 -8.471810e-02
2.102500e+00 1.541839e+00 1.309538e+00 -8.158674e-02
2.151250e+00 1.528201e+00 1.293352e+00 -7.862593e-02
2.200000e+00 1.515222e+00 1.278002e+00 -7.582344e-02
2.248750e+00 1.502856e+00 1.263426e+00 -7.316820e-02
2.297500e+00 1.491062e+00 1.249568e+00 -7.065020e-02
2.346250e+00 1.479802e+00 1.236377e+00 -6.826014e-02
2.395000e+00 1.469039e+00 1.223807e+00 -6.598938e-02
2.443750e+00 1.458742e+00 1.211816e+00 -6.383012e-02
2.492500e+00 1.448881e+00 1.200365e+00 -6.177496e-02
2.541250e+00 1.439431e+00 1.189420e+00 -5.981727e-02
2.590000e+00 1.430366e+00 1.178947e+00 -5.795139e-02
2.638750e+00 1.421663e+00 1.168918e+00 -5.617141e-02
2.687500e+00 1.413301e+00 1.159305e+00 -5.447193e-02
2.736250e+00 1.405261e+00 1.150083e+00 -5.284827e-02
2.785000e+00 1.397526e+00 1.141230e+00 -5.129616e-02
2.833750e+00 1.390076e+00 1.132723e+00 -4.981174e-02
2.882500e+00 1.382898e+00 1.124543e+00 -4.839099e-02
2.931250e+00 1.375976e+00 1.116673e+00 -4.703012e-02
2.980000e+00 1.369293e+00 1.109094e+00 -4.572584e-02
3.028750e+00 1.362843e+00 1.101791e+00 -4.447503e-02
3.077500e+00 1.356614e+00 1.094750e+00 -4.327468e-02
3.126250e+00 1.350592e+00 1.087957e+00 -4.212219e-02
3.175000e+00 1.344768e+00 1.081399e+00 -4.101520e-02
3.223750e+00 1.339139e+00 1.075065e+00 -3.995139e-02
3.272500e+00 1.333690e+00 1.068942e+00 -3.892848e-02
3.321250e+00 1.328414e+00 1.063021e+00 -3.794439e-02
3.370000e+00 1.323304e+00 1.057293e+00 -3.699715e-02
3.418750e+00 1.318350e+00 1.051747e+00 -3.608489e-02
3.467500e+00 1.313543e+00 1.046376e+00 -3.520600e-02
3.516250e+00 1.308880e+00 1.041172e+00 -3.435882e-02
3.565000e+00 1.304352e+00 1.036126e+00 -3.354189e-02
3.613750e+00 1.299953e+00 1.031232e+00 -3.275375e-02
3.662500e+00 1.295673e+00 1.026483e+00 -3.199306e-02
3.711250e+00 1.291502e+00 1.021873e+00 -3.125857e-02
3.760000e+00 1.287447e+00 1.017396e+00 -3.054910e-02
3.808750e+00 1.283505e+00 1.013046e+00 -2.986351e-02
3.857500e+00 1.279666e+00 1.008819e+00 -2.920075e-02
3.906250e+00 1.275931e+00 1.004708e+00 -2.855980e-02
3.955000e+00 1.272300e+00 1.000710e+00 -2.793969e-02
4.003750e+00 1.268771e+00 9.968186e-01 -2.733966e-02
4.052500e+00 1.265320e+00 9.930313e-01 -2.675876e-02
4.101250e+00 1.261957e+00 9.893434e-01 -2.619621e-02
4.150000e+00 1.258678e+00 9.857510e-01 -2.565123e-02
4.198750e+00 1.255480e+00 9.822506e-01 -2.512291e-02
4.247500e+00 1.252358e+00 9.788387e-01 -2.461060e-02
4.296250e+00 1.249309e+00 9.755121e-01 -2.411366e-02
4.345000e+00 1.246333e+00 9.722674e-01 -2.363160e-02
4.393750e+00 1.243428e+00 9.691018e-01 -2.316411e-02
4.442500e+00 1.240589e+00 9.660126e-01 -2.271060e-02
4.491250e+00 1.237815e+00 9.629968e-01 -2.227029e-02
4.540000e+00 1.235105e+00 9.600521e-01 -2.184261e-02
4.588750e+00 1.232456e+00 9.571759e-01 -2.142710e-02
4.637500e+00 1.229869e+00 9.543658e-01 -2.102339e-02
4.686250e+00 1.227333e+00 9.516197e-01 -2.063092e-02
4.735000e+00 1.224852e+00 9.489353e-01 -2.024927e-02
4.783750e+00 1.222424e+00 9.463107e-01 -1.987824e-02
4.832500e+00 1.220048e+00 9.437439e-01 -1.951738e-02
4.881250e+00 1.217723e+00 9.412330e-01 -1.916625e-02
4.930000e+00 1.215450e+00 9.387761e-01 -1.882461e-02
4.978750e+00 1.213233e+00 9.363717e-01 -1.849201e-02
5.027500e+00 1.211062e+00 9.340179e-01 -1.816809e-02
5.076250e+00 1.208935e+00 9.317134e-01 -1.785248e-02
5.125000e+00 1.206851e+00 9.294564e-01 -1.754489e-02
5.173750e+00 1.204808e+00 9.272455e-01 -1.724516e-02
5.222500e+00 1.202806e+00 9.250795e-01 -1.695310e-02
5.271250e+00 1.200841e+00 9.229568e-01 -1.666853e-02
5.320000e+00 1.198915e+00 9.208763e-01 -1.639122e-02
5.368750e+00 1.197027e+00 9.188367e-01 -1.612079e-02
5.417500e+00 1.195174e+00 9.168369e-01 -1.585701e-02
5.466250e+00 1.193355e+00 9.148756e-01 -1.559971e-02
5.515000e+00 1.191570e+00 9.129519e-01 -1.534855e-02
5.563750e+00 1.189818e+00 9.110645e-01 -1.510333e-02
5.612500e+00 1.188097e+00 9.092125e-01 -1.486399e-02
5.661250e+00 1.186407e+00 9.073948e-01 -1.463035e-02
5.710000e+00 1.184749e+00 9.056107e-01 -1.440221e-02
5.758750e+00 1.183124e+00 9.038591e-01 -1.417935e-02
5.807500e+00 1.181524e+00 9.021392e-01 -1.396160e-02
5.856250e+00 1.179950e+00 9.004501e-01 -1.374879e-02
5.905000e+00 1.178390e+00 8.987911e-01 -1.354074e-02
5.953750e+00 1.176860e+00 8.971613e-01 -1.333736e-02
6.002500e+00 1.175353e+00 8.955599e-01 -1.313855e-02
6.051250e+00 1.173869e+00 8.939863e-01 -1.294416e-02
6.100000e+00 1.172411e+00 8.924397e-01 -1.275401e-02
6.148750e+00 1.170975e+00 8.909195e-01 -1.256805e-02
6.197500e+00 1.169566e+00 8.894249e-01 -1.238617e-02
6.246250e+00 1.168176e+00 8.879554e-01 -1.220822e-02
6.295000e+00 1.166810e+00 8.865103e-01 -1.203408e-02
6.343750e+00 1.165463e+00 8.850890e-01 -1.186358e-02
6.392500e+00 1.164139e+00 8.836910e-01 -1.169666e-02
6.441250e+00 1.162835e+00 8.823156e-01 -1.153331e-02
6.490000e+00 1.161553e+00 8.809623e-01 -1.137338e-02
6.538750e+00 1.160290e+00 8.796307e-01 -1.121672e-02
6.587500e+00 1.159051e+00 8.783201e-01 -1.106327e-02
6.636250e+00 1.157835e+00 8.770301e-01 -1.091299e-02
6.685000e+00 1.156635e+00 8.757603e-01 -1.076577e-02
6.733750e+00 1.155456e+00 8.745100e-01 -1.062143e-02
6.782500e+00 1.154289e+00 8.732790e-01 -1.047995e-02
6.831250e+00 1.153136e+00 8.720667e-01 -1.034134e-02
6.880000e+00 1.151999e+00 8.708727e-01 -1.020550e-02
6.928750e+00 1.150882e+00 8.696967e-01 -1.007225e-02
6.977500e+00 1.149779e+00 8.685382e-01 -9.941576e-03
7.026250e+00 1.148697e+00 8.673968e-01 -9.813477e-03
7.075000e+00 1.147642e+00 8.662722e-01 -9.687890e-03
7.123750e+00 1.146603e+00 8.651639e-01 -9.564725e-03
7.172500e+00 1.145575e+00 8.640717e-01 -9.443866e-03
7.221250e+00 1.144558e+00 8.629952e-01 -9.325191e-03
7.270000e+00 1.143558e+00 8.619340e-01 -9.208779e-03
7.318750e+00 1.142574e+00 8.608878e-01 -9.094564e-03
7.367500e+00 1.141600e+00 8.598563e-01 -8.982470e-03
7.416250e+00 1.140643e+00 8.588393e-01 -8.872456e-03
7.465000e+00 1.139697e+00 8.578363e-01 -8.764468e-03
7.513750e+00 1.138761e+00 8.568472e-01 -8.658437e-03
7.562500e+00 1.137834e+00 8.558716e-01 -8.554255e-03
7.611250e+00 1.136917e+00 8.549092e-01 -8.451900e-03
7.660000e+00 1.136015e+00 8.539599e-01 -8.351326e-03
7.708750e+00 1.135122e+00 8.530233e-01 -8.252387e-03
7.757500e+00 1.134223e+00 8.520991e-01 -8.155113e-03
7.806250e+00 1.133335e+00 8.511873e-01 -8.059525e-03
7.855000e+00 1.132471e+00 8.502874e-01 -7.965622e-03
7.903750e+00 1.131625e+00 8.493993e-01 -7.873400e-03
7.952500e+00 1.130799e+00 8.485227e-01 -7.782749e-03
8.001250e+00 1.129980e+00 8.476574e-01 -7.693621e-03
8.050000e+00 1.129167e+00 8.468032e-01 -7.605979e-03
8.098750e+00 1.128365e+00 8.459599e-01 -7.519796e-03
8.147500e+00 1.127589e+00 8.451272e-01 -7.435080e-03
8.196250e+00 1.126819e+00 8.443050e-01 -7.351851e-03
8.245000e+00 1.126058e+00 8.434931e-01 -7.269982e-03
8.293750e+00 1.125302e+00 8.426912e-01 -7.189431e-03
8.342500e+00 1.124545e+00 8.418993e-01 -7.110187e-03
8.391250e+00 1.123803e+00 8.411170e-01 -7.032243e-03
8.440000e+00 1.123071e+00 8.403443e-01 -6.955582e-03
8.488750e+00 1.122348e+00 8.395809e-01 -6.880141e-03
8.537500e+00 1.121630e+00 8.388267e-01 -6.805913e-03
8.586250e+00 1.120920e+00 8.380816e-01 -6.732864e-03
8.635000e+00 1.120215e+00 8.373454e-01 -6.660979e-03
8.683750e+00 1.119522e+00 8.366178e-01 -6.590247e-03
8.732500e+00 1.118839e+00 8.358988e-01 -6.520630e-03
8.781250e+00 1.118157e+00 8.351882e-01 -6.452140e-03
8.830000e+00 1.117482e+00 8.344859e-01 -6.384731e-03
8.878750e+00 1.116817e+00 8.337918e-01 -6.318318e-03
8.927500e+00 1.116162e+00 8.331055e-01 -6.252947e-03
8.976250e+00 1.115516e+00 8.324272e-01 -6.188619e-03
9.025000e+00 1.114873e+00 8.317565e-01 -6.125268e-03
9.073750e+00 1.114243e+00 8.310934e-01 -6.062861e-03
9.122500e+00 1.113620e+00 8.304378e-01 -6.001397e-03
9.171250e+00 1.113001e+00 8.297895e-01 -5.940862e-03
9.220000e+00 1.112382e+00 8.291484e-01 -5.881221e-03
9.268750e+00 1.111769e+00 8.285144e-01 -5.822487e-03
9.317500e+00 1.111164e+00 8.278873e-01 -5.764630e-03
9.366250e+00 1.110570e+00 8.272671e-01 -5.707607e-03
9.415000e+00 1.109980e+00 8.266537e-01 -5.651430e-03
9.463750e+00 1.109396e+00 8.260469e-01 -5.596050e-03
9.512500e+00 1.108817e+00 8.254467e-01 -5.541485e-03
9.561250e+00 1.108242e+00 8.248528e-01 -5.487729e-03
9.610000e+00 1.107675e+00 8.242653e-01 -5.434729e-03
9.658750e+00 1.107117e+00 8.236840e-01 -5.382475e-03
9.707500e+00 1.106573e+00 8.231088e-01 -5.331003e-03
9.756250e+00 1.106038e+00 8.225398e-01 -5.280027e-03
9.805000e+00 1.105506e+00 8.219755e-01 -5.230475e-03
9.853750e+00 1.104980e+00 8.214205e-01 -5.177193e-03
9.902500e+00 1.104431e+00 8.208501e-01 -5.137696e-03
9.951250e+00 1.103936e+00 8.203478e-01 -4.997001e-03
1.000000e+01 1.103003e+00 8.193690e-01 -5.666300e-03
