# Michel's model for spherical accretion 
# Model parameters: gamma = 1.66666666667 , a_inf = 0.01
# a_max = 0.816496580928
# Critical values: r_c = 76.2515514718 , v_c = 0.0809768091976
#                  a_c = 0.0817852332697 , rho_c = 555.259561068
# Accretion rate: alpha = 261429.18831
# Units: length = M, velocity = c, density = rho_inf
# Columns: radius, density, velocity, sound_speed
2.500000e+00 6.194445e+04 5.819518e+03 6.752610e-01 3.560872e-01 -1.864285e+00 -3.728569e-01 8.337335e-01
2.543860e+00 6.048260e+04 5.592429e+03 6.679398e-01 3.537956e-01 -1.778236e+00 -3.801746e-01 8.222165e-01
2.587719e+00 5.907950e+04 5.377880e+03 6.608196e-01 3.515511e-01 -1.701914e+00 -3.865363e-01 8.110804e-01
2.631579e+00 5.773185e+04 5.174982e+03 6.538916e-01 3.493521e-01 -1.633617e+00 -3.920682e-01 8.003058e-01
2.675439e+00 5.643657e+04 4.982922e+03 6.471478e-01 3.471971e-01 -1.572037e+00 -3.968750e-01 7.898749e-01
2.719298e+00 5.519082e+04 4.800957e+03 6.405803e-01 3.450846e-01 -1.516146e+00 -4.010449e-01 7.797708e-01
2.763158e+00 5.399193e+04 4.628403e+03 6.341819e-01 3.430131e-01 -1.465122e+00 -4.046528e-01 7.699778e-01
2.807018e+00 5.283743e+04 4.464635e+03 6.279457e-01 3.409814e-01 -1.418305e+00 -4.077627e-01 7.604813e-01
2.850877e+00 5.172503e+04 4.309077e+03 6.218653e-01 3.389881e-01 -1.375151e+00 -4.104297e-01 7.512675e-01
2.894737e+00 5.065256e+04 4.161201e+03 6.159345e-01 3.370320e-01 -1.335212e+00 -4.127018e-01 7.423235e-01
2.938596e+00 4.961801e+04 4.020518e+03 6.101474e-01 3.351119e-01 -1.298111e+00 -4.146205e-01 7.336371e-01
2.982456e+00 4.861951e+04 3.886578e+03 6.044987e-01 3.332268e-01 -1.263532e+00 -4.162225e-01 7.251969e-01
3.026316e+00 4.765528e+04 3.758964e+03 5.989830e-01 3.313755e-01 -1.231207e+00 -4.175398e-01 7.169923e-01
3.070175e+00 4.672369e+04 3.637293e+03 5.935955e-01 3.295570e-01 -1.200904e+00 -4.186008e-01 7.090130e-01
3.114035e+00 4.582317e+04 3.521207e+03 5.883313e-01 3.277704e-01 -1.172425e+00 -4.194308e-01 7.012495e-01
3.157895e+00 4.495227e+04 3.410377e+03 5.831861e-01 3.260147e-01 -1.145596e+00 -4.200520e-01 6.936930e-01
3.201754e+00 4.410962e+04 3.304496e+03 5.781556e-01 3.242889e-01 -1.120269e+00 -4.204844e-01 6.863348e-01
3.245614e+00 4.329393e+04 3.203279e+03 5.732358e-01 3.225924e-01 -1.096310e+00 -4.207458e-01 6.791669e-01
3.289474e+00 4.250400e+04 3.106462e+03 5.684227e-01 3.209241e-01 -1.073603e+00 -4.208523e-01 6.721817e-01
3.333333e+00 4.173868e+04 3.013798e+03 5.637128e-01 3.192833e-01 -1.052046e+00 -4.208183e-01 6.653721e-01
3.377193e+00 4.099688e+04 2.925058e+03 5.591025e-01 3.176693e-01 -1.031547e+00 -4.206566e-01 6.587313e-01
3.421053e+00 4.027760e+04 2.840027e+03 5.545886e-01 3.160813e-01 -1.012024e+00 -4.203791e-01 6.522527e-01
3.464912e+00 3.957988e+04 2.758505e+03 5.501677e-01 3.145185e-01 -9.934040e-01 -4.199961e-01 6.459302e-01
3.508772e+00 3.890280e+04 2.680306e+03 5.458370e-01 3.129805e-01 -9.756219e-01 -4.195174e-01 6.397581e-01
3.552632e+00 3.824550e+04 2.605256e+03 5.415934e-01 3.114663e-01 -9.586181e-01 -4.189516e-01 6.337307e-01
3.596491e+00 3.760718e+04 2.533189e+03 5.374342e-01 3.099755e-01 -9.423391e-01 -4.183066e-01 6.278429e-01
3.640351e+00 3.698706e+04 2.463955e+03 5.333567e-01 3.085075e-01 -9.267362e-01 -4.175896e-01 6.220895e-01
3.684211e+00 3.638441e+04 2.397408e+03 5.293585e-01 3.070616e-01 -9.117655e-01 -4.168071e-01 6.164660e-01
3.728070e+00 3.579854e+04 2.333414e+03 5.254370e-01 3.056373e-01 -8.973866e-01 -4.159651e-01 6.109677e-01
3.771930e+00 3.522879e+04 2.271848e+03 5.215899e-01 3.042340e-01 -8.835628e-01 -4.150690e-01 6.055903e-01
3.815789e+00 3.467454e+04 2.212589e+03 5.178150e-01 3.028512e-01 -8.702604e-01 -4.141239e-01 6.003296e-01
3.859649e+00 3.413519e+04 2.155527e+03 5.141101e-01 3.014884e-01 -8.574485e-01 -4.131343e-01 5.951818e-01
3.903509e+00 3.361018e+04 2.100557e+03 5.104732e-01 3.001452e-01 -8.450987e-01 -4.121043e-01 5.901431e-01
3.947368e+00 3.309897e+04 2.047579e+03 5.069023e-01 2.988210e-01 -8.331849e-01 -4.110379e-01 5.852098e-01
3.991228e+00 3.260106e+04 1.996500e+03 5.033955e-01 2.975154e-01 -8.216828e-01 -4.099385e-01 5.803787e-01
4.035088e+00 3.211595e+04 1.947232e+03 4.999509e-01 2.962280e-01 -8.105701e-01 -4.088093e-01 5.756462e-01
4.078947e+00 3.164318e+04 1.899692e+03 4.965669e-01 2.949583e-01 -7.998262e-01 -4.076533e-01 5.710095e-01
4.122807e+00 3.118231e+04 1.853803e+03 4.932417e-01 2.937059e-01 -7.894317e-01 -4.064734e-01 5.664653e-01
4.166667e+00 3.073292e+04 1.809489e+03 4.899737e-01 2.924704e-01 -7.793690e-01 -4.052719e-01 5.620109e-01
4.210526e+00 3.029460e+04 1.766682e+03 4.867614e-01 2.912515e-01 -7.696212e-01 -4.040511e-01 5.576435e-01
4.254386e+00 2.986697e+04 1.725315e+03 4.836032e-01 2.900487e-01 -7.601730e-01 -4.028133e-01 5.533605e-01
4.298246e+00 2.944966e+04 1.685325e+03 4.804976e-01 2.888617e-01 -7.510099e-01 -4.015604e-01 5.491592e-01
4.342105e+00 2.904233e+04 1.646653e+03 4.774434e-01 2.876901e-01 -7.421184e-01 -4.002942e-01 5.450373e-01
4.385965e+00 2.864463e+04 1.609244e+03 4.744391e-01 2.865337e-01 -7.334859e-01 -3.990163e-01 5.409925e-01
4.429825e+00 2.825625e+04 1.573043e+03 4.714835e-01 2.853921e-01 -7.251005e-01 -3.977284e-01 5.370224e-01
4.473684e+00 2.787687e+04 1.538000e+03 4.685753e-01 2.842649e-01 -7.169511e-01 -3.964318e-01 5.331250e-01
4.517544e+00 2.750621e+04 1.504068e+03 4.657133e-01 2.831518e-01 -7.090274e-01 -3.951279e-01 5.292981e-01
4.561404e+00 2.714397e+04 1.471201e+03 4.628963e-01 2.820526e-01 -7.013194e-01 -3.938178e-01 5.255398e-01
4.605263e+00 2.678990e+04 1.439356e+03 4.601232e-01 2.809670e-01 -6.938180e-01 -3.925027e-01 5.218481e-01
4.649123e+00 2.644373e+04 1.408491e+03 4.573929e-01 2.798947e-01 -6.865144e-01 -3.911837e-01 5.182212e-01
4.692982e+00 2.610521e+04 1.378568e+03 4.547043e-01 2.788353e-01 -6.794006e-01 -3.898616e-01 5.146574e-01
4.736842e+00 2.577410e+04 1.349550e+03 4.520566e-01 2.777887e-01 -6.724687e-01 -3.885375e-01 5.111549e-01
4.780702e+00 2.545018e+04 1.321400e+03 4.494485e-01 2.767546e-01 -6.657115e-01 -3.872120e-01 5.077120e-01
4.824561e+00 2.513322e+04 1.294086e+03 4.468793e-01 2.757327e-01 -6.591220e-01 -3.858859e-01 5.043272e-01
4.868421e+00 2.482302e+04 1.267576e+03 4.443480e-01 2.747228e-01 -6.526937e-01 -3.845601e-01 5.009989e-01
4.912281e+00 2.451937e+04 1.241838e+03 4.418537e-01 2.737247e-01 -6.464204e-01 -3.832349e-01 4.977257e-01
4.956140e+00 2.422207e+04 1.216845e+03 4.393955e-01 2.727380e-01 -6.402963e-01 -3.819112e-01 4.945062e-01
5.000000e+00 2.393094e+04 1.192567e+03 4.369727e-01 2.717627e-01 -6.343157e-01 -3.805894e-01 4.913389e-01
5.043860e+00 2.364580e+04 1.168978e+03 4.345843e-01 2.707984e-01 -6.284735e-01 -3.792701e-01 4.882225e-01
5.087719e+00 2.336647e+04 1.146054e+03 4.322297e-01 2.698450e-01 -6.227645e-01 -3.779536e-01 4.851558e-01
5.131579e+00 2.309279e+04 1.123769e+03 4.299080e-01 2.689023e-01 -6.171841e-01 -3.766405e-01 4.821375e-01
5.175439e+00 2.282460e+04 1.102102e+03 4.276186e-01 2.679700e-01 -6.117276e-01 -3.753311e-01 4.791664e-01
5.219298e+00 2.256174e+04 1.081029e+03 4.253607e-01 2.670480e-01 -6.063907e-01 -3.740259e-01 4.762413e-01
5.263158e+00 2.230405e+04 1.060529e+03 4.231336e-01 2.661360e-01 -6.011694e-01 -3.727250e-01 4.733612e-01
5.307018e+00 2.205141e+04 1.040583e+03 4.209366e-01 2.652340e-01 -5.960596e-01 -3.714289e-01 4.705250e-01
5.350877e+00 2.180366e+04 1.021171e+03 4.187692e-01 2.643416e-01 -5.910577e-01 -3.701378e-01 4.677315e-01
5.394737e+00 2.156067e+04 1.002275e+03 4.166306e-01 2.634588e-01 -5.861601e-01 -3.688520e-01 4.649799e-01
5.438596e+00 2.132232e+04 9.838766e+02 4.145203e-01 2.625853e-01 -5.813633e-01 -3.675717e-01 4.622691e-01
5.482456e+00 2.108848e+04 9.659590e+02 4.124377e-01 2.617210e-01 -5.766642e-01 -3.662971e-01 4.595981e-01
5.526316e+00 2.085903e+04 9.485060e+02 4.103822e-01 2.608657e-01 -5.720595e-01 -3.650284e-01 4.569660e-01
5.570175e+00 2.063386e+04 9.315020e+02 4.083531e-01 2.600193e-01 -5.675463e-01 -3.637659e-01 4.543721e-01
5.614035e+00 2.041284e+04 9.149320e+02 4.063501e-01 2.591816e-01 -5.631217e-01 -3.625096e-01 4.518153e-01
5.657895e+00 2.019588e+04 8.987818e+02 4.043725e-01 2.583525e-01 -5.587831e-01 -3.612597e-01 4.492948e-01
5.701754e+00 1.998286e+04 8.830376e+02 4.024199e-01 2.575318e-01 -5.545277e-01 -3.600164e-01 4.468099e-01
5.745614e+00 1.977369e+04 8.676861e+02 4.004916e-01 2.567194e-01 -5.503531e-01 -3.587798e-01 4.443597e-01
5.789474e+00 1.956827e+04 8.527147e+02 3.985873e-01 2.559150e-01 -5.462568e-01 -3.575499e-01 4.419436e-01
5.833333e+00 1.936650e+04 8.381111e+02 3.967065e-01 2.551187e-01 -5.422367e-01 -3.563269e-01 4.395606e-01
5.877193e+00 1.916829e+04 8.238638e+02 3.948487e-01 2.543303e-01 -5.382903e-01 -3.551109e-01 4.372102e-01
5.921053e+00 1.897356e+04 8.099614e+02 3.930135e-01 2.535495e-01 -5.344156e-01 -3.539019e-01 4.348916e-01
5.964912e+00 1.878221e+04 7.963931e+02 3.912004e-01 2.527764e-01 -5.306106e-01 -3.527000e-01 4.326042e-01
6.008772e+00 1.859416e+04 7.831486e+02 3.894090e-01 2.520107e-01 -5.268733e-01 -3.515052e-01 4.303472e-01
6.052632e+00 1.840934e+04 7.702178e+02 3.876389e-01 2.512524e-01 -5.232018e-01 -3.503177e-01 4.281201e-01
6.096491e+00 1.822767e+04 7.575911e+02 3.858896e-01 2.505014e-01 -5.195942e-01 -3.491374e-01 4.259222e-01
6.140351e+00 1.804906e+04 7.452593e+02 3.841608e-01 2.497574e-01 -5.160488e-01 -3.479644e-01 4.237530e-01
6.184211e+00 1.787345e+04 7.332134e+02 3.824522e-01 2.490204e-01 -5.125640e-01 -3.467986e-01 4.216118e-01
6.228070e+00 1.770077e+04 7.214449e+02 3.807633e-01 2.482904e-01 -5.091381e-01 -3.456402e-01 4.194980e-01
6.271930e+00 1.753094e+04 7.099454e+02 3.790937e-01 2.475671e-01 -5.057695e-01 -3.444892e-01 4.174112e-01
6.315789e+00 1.736390e+04 6.987071e+02 3.774431e-01 2.468505e-01 -5.024567e-01 -3.433454e-01 4.153507e-01
6.359649e+00 1.719958e+04 6.877221e+02 3.758113e-01 2.461405e-01 -4.991984e-01 -3.422091e-01 4.133161e-01
6.403509e+00 1.703793e+04 6.769833e+02 3.741977e-01 2.454369e-01 -4.959929e-01 -3.410801e-01 4.113068e-01
6.447368e+00 1.687888e+04 6.664833e+02 3.726022e-01 2.447398e-01 -4.928391e-01 -3.399584e-01 4.093224e-01
6.491228e+00 1.672238e+04 6.562153e+02 3.710243e-01 2.440488e-01 -4.897356e-01 -3.388441e-01 4.073623e-01
6.535088e+00 1.656835e+04 6.461727e+02 3.694638e-01 2.433641e-01 -4.866812e-01 -3.377371e-01 4.054261e-01
6.578947e+00 1.641676e+04 6.363491e+02 3.679204e-01 2.426855e-01 -4.836745e-01 -3.366375e-01 4.035133e-01
6.622807e+00 1.626754e+04 6.267383e+02 3.663937e-01 2.420128e-01 -4.807145e-01 -3.355451e-01 4.016235e-01
6.666667e+00 1.612064e+04 6.173343e+02 3.648835e-01 2.413461e-01 -4.778001e-01 -3.344600e-01 3.997562e-01
6.710526e+00 1.597602e+04 6.081313e+02 3.633895e-01 2.406852e-01 -4.749300e-01 -3.333822e-01 3.979111e-01
6.754386e+00 1.583362e+04 5.991238e+02 3.619114e-01 2.400300e-01 -4.721032e-01 -3.323116e-01 3.960876e-01
6.798246e+00 1.569339e+04 5.903064e+02 3.604489e-01 2.393805e-01 -4.693188e-01 -3.312482e-01 3.942854e-01
6.842105e+00 1.555528e+04 5.816740e+02 3.590018e-01 2.387365e-01 -4.665756e-01 -3.301920e-01 3.925042e-01
6.885965e+00 1.541926e+04 5.732214e+02 3.575698e-01 2.380980e-01 -4.638729e-01 -3.291429e-01 3.907435e-01
6.929825e+00 1.528528e+04 5.649438e+02 3.561527e-01 2.374649e-01 -4.612095e-01 -3.281009e-01 3.890029e-01
6.973684e+00 1.515329e+04 5.568366e+02 3.547503e-01 2.368372e-01 -4.585846e-01 -3.270660e-01 3.872821e-01
7.017544e+00 1.502325e+04 5.488951e+02 3.533621e-01 2.362147e-01 -4.559973e-01 -3.260381e-01 3.855807e-01
7.061404e+00 1.489512e+04 5.411151e+02 3.519882e-01 2.355974e-01 -4.534469e-01 -3.250172e-01 3.838985e-01
7.105263e+00 1.476886e+04 5.334922e+02 3.506281e-01 2.349852e-01 -4.509324e-01 -3.240032e-01 3.822349e-01
7.149123e+00 1.464444e+04 5.260223e+02 3.492818e-01 2.343780e-01 -4.484530e-01 -3.229962e-01 3.805898e-01
7.192982e+00 1.452181e+04 5.187015e+02 3.479489e-01 2.337758e-01 -4.460080e-01 -3.219960e-01 3.789628e-01
7.236842e+00 1.440094e+04 5.115259e+02 3.466292e-01 2.331786e-01 -4.435966e-01 -3.210027e-01 3.773536e-01
7.280702e+00 1.428179e+04 5.044917e+02 3.453226e-01 2.325861e-01 -4.412182e-01 -3.200161e-01 3.757618e-01
7.324561e+00 1.416433e+04 4.975954e+02 3.440288e-01 2.319984e-01 -4.388719e-01 -3.190362e-01 3.741872e-01
7.368421e+00 1.404852e+04 4.908335e+02 3.427477e-01 2.314154e-01 -4.365571e-01 -3.180631e-01 3.726294e-01
7.412281e+00 1.393434e+04 4.842026e+02 3.414790e-01 2.308370e-01 -4.342732e-01 -3.170965e-01 3.710883e-01
7.456140e+00 1.382175e+04 4.776993e+02 3.402225e-01 2.302632e-01 -4.320195e-01 -3.161366e-01 3.695635e-01
7.500000e+00 1.371071e+04 4.713205e+02 3.389781e-01 2.296940e-01 -4.297953e-01 -3.151832e-01 3.680547e-01
7.543860e+00 1.360120e+04 4.650631e+02 3.377455e-01 2.291292e-01 -4.276001e-01 -3.142363e-01 3.665617e-01
7.587719e+00 1.349319e+04 4.589241e+02 3.365247e-01 2.285687e-01 -4.254332e-01 -3.132959e-01 3.650842e-01
7.631579e+00 1.338665e+04 4.529006e+02 3.353153e-01 2.280127e-01 -4.232941e-01 -3.123618e-01 3.636219e-01
7.675439e+00 1.328155e+04 4.469898e+02 3.341173e-01 2.274609e-01 -4.211822e-01 -3.114341e-01 3.621747e-01
7.719298e+00 1.317786e+04 4.411890e+02 3.329304e-01 2.269133e-01 -4.190970e-01 -3.105127e-01 3.607422e-01
7.763158e+00 1.307556e+04 4.354954e+02 3.317546e-01 2.263699e-01 -4.170379e-01 -3.095976e-01 3.593243e-01
7.807018e+00 1.297462e+04 4.299066e+02 3.305896e-01 2.258306e-01 -4.150044e-01 -3.086887e-01 3.579206e-01
7.850877e+00 1.287501e+04 4.244201e+02 3.294352e-01 2.252954e-01 -4.129960e-01 -3.077859e-01 3.565310e-01
7.894737e+00 1.277672e+04 4.190333e+02 3.282914e-01 2.247642e-01 -4.110123e-01 -3.068892e-01 3.551552e-01
7.938596e+00 1.267971e+04 4.137440e+02 3.271579e-01 2.242369e-01 -4.090527e-01 -3.059986e-01 3.537931e-01
7.982456e+00 1.258396e+04 4.085499e+02 3.260347e-01 2.237136e-01 -4.071168e-01 -3.051139e-01 3.524443e-01
8.026316e+00 1.248945e+04 4.034487e+02 3.249215e-01 2.231941e-01 -4.052042e-01 -3.042353e-01 3.511088e-01
8.070175e+00 1.239615e+04 3.984383e+02 3.238182e-01 2.226785e-01 -4.033143e-01 -3.033625e-01 3.497863e-01
8.114035e+00 1.230405e+04 3.935167e+02 3.227248e-01 2.221666e-01 -4.014468e-01 -3.024956e-01 3.484765e-01
8.157895e+00 1.221312e+04 3.886816e+02 3.216409e-01 2.216584e-01 -3.996012e-01 -3.016345e-01 3.471793e-01
8.201754e+00 1.212334e+04 3.839313e+02 3.205666e-01 2.211539e-01 -3.977772e-01 -3.007791e-01 3.458946e-01
8.245614e+00 1.203469e+04 3.792638e+02 3.195016e-01 2.206531e-01 -3.959743e-01 -2.999295e-01 3.446220e-01
8.289474e+00 1.194715e+04 3.746771e+02 3.184459e-01 2.201558e-01 -3.941921e-01 -2.990855e-01 3.433615e-01
8.333333e+00 1.186071e+04 3.701695e+02 3.173993e-01 2.196621e-01 -3.924304e-01 -2.982471e-01 3.421129e-01
8.377193e+00 1.177533e+04 3.657393e+02 3.163617e-01 2.191719e-01 -3.906886e-01 -2.974143e-01 3.408759e-01
8.421053e+00 1.169101e+04 3.613846e+02 3.153330e-01 2.186851e-01 -3.889665e-01 -2.965870e-01 3.396504e-01
8.464912e+00 1.160772e+04 3.571038e+02 3.143130e-01 2.182018e-01 -3.872637e-01 -2.957651e-01 3.384363e-01
8.508772e+00 1.152545e+04 3.528954e+02 3.133016e-01 2.177218e-01 -3.855799e-01 -2.949487e-01 3.372333e-01
8.552632e+00 1.144417e+04 3.487576e+02 3.122987e-01 2.172452e-01 -3.839146e-01 -2.941377e-01 3.360413e-01
8.596491e+00 1.136388e+04 3.446890e+02 3.113042e-01 2.167719e-01 -3.822677e-01 -2.933319e-01 3.348601e-01
8.640351e+00 1.128455e+04 3.406881e+02 3.103180e-01 2.163018e-01 -3.806387e-01 -2.925315e-01 3.336897e-01
8.684211e+00 1.120617e+04 3.367534e+02 3.093399e-01 2.158350e-01 -3.790274e-01 -2.917363e-01 3.325298e-01
8.728070e+00 1.112873e+04 3.328835e+02 3.083700e-01 2.153713e-01 -3.774335e-01 -2.909462e-01 3.313802e-01
8.771930e+00 1.105220e+04 3.290770e+02 3.074079e-01 2.149108e-01 -3.758566e-01 -2.901613e-01 3.302409e-01
8.815789e+00 1.097657e+04 3.253326e+02 3.064537e-01 2.144535e-01 -3.742966e-01 -2.893815e-01 3.291117e-01
8.859649e+00 1.090183e+04 3.216489e+02 3.055073e-01 2.139991e-01 -3.727530e-01 -2.886068e-01 3.279924e-01
8.903509e+00 1.082796e+04 3.180247e+02 3.045685e-01 2.135479e-01 -3.712256e-01 -2.878370e-01 3.268830e-01
8.947368e+00 1.075495e+04 3.144587e+02 3.036373e-01 2.130996e-01 -3.697142e-01 -2.870722e-01 3.257832e-01
8.991228e+00 1.068278e+04 3.109497e+02 3.027135e-01 2.126543e-01 -3.682185e-01 -2.863123e-01 3.246929e-01
9.035088e+00 1.061144e+04 3.074966e+02 3.017970e-01 2.122120e-01 -3.667382e-01 -2.855573e-01 3.236121e-01
9.078947e+00 1.054092e+04 3.040981e+02 3.008879e-01 2.117726e-01 -3.652731e-01 -2.848071e-01 3.225405e-01
9.122807e+00 1.047120e+04 3.007532e+02 2.999858e-01 2.113360e-01 -3.638229e-01 -2.840617e-01 3.214781e-01
9.166667e+00 1.040227e+04 2.974608e+02 2.990909e-01 2.109023e-01 -3.623874e-01 -2.833210e-01 3.204247e-01
9.210526e+00 1.033411e+04 2.942198e+02 2.982029e-01 2.104714e-01 -3.609663e-01 -2.825851e-01 3.193802e-01
9.254386e+00 1.026673e+04 2.910291e+02 2.973219e-01 2.100433e-01 -3.595595e-01 -2.818537e-01 3.183445e-01
9.298246e+00 1.020009e+04 2.878877e+02 2.964476e-01 2.096179e-01 -3.581667e-01 -2.811271e-01 3.173174e-01
9.342105e+00 1.013420e+04 2.847947e+02 2.955801e-01 2.091953e-01 -3.567876e-01 -2.804049e-01 3.162989e-01
9.385965e+00 1.006903e+04 2.817491e+02 2.947193e-01 2.087753e-01 -3.554221e-01 -2.796873e-01 3.152889e-01
9.429825e+00 1.000458e+04 2.787499e+02 2.938650e-01 2.083580e-01 -3.540700e-01 -2.789742e-01 3.142871e-01
9.473684e+00 9.940843e+03 2.757963e+02 2.930172e-01 2.079434e-01 -3.527310e-01 -2.782656e-01 3.132936e-01
9.517544e+00 9.877798e+03 2.728873e+02 2.921757e-01 2.075314e-01 -3.514050e-01 -2.775614e-01 3.123082e-01
9.561404e+00 9.815438e+03 2.700220e+02 2.913407e-01 2.071219e-01 -3.500917e-01 -2.768615e-01 3.113309e-01
9.605263e+00 9.753752e+03 2.671997e+02 2.905118e-01 2.067150e-01 -3.487909e-01 -2.761660e-01 3.103614e-01
9.649123e+00 9.692731e+03 2.644194e+02 2.896892e-01 2.063106e-01 -3.475025e-01 -2.754747e-01 3.093997e-01
9.692982e+00 9.632363e+03 2.616804e+02 2.888726e-01 2.059087e-01 -3.462263e-01 -2.747877e-01 3.084457e-01
9.736842e+00 9.572640e+03 2.589818e+02 2.880621e-01 2.055093e-01 -3.449621e-01 -2.741050e-01 3.074993e-01
9.780702e+00 9.513551e+03 2.563229e+02 2.872575e-01 2.051124e-01 -3.437096e-01 -2.734264e-01 3.065604e-01
9.824561e+00 9.455087e+03 2.537030e+02 2.864588e-01 2.047178e-01 -3.424688e-01 -2.727520e-01 3.056289e-01
9.868421e+00 9.397238e+03 2.511212e+02 2.856660e-01 2.043257e-01 -3.412395e-01 -2.720816e-01 3.047048e-01
9.912281e+00 9.339996e+03 2.485770e+02 2.848788e-01 2.039359e-01 -3.400215e-01 -2.714154e-01 3.037879e-01
9.956140e+00 9.283351e+03 2.460694e+02 2.840974e-01 2.035485e-01 -3.388146e-01 -2.707532e-01 3.028781e-01
1.000000e+01 9.227295e+03 2.435980e+02 2.833216e-01 2.031634e-01 -3.376187e-01 -2.700949e-01 3.019753e-01
1.004386e+01 9.171818e+03 2.411619e+02 2.825513e-01 2.027807e-01 -3.364336e-01 -2.694407e-01 3.010795e-01
1.008772e+01 9.116913e+03 2.387606e+02 2.817866e-01 2.024002e-01 -3.352591e-01 -2.687904e-01 3.001906e-01
1.013158e+01 9.062571e+03 2.363934e+02 2.810272e-01 2.020219e-01 -3.340952e-01 -2.681439e-01 2.993085e-01
1.017544e+01 9.008784e+03 2.340597e+02 2.802732e-01 2.016459e-01 -3.329416e-01 -2.675013e-01 2.984331e-01
1.021930e+01 8.955544e+03 2.317589e+02 2.795246e-01 2.012721e-01 -3.317982e-01 -2.668626e-01 2.975643e-01
1.026316e+01 8.902843e+03 2.294902e+02 2.787811e-01 2.009005e-01 -3.306649e-01 -2.662276e-01 2.967021e-01
1.030702e+01 8.850673e+03 2.272533e+02 2.780429e-01 2.005310e-01 -3.295415e-01 -2.655964e-01 2.958463e-01
1.035088e+01 8.799027e+03 2.250475e+02 2.773097e-01 2.001637e-01 -3.284279e-01 -2.649690e-01 2.949969e-01
1.039474e+01 8.747897e+03 2.228722e+02 2.765817e-01 1.997985e-01 -3.273240e-01 -2.643452e-01 2.941539e-01
1.043860e+01 8.697277e+03 2.207269e+02 2.758586e-01 1.994355e-01 -3.262295e-01 -2.637250e-01 2.933171e-01
1.048246e+01 8.647158e+03 2.186110e+02 2.751405e-01 1.990745e-01 -3.251445e-01 -2.631086e-01 2.924864e-01
1.052632e+01 8.597534e+03 2.165241e+02 2.744274e-01 1.987155e-01 -3.240687e-01 -2.624957e-01 2.916618e-01
1.057018e+01 8.548398e+03 2.144656e+02 2.737190e-01 1.983587e-01 -3.230021e-01 -2.618863e-01 2.908433e-01
1.061404e+01 8.499743e+03 2.124350e+02 2.730155e-01 1.980038e-01 -3.219444e-01 -2.612805e-01 2.900307e-01
1.065789e+01 8.451562e+03 2.104318e+02 2.723167e-01 1.976510e-01 -3.208957e-01 -2.606782e-01 2.892240e-01
1.070175e+01 8.403850e+03 2.084556e+02 2.716226e-01 1.973001e-01 -3.198558e-01 -2.600794e-01 2.884231e-01
1.074561e+01 8.356599e+03 2.065058e+02 2.709331e-01 1.969512e-01 -3.188244e-01 -2.594841e-01 2.876280e-01
1.078947e+01 8.309803e+03 2.045821e+02 2.702482e-01 1.966043e-01 -3.178017e-01 -2.588921e-01 2.868385e-01
1.083333e+01 8.263456e+03 2.026839e+02 2.695679e-01 1.962592e-01 -3.167873e-01 -2.583035e-01 2.860547e-01
1.087719e+01 8.217552e+03 2.008108e+02 2.688920e-01 1.959161e-01 -3.157813e-01 -2.577183e-01 2.852764e-01
1.092105e+01 8.172085e+03 1.989625e+02 2.682207e-01 1.955749e-01 -3.147835e-01 -2.571364e-01 2.845036e-01
1.096491e+01 8.127049e+03 1.971384e+02 2.675537e-01 1.952356e-01 -3.137938e-01 -2.565578e-01 2.837363e-01
1.100877e+01 8.082438e+03 1.953381e+02 2.668910e-01 1.948981e-01 -3.128121e-01 -2.559825e-01 2.829743e-01
1.105263e+01 8.038246e+03 1.935613e+02 2.662327e-01 1.945625e-01 -3.118383e-01 -2.554104e-01 2.822176e-01
1.109649e+01 7.994469e+03 1.918076e+02 2.655786e-01 1.942287e-01 -3.108723e-01 -2.548416e-01 2.814661e-01
1.114035e+01 7.951100e+03 1.900765e+02 2.649288e-01 1.938967e-01 -3.099140e-01 -2.542759e-01 2.807199e-01
1.118421e+01 7.908135e+03 1.883677e+02 2.642831e-01 1.935665e-01 -3.089633e-01 -2.537134e-01 2.799788e-01
1.122807e+01 7.865567e+03 1.866809e+02 2.636415e-01 1.932380e-01 -3.080201e-01 -2.531540e-01 2.792428e-01
1.127193e+01 7.823392e+03 1.850155e+02 2.630041e-01 1.929114e-01 -3.070843e-01 -2.525977e-01 2.785117e-01
1.131579e+01 7.781604e+03 1.833714e+02 2.623706e-01 1.925864e-01 -3.061558e-01 -2.520445e-01 2.777857e-01
1.135965e+01 7.740198e+03 1.817481e+02 2.617412e-01 1.922632e-01 -3.052345e-01 -2.514944e-01 2.770646e-01
1.140351e+01 7.699171e+03 1.801453e+02 2.611158e-01 1.919418e-01 -3.043204e-01 -2.509473e-01 2.763483e-01
1.144737e+01 7.658515e+03 1.785627e+02 2.604943e-01 1.916220e-01 -3.034133e-01 -2.504032e-01 2.756368e-01
1.149123e+01 7.618228e+03 1.769999e+02 2.598766e-01 1.913039e-01 -3.025132e-01 -2.498621e-01 2.749301e-01
1.153509e+01 7.578304e+03 1.754566e+02 2.592628e-01 1.909874e-01 -3.016200e-01 -2.493239e-01 2.742281e-01
1.157895e+01 7.538738e+03 1.739325e+02 2.586529e-01 1.906726e-01 -3.007336e-01 -2.487887e-01 2.735308e-01
1.162281e+01 7.499526e+03 1.724273e+02 2.580466e-01 1.903595e-01 -2.998538e-01 -2.482563e-01 2.728381e-01
1.166667e+01 7.460664e+03 1.709407e+02 2.574441e-01 1.900480e-01 -2.989807e-01 -2.477269e-01 2.721499e-01
1.171053e+01 7.422147e+03 1.694724e+02 2.568454e-01 1.897381e-01 -2.981142e-01 -2.472003e-01 2.714662e-01
1.175439e+01 7.383970e+03 1.680220e+02 2.562502e-01 1.894297e-01 -2.972541e-01 -2.466765e-01 2.707870e-01
1.179825e+01 7.346130e+03 1.665894e+02 2.556587e-01 1.891230e-01 -2.964004e-01 -2.461556e-01 2.701122e-01
1.184211e+01 7.308622e+03 1.651742e+02 2.550708e-01 1.888178e-01 -2.955531e-01 -2.456374e-01 2.694418e-01
1.188596e+01 7.271443e+03 1.637762e+02 2.544864e-01 1.885142e-01 -2.947119e-01 -2.451220e-01 2.687757e-01
1.192982e+01 7.234587e+03 1.623950e+02 2.539056e-01 1.882122e-01 -2.938770e-01 -2.446094e-01 2.681139e-01
1.197368e+01 7.198052e+03 1.610304e+02 2.533282e-01 1.879116e-01 -2.930481e-01 -2.440994e-01 2.674563e-01
1.201754e+01 7.161832e+03 1.596823e+02 2.527543e-01 1.876126e-01 -2.922253e-01 -2.435922e-01 2.668029e-01
1.206140e+01 7.125925e+03 1.583502e+02 2.521838e-01 1.873151e-01 -2.914085e-01 -2.430876e-01 2.661537e-01
1.210526e+01 7.090327e+03 1.570339e+02 2.516166e-01 1.870190e-01 -2.905975e-01 -2.425857e-01 2.655086e-01
1.214912e+01 7.055033e+03 1.557333e+02 2.510529e-01 1.867245e-01 -2.897924e-01 -2.420865e-01 2.648675e-01
1.219298e+01 7.020040e+03 1.544480e+02 2.504924e-01 1.864314e-01 -2.889930e-01 -2.415898e-01 2.642305e-01
1.223684e+01 6.985345e+03 1.531779e+02 2.499352e-01 1.861397e-01 -2.881993e-01 -2.410957e-01 2.635974e-01
1.228070e+01 6.950944e+03 1.519227e+02 2.493813e-01 1.858495e-01 -2.874112e-01 -2.406042e-01 2.629683e-01
1.232456e+01 6.916832e+03 1.506822e+02 2.488307e-01 1.855608e-01 -2.866287e-01 -2.401153e-01 2.623431e-01
1.236842e+01 6.883008e+03 1.494561e+02 2.482832e-01 1.852734e-01 -2.858517e-01 -2.396288e-01 2.617218e-01
1.241228e+01 6.849467e+03 1.482442e+02 2.477388e-01 1.849875e-01 -2.850801e-01 -2.391449e-01 2.611043e-01
1.245614e+01 6.816206e+03 1.470464e+02 2.471977e-01 1.847029e-01 -2.843139e-01 -2.386635e-01 2.604906e-01
1.250000e+01 6.783222e+03 1.458623e+02 2.466596e-01 1.844197e-01 -2.835530e-01 -2.381845e-01 2.598806e-01
1.254386e+01 6.750512e+03 1.446919e+02 2.461246e-01 1.841379e-01 -2.827974e-01 -2.377080e-01 2.592744e-01
1.258772e+01 6.718072e+03 1.435349e+02 2.455926e-01 1.838575e-01 -2.820470e-01 -2.372340e-01 2.586718e-01
1.263158e+01 6.685899e+03 1.423911e+02 2.450637e-01 1.835784e-01 -2.813017e-01 -2.367623e-01 2.580729e-01
1.267544e+01 6.653990e+03 1.412602e+02 2.445378e-01 1.833006e-01 -2.805615e-01 -2.362930e-01 2.574776e-01
1.271930e+01 6.622342e+03 1.401422e+02 2.440148e-01 1.830242e-01 -2.798264e-01 -2.358261e-01 2.568859e-01
1.276316e+01 6.590952e+03 1.390369e+02 2.434948e-01 1.827491e-01 -2.790962e-01 -2.353615e-01 2.562977e-01
1.280702e+01 6.559817e+03 1.379439e+02 2.429777e-01 1.824753e-01 -2.783710e-01 -2.348993e-01 2.557130e-01
1.285088e+01 6.528934e+03 1.368632e+02 2.424635e-01 1.822027e-01 -2.776506e-01 -2.344394e-01 2.551318e-01
1.289474e+01 6.498300e+03 1.357946e+02 2.419521e-01 1.819315e-01 -2.769350e-01 -2.339818e-01 2.545541e-01
1.293860e+01 6.467912e+03 1.347379e+02 2.414436e-01 1.816616e-01 -2.762242e-01 -2.335265e-01 2.539797e-01
1.298246e+01 6.437768e+03 1.336930e+02 2.409378e-01 1.813929e-01 -2.755182e-01 -2.330735e-01 2.534087e-01
1.302632e+01 6.407865e+03 1.326596e+02 2.404349e-01 1.811254e-01 -2.748167e-01 -2.326227e-01 2.528411e-01
1.307018e+01 6.378199e+03 1.316376e+02 2.399347e-01 1.808592e-01 -2.741200e-01 -2.321741e-01 2.522767e-01
1.311404e+01 6.348770e+03 1.306268e+02 2.394373e-01 1.805943e-01 -2.734277e-01 -2.317277e-01 2.517157e-01
1.315789e+01 6.319572e+03 1.296271e+02 2.389426e-01 1.803305e-01 -2.727400e-01 -2.312836e-01 2.511579e-01
1.320175e+01 6.290605e+03 1.286384e+02 2.384506e-01 1.800680e-01 -2.720568e-01 -2.308416e-01 2.506033e-01
1.324561e+01 6.261866e+03 1.276603e+02 2.379612e-01 1.798067e-01 -2.713780e-01 -2.304017e-01 2.500519e-01
1.328947e+01 6.233351e+03 1.266929e+02 2.374745e-01 1.795466e-01 -2.707036e-01 -2.299641e-01 2.495037e-01
1.333333e+01 6.205059e+03 1.257360e+02 2.369904e-01 1.792877e-01 -2.700335e-01 -2.295285e-01 2.489586e-01
1.337719e+01 6.176987e+03 1.247894e+02 2.365088e-01 1.790299e-01 -2.693677e-01 -2.290951e-01 2.484166e-01
1.342105e+01 6.149133e+03 1.238529e+02 2.360299e-01 1.787733e-01 -2.687062e-01 -2.286637e-01 2.478777e-01
1.346491e+01 6.121494e+03 1.229265e+02 2.355535e-01 1.785179e-01 -2.680489e-01 -2.282345e-01 2.473419e-01
1.350877e+01 6.094068e+03 1.220099e+02 2.350796e-01 1.782636e-01 -2.673957e-01 -2.278073e-01 2.468090e-01
1.355263e+01 6.066853e+03 1.211032e+02 2.346083e-01 1.780105e-01 -2.667467e-01 -2.273821e-01 2.462792e-01
1.359649e+01 6.039845e+03 1.202060e+02 2.341394e-01 1.777585e-01 -2.661017e-01 -2.269590e-01 2.457523e-01
1.364035e+01 6.013044e+03 1.193183e+02 2.336730e-01 1.775077e-01 -2.654608e-01 -2.265379e-01 2.452283e-01
1.368421e+01 5.986447e+03 1.184400e+02 2.332091e-01 1.772579e-01 -2.648238e-01 -2.261188e-01 2.447073e-01
1.372807e+01 5.960051e+03 1.175709e+02 2.327475e-01 1.770093e-01 -2.641909e-01 -2.257017e-01 2.441891e-01
1.377193e+01 5.933855e+03 1.167109e+02 2.322884e-01 1.767617e-01 -2.635618e-01 -2.252866e-01 2.436738e-01
1.381579e+01 5.907856e+03 1.158598e+02 2.318317e-01 1.765153e-01 -2.629366e-01 -2.248734e-01 2.431614e-01
1.385965e+01 5.882052e+03 1.150177e+02 2.313773e-01 1.762699e-01 -2.623153e-01 -2.244622e-01 2.426518e-01
1.390351e+01 5.856442e+03 1.141842e+02 2.309252e-01 1.760257e-01 -2.616978e-01 -2.240529e-01 2.421449e-01
1.394737e+01 5.831023e+03 1.133594e+02 2.304755e-01 1.757824e-01 -2.610840e-01 -2.236456e-01 2.416408e-01
1.399123e+01 5.805792e+03 1.125431e+02 2.300281e-01 1.755403e-01 -2.604740e-01 -2.232401e-01 2.411395e-01
1.403509e+01 5.780749e+03 1.117352e+02 2.295830e-01 1.752992e-01 -2.598677e-01 -2.228365e-01 2.406408e-01
1.407895e+01 5.755891e+03 1.109355e+02 2.291401e-01 1.750591e-01 -2.592650e-01 -2.224348e-01 2.401449e-01
1.412281e+01 5.731216e+03 1.101441e+02 2.286995e-01 1.748201e-01 -2.586659e-01 -2.220350e-01 2.396516e-01
1.416667e+01 5.706723e+03 1.093606e+02 2.282611e-01 1.745821e-01 -2.580705e-01 -2.216370e-01 2.391609e-01
1.421053e+01 5.682408e+03 1.085852e+02 2.278250e-01 1.743452e-01 -2.574785e-01 -2.212408e-01 2.386729e-01
1.425439e+01 5.658272e+03 1.078175e+02 2.273910e-01 1.741092e-01 -2.568901e-01 -2.208465e-01 2.381875e-01
1.429825e+01 5.634311e+03 1.070577e+02 2.269592e-01 1.738743e-01 -2.563052e-01 -2.204540e-01 2.377047e-01
1.434211e+01 5.610524e+03 1.063054e+02 2.265295e-01 1.736403e-01 -2.557238e-01 -2.200632e-01 2.372244e-01
1.438596e+01 5.586909e+03 1.055607e+02 2.261020e-01 1.734074e-01 -2.551458e-01 -2.196743e-01 2.367466e-01
1.442982e+01 5.563465e+03 1.048235e+02 2.256767e-01 1.731754e-01 -2.545711e-01 -2.192871e-01 2.362714e-01
1.447368e+01 5.540189e+03 1.040936e+02 2.252534e-01 1.729444e-01 -2.539998e-01 -2.189017e-01 2.357986e-01
1.451754e+01 5.517080e+03 1.033710e+02 2.248322e-01 1.727144e-01 -2.534319e-01 -2.185180e-01 2.353283e-01
1.456140e+01 5.494136e+03 1.026555e+02 2.244131e-01 1.724854e-01 -2.528672e-01 -2.181360e-01 2.348605e-01
1.460526e+01 5.471356e+03 1.019471e+02 2.239960e-01 1.722573e-01 -2.523058e-01 -2.177558e-01 2.343951e-01
1.464912e+01 5.448738e+03 1.012456e+02 2.235810e-01 1.720301e-01 -2.517476e-01 -2.173773e-01 2.339321e-01
1.469298e+01 5.426280e+03 1.005511e+02 2.231680e-01 1.718039e-01 -2.511927e-01 -2.170005e-01 2.334715e-01
1.473684e+01 5.403981e+03 9.986333e+01 2.227570e-01 1.715787e-01 -2.506409e-01 -2.166253e-01 2.330132e-01
1.478070e+01 5.381838e+03 9.918229e+01 2.223481e-01 1.713544e-01 -2.500922e-01 -2.162519e-01 2.325573e-01
1.482456e+01 5.359851e+03 9.850788e+01 2.219410e-01 1.711310e-01 -2.495467e-01 -2.158801e-01 2.321038e-01
1.486842e+01 5.338019e+03 9.784002e+01 2.215360e-01 1.709085e-01 -2.490043e-01 -2.155099e-01 2.316525e-01
1.491228e+01 5.316338e+03 9.717862e+01 2.211329e-01 1.706869e-01 -2.484649e-01 -2.151414e-01 2.312035e-01
1.495614e+01 5.294809e+03 9.652361e+01 2.207317e-01 1.704663e-01 -2.479286e-01 -2.147745e-01 2.307569e-01
1.500000e+01 5.273429e+03 9.587489e+01 2.203324e-01 1.702465e-01 -2.473952e-01 -2.144092e-01 2.303124e-01
1.504386e+01 5.252197e+03 9.523240e+01 2.199351e-01 1.700277e-01 -2.468649e-01 -2.140455e-01 2.298702e-01
1.508772e+01 5.231111e+03 9.459605e+01 2.195396e-01 1.698097e-01 -2.463375e-01 -2.136834e-01 2.294302e-01
1.513158e+01 5.210171e+03 9.396578e+01 2.191460e-01 1.695926e-01 -2.458130e-01 -2.133229e-01 2.289925e-01
1.517544e+01 5.189374e+03 9.334149e+01 2.187543e-01 1.693764e-01 -2.452914e-01 -2.129640e-01 2.285569e-01
1.521930e+01 5.168720e+03 9.272313e+01 2.183644e-01 1.691610e-01 -2.447727e-01 -2.126066e-01 2.281234e-01
1.526316e+01 5.148207e+03 9.211061e+01 2.179763e-01 1.689465e-01 -2.442568e-01 -2.122508e-01 2.276921e-01
1.530702e+01 5.127833e+03 9.150387e+01 2.175901e-01 1.687329e-01 -2.437438e-01 -2.118965e-01 2.272630e-01
1.535088e+01 5.107597e+03 9.090283e+01 2.172056e-01 1.685201e-01 -2.432336e-01 -2.115437e-01 2.268359e-01
1.539474e+01 5.087498e+03 9.030743e+01 2.168230e-01 1.683082e-01 -2.427261e-01 -2.111925e-01 2.264110e-01
1.543860e+01 5.067535e+03 8.971760e+01 2.164421e-01 1.680971e-01 -2.422214e-01 -2.108427e-01 2.259881e-01
1.548246e+01 5.047706e+03 8.913326e+01 2.160630e-01 1.678869e-01 -2.417194e-01 -2.104945e-01 2.255673e-01
1.552632e+01 5.028010e+03 8.855436e+01 2.156856e-01 1.676775e-01 -2.412202e-01 -2.101477e-01 2.251486e-01
1.557018e+01 5.008446e+03 8.798082e+01 2.153099e-01 1.674689e-01 -2.407236e-01 -2.098025e-01 2.247318e-01
1.561404e+01 4.989012e+03 8.741259e+01 2.149360e-01 1.672611e-01 -2.402296e-01 -2.094586e-01 2.243171e-01
1.565789e+01 4.969707e+03 8.684959e+01 2.145638e-01 1.670541e-01 -2.397383e-01 -2.091163e-01 2.239044e-01
1.570175e+01 4.950531e+03 8.629177e+01 2.141933e-01 1.668480e-01 -2.392496e-01 -2.087754e-01 2.234937e-01
1.574561e+01 4.931482e+03 8.573907e+01 2.138245e-01 1.666426e-01 -2.387635e-01 -2.084359e-01 2.230849e-01
1.578947e+01 4.912558e+03 8.519141e+01 2.134573e-01 1.664381e-01 -2.382800e-01 -2.080979e-01 2.226782e-01
1.583333e+01 4.893758e+03 8.464875e+01 2.130919e-01 1.662343e-01 -2.377990e-01 -2.077612e-01 2.222733e-01
1.587719e+01 4.875082e+03 8.411103e+01 2.127280e-01 1.660313e-01 -2.373205e-01 -2.074260e-01 2.218704e-01
1.592105e+01 4.856528e+03 8.357818e+01 2.123658e-01 1.658291e-01 -2.368446e-01 -2.070922e-01 2.214693e-01
1.596491e+01 4.838095e+03 8.305015e+01 2.120052e-01 1.656277e-01 -2.363711e-01 -2.067598e-01 2.210702e-01
1.600877e+01 4.819782e+03 8.252688e+01 2.116463e-01 1.654271e-01 -2.359001e-01 -2.064287e-01 2.206730e-01
1.605263e+01 4.801588e+03 8.200832e+01 2.112889e-01 1.652272e-01 -2.354315e-01 -2.060991e-01 2.202776e-01
1.609649e+01 4.783512e+03 8.149441e+01 2.109331e-01 1.650281e-01 -2.349654e-01 -2.057707e-01 2.198840e-01
1.614035e+01 4.765552e+03 8.098510e+01 2.105789e-01 1.648297e-01 -2.345016e-01 -2.054438e-01 2.194924e-01
1.618421e+01 4.747708e+03 8.048033e+01 2.102263e-01 1.646321e-01 -2.340402e-01 -2.051182e-01 2.191025e-01
1.622807e+01 4.729979e+03 7.998006e+01 2.098752e-01 1.644352e-01 -2.335812e-01 -2.047939e-01 2.187144e-01
1.627193e+01 4.712363e+03 7.948422e+01 2.095257e-01 1.642391e-01 -2.331245e-01 -2.044710e-01 2.183282e-01
1.631579e+01 4.694859e+03 7.899277e+01 2.091777e-01 1.640437e-01 -2.326702e-01 -2.041493e-01 2.179437e-01
1.635965e+01 4.677467e+03 7.850566e+01 2.088312e-01 1.638491e-01 -2.322181e-01 -2.038290e-01 2.175610e-01
1.640351e+01 4.660185e+03 7.802283e+01 2.084862e-01 1.636552e-01 -2.317684e-01 -2.035100e-01 2.171801e-01
1.644737e+01 4.643013e+03 7.754425e+01 2.081428e-01 1.634620e-01 -2.313209e-01 -2.031923e-01 2.168009e-01
1.649123e+01 4.625949e+03 7.706985e+01 2.078008e-01 1.632695e-01 -2.308756e-01 -2.028758e-01 2.164234e-01
1.653509e+01 4.608993e+03 7.659960e+01 2.074603e-01 1.630778e-01 -2.304326e-01 -2.025607e-01 2.160477e-01
1.657895e+01 4.592144e+03 7.613345e+01 2.071213e-01 1.628867e-01 -2.299918e-01 -2.022468e-01 2.156736e-01
1.662281e+01 4.575400e+03 7.567134e+01 2.067837e-01 1.626964e-01 -2.295532e-01 -2.019342e-01 2.153013e-01
1.666667e+01 4.558760e+03 7.521324e+01 2.064476e-01 1.625067e-01 -2.291168e-01 -2.016228e-01 2.149306e-01
1.671053e+01 4.542225e+03 7.475910e+01 2.061129e-01 1.623178e-01 -2.286825e-01 -2.013126e-01 2.145616e-01
1.675439e+01 4.525792e+03 7.430888e+01 2.057797e-01 1.621295e-01 -2.282504e-01 -2.010037e-01 2.141943e-01
1.679825e+01 4.509461e+03 7.386252e+01 2.054478e-01 1.619420e-01 -2.278204e-01 -2.006961e-01 2.138286e-01
1.684211e+01 4.493231e+03 7.341999e+01 2.051174e-01 1.617551e-01 -2.273925e-01 -2.003896e-01 2.134645e-01
1.688596e+01 4.477101e+03 7.298125e+01 2.047884e-01 1.615689e-01 -2.269667e-01 -2.000844e-01 2.131021e-01
1.692982e+01 4.461071e+03 7.254625e+01 2.044608e-01 1.613834e-01 -2.265430e-01 -1.997804e-01 2.127413e-01
1.697368e+01 4.445139e+03 7.211495e+01 2.041345e-01 1.611986e-01 -2.261213e-01 -1.994776e-01 2.123820e-01
1.701754e+01 4.429305e+03 7.168732e+01 2.038097e-01 1.610144e-01 -2.257017e-01 -1.991759e-01 2.120244e-01
1.706140e+01 4.413567e+03 7.126330e+01 2.034861e-01 1.608309e-01 -2.252841e-01 -1.988755e-01 2.116683e-01
1.710526e+01 4.397925e+03 7.084286e+01 2.031640e-01 1.606480e-01 -2.248685e-01 -1.985762e-01 2.113138e-01
1.714912e+01 4.382378e+03 7.042597e+01 2.028432e-01 1.604658e-01 -2.244549e-01 -1.982781e-01 2.109609e-01
1.719298e+01 4.366926e+03 7.001258e+01 2.025237e-01 1.602843e-01 -2.240433e-01 -1.979811e-01 2.106095e-01
1.723684e+01 4.351566e+03 6.960265e+01 2.022055e-01 1.601034e-01 -2.236337e-01 -1.976854e-01 2.102596e-01
1.728070e+01 4.336300e+03 6.919615e+01 2.018887e-01 1.599231e-01 -2.232260e-01 -1.973907e-01 2.099113e-01
1.732456e+01 4.321125e+03 6.879304e+01 2.015732e-01 1.597435e-01 -2.228203e-01 -1.970972e-01 2.095644e-01
1.736842e+01 4.306042e+03 6.839328e+01 2.012589e-01 1.595645e-01 -2.224164e-01 -1.968048e-01 2.092191e-01
1.741228e+01 4.291048e+03 6.799684e+01 2.009460e-01 1.593862e-01 -2.220145e-01 -1.965136e-01 2.088752e-01
1.745614e+01 4.276144e+03 6.760368e+01 2.006343e-01 1.592085e-01 -2.216145e-01 -1.962235e-01 2.085329e-01
1.750000e+01 4.261329e+03 6.721376e+01 2.003240e-01 1.590314e-01 -2.212163e-01 -1.959345e-01 2.081920e-01
1.754386e+01 4.246602e+03 6.682706e+01 2.000148e-01 1.588549e-01 -2.208200e-01 -1.956465e-01 2.078525e-01
1.758772e+01 4.231962e+03 6.644353e+01 1.997070e-01 1.586791e-01 -2.204256e-01 -1.953597e-01 2.075145e-01
1.763158e+01 4.217409e+03 6.606315e+01 1.994004e-01 1.585038e-01 -2.200330e-01 -1.950740e-01 2.071780e-01
1.767544e+01 4.202942e+03 6.568587e+01 1.990950e-01 1.583292e-01 -2.196422e-01 -1.947894e-01 2.068429e-01
1.771930e+01 4.188559e+03 6.531167e+01 1.987908e-01 1.581552e-01 -2.192532e-01 -1.945058e-01 2.065092e-01
1.776316e+01 4.174261e+03 6.494052e+01 1.984879e-01 1.579818e-01 -2.188661e-01 -1.942234e-01 2.061769e-01
1.780702e+01 4.160047e+03 6.457238e+01 1.981862e-01 1.578089e-01 -2.184807e-01 -1.939420e-01 2.058460e-01
1.785088e+01 4.145916e+03 6.420721e+01 1.978857e-01 1.576367e-01 -2.180970e-01 -1.936616e-01 2.055165e-01
1.789474e+01 4.131867e+03 6.384500e+01 1.975864e-01 1.574651e-01 -2.177152e-01 -1.933823e-01 2.051884e-01
1.793860e+01 4.117899e+03 6.348570e+01 1.972884e-01 1.572941e-01 -2.173351e-01 -1.931041e-01 2.048616e-01
1.798246e+01 4.104013e+03 6.312929e+01 1.969914e-01 1.571236e-01 -2.169567e-01 -1.928268e-01 2.045362e-01
1.802632e+01 4.090207e+03 6.277574e+01 1.966957e-01 1.569537e-01 -2.165800e-01 -1.925507e-01 2.042122e-01
1.807018e+01 4.076480e+03 6.242501e+01 1.964011e-01 1.567845e-01 -2.162050e-01 -1.922755e-01 2.038895e-01
1.811404e+01 4.062833e+03 6.207708e+01 1.961077e-01 1.566157e-01 -2.158317e-01 -1.920014e-01 2.035681e-01
1.815789e+01 4.049264e+03 6.173193e+01 1.958155e-01 1.564476e-01 -2.154601e-01 -1.917283e-01 2.032481e-01
1.820175e+01 4.035772e+03 6.138951e+01 1.955244e-01 1.562800e-01 -2.150902e-01 -1.914562e-01 2.029294e-01
1.824561e+01 4.022358e+03 6.104980e+01 1.952344e-01 1.561130e-01 -2.147219e-01 -1.911851e-01 2.026120e-01
1.828947e+01 4.009020e+03 6.071278e+01 1.949456e-01 1.559466e-01 -2.143553e-01 -1.909150e-01 2.022959e-01
1.833333e+01 3.995758e+03 6.037841e+01 1.946579e-01 1.557807e-01 -2.139903e-01 -1.906459e-01 2.019811e-01
1.837719e+01 3.982571e+03 6.004668e+01 1.943713e-01 1.556154e-01 -2.136269e-01 -1.903778e-01 2.016676e-01
1.842105e+01 3.969459e+03 5.971754e+01 1.940858e-01 1.554506e-01 -2.132651e-01 -1.901106e-01 2.013553e-01
1.846491e+01 3.956421e+03 5.939099e+01 1.938015e-01 1.552864e-01 -2.129050e-01 -1.898445e-01 2.010443e-01
1.850877e+01 3.943456e+03 5.906698e+01 1.935182e-01 1.551227e-01 -2.125464e-01 -1.895793e-01 2.007346e-01
1.855263e+01 3.930564e+03 5.874550e+01 1.932360e-01 1.549596e-01 -2.121894e-01 -1.893150e-01 2.004261e-01
1.859649e+01 3.917745e+03 5.842651e+01 1.929549e-01 1.547970e-01 -2.118339e-01 -1.890518e-01 2.001189e-01
1.864035e+01 3.904997e+03 5.811000e+01 1.926749e-01 1.546350e-01 -2.114800e-01 -1.887895e-01 1.998129e-01
1.868421e+01 3.892320e+03 5.779594e+01 1.923960e-01 1.544735e-01 -2.111277e-01 -1.885281e-01 1.995081e-01
1.872807e+01 3.879714e+03 5.748430e+01 1.921181e-01 1.543125e-01 -2.107769e-01 -1.882677e-01 1.992046e-01
1.877193e+01 3.867178e+03 5.717506e+01 1.918413e-01 1.541520e-01 -2.104276e-01 -1.880082e-01 1.989022e-01
1.881579e+01 3.854711e+03 5.686820e+01 1.915655e-01 1.539921e-01 -2.100798e-01 -1.877496e-01 1.986011e-01
1.885965e+01 3.842313e+03 5.656369e+01 1.912908e-01 1.538327e-01 -2.097335e-01 -1.874920e-01 1.983011e-01
1.890351e+01 3.829984e+03 5.626150e+01 1.910171e-01 1.536738e-01 -2.093887e-01 -1.872353e-01 1.980024e-01
1.894737e+01 3.817722e+03 5.596163e+01 1.907445e-01 1.535155e-01 -2.090454e-01 -1.869795e-01 1.977048e-01
1.899123e+01 3.805528e+03 5.566403e+01 1.904728e-01 1.533576e-01 -2.087035e-01 -1.867246e-01 1.974084e-01
1.903509e+01 3.793401e+03 5.536870e+01 1.902022e-01 1.532003e-01 -2.083631e-01 -1.864706e-01 1.971132e-01
1.907895e+01 3.781340e+03 5.507560e+01 1.899326e-01 1.530435e-01 -2.080242e-01 -1.862175e-01 1.968191e-01
1.912281e+01 3.769344e+03 5.478472e+01 1.896640e-01 1.528871e-01 -2.076867e-01 -1.859653e-01 1.965261e-01
1.916667e+01 3.757414e+03 5.449603e+01 1.893964e-01 1.527313e-01 -2.073506e-01 -1.857140e-01 1.962343e-01
1.921053e+01 3.745549e+03 5.420951e+01 1.891298e-01 1.525760e-01 -2.070159e-01 -1.854636e-01 1.959437e-01
1.925439e+01 3.733748e+03 5.392515e+01 1.888642e-01 1.524212e-01 -2.066827e-01 -1.852141e-01 1.956541e-01
1.929825e+01 3.722011e+03 5.364292e+01 1.885996e-01 1.522669e-01 -2.063508e-01 -1.849654e-01 1.953657e-01
1.934211e+01 3.710336e+03 5.336279e+01 1.883360e-01 1.521130e-01 -2.060204e-01 -1.847176e-01 1.950784e-01
1.938596e+01 3.698725e+03 5.308476e+01 1.880733e-01 1.519597e-01 -2.056913e-01 -1.844707e-01 1.947922e-01
1.942982e+01 3.687176e+03 5.280879e+01 1.878116e-01 1.518069e-01 -2.053636e-01 -1.842246e-01 1.945071e-01
1.947368e+01 3.675689e+03 5.253488e+01 1.875509e-01 1.516545e-01 -2.050373e-01 -1.839794e-01 1.942232e-01
1.951754e+01 3.664264e+03 5.226299e+01 1.872911e-01 1.515026e-01 -2.047123e-01 -1.837350e-01 1.939402e-01
1.956140e+01 3.652899e+03 5.199311e+01 1.870322e-01 1.513512e-01 -2.043886e-01 -1.834915e-01 1.936584e-01
1.960526e+01 3.641594e+03 5.172522e+01 1.867743e-01 1.512003e-01 -2.040663e-01 -1.832488e-01 1.933777e-01
1.964912e+01 3.630350e+03 5.145930e+01 1.865173e-01 1.510498e-01 -2.037454e-01 -1.830070e-01 1.930980e-01
1.969298e+01 3.619165e+03 5.119534e+01 1.862613e-01 1.508999e-01 -2.034257e-01 -1.827660e-01 1.928193e-01
1.973684e+01 3.608040e+03 5.093331e+01 1.860062e-01 1.507504e-01 -2.031074e-01 -1.825258e-01 1.925418e-01
1.978070e+01 3.596973e+03 5.067319e+01 1.857520e-01 1.506013e-01 -2.027903e-01 -1.822864e-01 1.922652e-01
1.982456e+01 3.585964e+03 5.041498e+01 1.854988e-01 1.504527e-01 -2.024745e-01 -1.820479e-01 1.919898e-01
1.986842e+01 3.575013e+03 5.015864e+01 1.852464e-01 1.503046e-01 -2.021601e-01 -1.818102e-01 1.917153e-01
1.991228e+01 3.564119e+03 4.990416e+01 1.849949e-01 1.501570e-01 -2.018469e-01 -1.815733e-01 1.914419e-01
1.995614e+01 3.553282e+03 4.965153e+01 1.847444e-01 1.500098e-01 -2.015349e-01 -1.813372e-01 1.911695e-01
2.000000e+01 3.542502e+03 4.940072e+01 1.844947e-01 1.498630e-01 -2.012243e-01 -1.811018e-01 1.908981e-01
