5.0 1.2119196492596696 0.02062843028848642 0.019850498447382695
4.952 1.2140878834210596 0.020992715515646996 0.02019382533135187
4.904 1.2163007410464513 0.021366732995422136 0.020546125129395215
4.856 1.2185596078027316 0.021750832449322913 0.02090771287462723
4.808 1.2208659270799644 0.022145379449571886 0.021278917532560063
4.76 1.2232212030165814 0.022550756289241344 0.021660082746370723
4.712 1.2256270037161219 0.022967362908657675 0.022051567629060628
4.664 1.2280849646697978 0.023395617882271166 0.022453747605907747
4.616 1.2305967924003305 0.023835959470547785 0.022867015310892542
4.568 1.2331642683439026 0.02428884674182871 0.02329178154108379
4.52 1.235789252988488 0.024754760769532192 0.023728476273305318
4.4719999999999995 1.2384736902884854 0.025234205910540847 0.024177549747769866
4.4239999999999995 1.2412196123773247 0.025727711171133736 0.024639473623767356
4.376 1.2440291446016953 0.026235831667388545 0.025114742212933146
4.328 1.2469045109032206 0.026759150187602585 0.025603873796103235
4.28 1.2498480395757439 0.027298278864968096 0.026107412030292383
4.232 1.2528621694290838 0.02785386096949326 0.02662592745291086
4.184 1.2559494563929876 0.02842657282899557 0.027160019090974742
4.136 1.2591125805982726 0.029017125889915438 0.027710316183766924
4.088 1.26235435397571 0.029626268929717488 0.02827748002818067
4.04 1.2656777284171736 0.030254790433774905 0.02886220595683192
3.992 1.269085804548019 0.030903521150880995 0.029465225459968318
3.944 1.272581841164547 0.031573336842918645 0.030087308463245747
3.896 1.2761692653958863 0.03226516124575674 0.030729265774595324
3.848 1.2798516836557412 0.03297996926015282 0.03139195171467955
3.8 1.283632893456276 0.033718790393344356 0.03207626694685136
3.752 1.287516896164013 0.034482712474132676 0.03278316152409961
3.7039999999999997 1.2915079107861909 0.03527288566662785 0.033513638172208565
3.6559999999999997 1.2956103888855948 0.036090526810466615 0.03426875583029869
3.6079999999999997 1.2998290307326348 0.03693692411826973 0.035049633472076486
3.56 1.3041688028155536 0.03781344226441498 0.035857454233529304
3.512 1.308634956843287 0.038721527902912715 0.03669346987548919
3.464 1.3132330503908738 0.03966271565633804 0.03755900561249487
3.416 1.3179689693547143 0.04063863462245942 0.03845546534274336
3.368 1.322848952404644 0.041651015450480326 0.03938433731769066
3.3200000000000003 1.3278796176421226 0.04270169804476146 0.04034720029408941
3.2720000000000002 1.333067991699179 0.043792639960612945 0.04134573021600228
3.224 1.3384215415415954 0.04492592556435075 0.042381707479676727
3.176 1.3439482092727095 0.04610377603842822 0.04345702484019136
3.128 1.3496564502717654 0.04732856032223371 0.04457369602558471
3.08 1.3555552750437154 0.04860280709026602 0.04573386513186425
3.032 1.3616542952066735 0.04992921788206379 0.046939816880996556
2.984 1.367963774099846 0.05131068151271648 0.04819398783384944
2.936 1.3744946825599547 0.052750289909305796 0.04949897866127026
2.888 1.381258760489452 0.05425135553754694 0.050857567589242036
2.84 1.3882685849268204 0.055817430604616754 0.05227272514860742
2.792 1.3955376454301816 0.05745232824912817 0.05374763037646235
2.7439999999999998 1.4030804277026947 0.0591601459579913 0.055285688635333494
2.6959999999999997 1.4109125065248207 0.06094529148314356 0.05689055123805262
2.648 1.4190506492181254 0.0628125115696096 0.05856613709128588
2.6 1.427512931052154 0.06476692385100173 0.06031665659951428
2.552 1.4363188642253746 0.06681405232050384 0.0621466381045376
2.504 1.4454895423097136 0.0689598668459358 0.06406095717405787
2.456 1.455047802353484 0.0712108272682951 0.06606486909751587
2.408 1.4650184071993484 0.07357393270616155 0.06816404499919919
2.36 1.4754282510039542 0.07605677678591737 0.07036461203905003
2.312 1.486306591458799 0.07866760963276125 0.07267319824216385
2.264 1.4976853128256504 0.08141540759352617 0.07509698258062766
2.2159999999999997 1.509599224636985 0.08430995182369225 0.07764375102845283
2.168 1.5220864018005733 0.08736191706306631 0.08032195942476768
2.12 1.5351885729227748 0.09058297215401452 0.08314080411566797
2.072 1.5489515649718486 0.09398589413111885 0.08611030150548475
2.024 1.563425813997169 0.0975846980419744 0.08924137783903975
1.976 1.5786669535745919 0.10139478505846113 0.09254597076431656
1.928 1.594736495054652 0.10543311192249426 0.0960371444980972
1.88 1.6117026166676898 0.10971838536061333 0.09972922074578416
1.8319999999999999 1.6296410822425402 0.1142712858241158 0.10363792792379116
1.7839999999999998 1.6486363149242742 0.11911472579947778 0.10778057171491089
1.7359999999999998 1.6687826570955517 0.12427414903100986 0.11217623057480174
1.6879999999999997 1.6901858550648146 0.12977787836045285 0.11684598052782807
1.6400000000000001 1.7129648164473719 0.13565752159021835 0.12181315447732424
1.592 1.7372537001563673 0.141948446915114 0.1271036423534757
1.544 1.7632044143829837 0.14869034217008364 0.13274623978964056
1.496 1.7909896180295943 0.15592787558023027 0.1387730547316786
1.448 1.8208063473488478 0.16371148010508604 0.14521998354632806
1.4 1.852880424234964 0.17209828915542116 0.15212727093983539
1.3519999999999999 1.8874718487963187 0.1811532588578427 0.1595401715103921
1.3039999999999998 1.9248814408861126 0.19095052174542151 0.1675097352875567
1.2559999999999998 1.9654590794566362 0.20157502959457735 0.1760937455029722
1.2079999999999997 2.009614004043215 0.2131245602880832 0.18535784456843946
1.1600000000000001 2.0578278027765573 0.22571218674894777 0.19537689448419082
1.112 2.1106709360499925 0.23946933760794634 0.20623663162343808
1.064 2.168823964581157 0.2545496229383329 0.2180356944276565
1.016 2.2331051116417258 0.2711336594876158 0.2308881280357114
0.968 2.304506464532408 0.2894352165075352 0.2449265052877084
0.9199999999999999 2.3842421261733415 0.30970912810758416 0.2603058534757114
0.8719999999999999 2.4738131532380847 0.3322616008199666 0.2772086477249399
0.8239999999999998 2.575096477872953 0.35746381753967327 0.2958512360935525
0.7759999999999998 2.6904687440969104 0.3857701533973948 0.31649221623928975
0.7279999999999998 2.822982042323182 0.41774296338800715 0.3394435182309449
0.6799999999999997 2.976618605455701 0.4540869280795853 0.365085312530935
0.6319999999999997 3.1566688370348386 0.4956976247600789 0.39388644303579445
0.5839999999999996 3.3703077972720292 0.5437318308677953 0.4264330385633577
0.5359999999999996 3.6275021104410974 0.5997120347919054 0.4634695747611241
0.48799999999999955 3.9424891395110238 0.6656866809792776 0.5059595138026083
0.4399999999999995 4.33629414946085 0.7444849620096377 0.5551779166943145
0.39199999999999946 4.8412364441217095 0.8401398586366338 0.6128586646662286
0.3440000000000003 5.509508463639294 0.9586283702766704 0.6814401318023997
0.29600000000000026 6.430809655509477 1.1092538380564034 0.764500562045026
