10.0 1.1030028747052698 0.005666349692579039 0.005556330164120461
9.98775 1.1031328808124659 0.005679588372102003 0.005569180520726767
9.9755 1.103263215173612 0.005692873494988258 0.0055820754912397404
9.96325 1.1033938790321687 0.00570620527870428 0.005595015282340716
9.951 1.1035248736378813 0.005719583941990698 0.005608000101908798
9.93875 1.1036562002468144 0.005733009704871294 0.005621030159029235
9.9265 1.1037878601213955 0.005746482788662017 0.005634105664001795
9.91425 1.103919854530451 0.005760003415980131 0.005647226828349267
9.902 1.104052184749252 0.005773571810753367 0.005660393864825966
9.88975 1.1041848520595499 0.005787188198229234 0.005673606987426386
9.8775 1.1043178577496244 0.005800852804984314 0.005686866411393834
9.86525 1.1044512031143163 0.005814565858933739 0.005700172353229239
9.853 1.1045848894550792 0.005828327589340625 0.0057135250306999084
9.84075 1.10471891808001 0.005842138226825727 0.005726924662848506
9.8285 1.1048532903039034 0.00585599800337702 0.005740371470001939
9.81625 1.1049880074482856 0.005869907152359492 0.005753865673780465
9.804 1.1051230708414634 0.005883865908524929 0.005767407497106763
9.79175 1.1052584818185633 0.005897874508021839 0.005780997164215166
9.7795 1.1053942417215774 0.005911933188405418 0.0057946349006609
9.76725 1.1055303518994095 0.005926042188647619 0.005808320933329433
9.755 1.105666813707914 0.005940201749147316 0.00582205549044592
9.74275 1.1058036285099475 0.005954412111740518 0.0058358388015846635
9.7305 1.105940797675408 0.005968673519710707 0.0058496710976787296
9.71825 1.1060783225812836 0.005982986217799241 0.005863552611029591
9.706 1.1062162046117003 0.005997350452215835 0.005877483575316841
9.69375 1.106354445157961 0.006011766470649182 0.0058914642256080755
9.6815 1.1064930456186008 0.006026234522277574 0.005905494798368717
9.66925 1.1066320073994285 0.006040754857779704 0.005919575531472053
9.657 1.1067713319135746 0.006055327729345506 0.005933706664209282
9.64475 1.1069110205815413 0.0060699533906870915 0.005947888437299657
9.6325 1.1070510748312477 0.006084632097049803 0.005962121092900743
9.62025 1.1071914960980802 0.006099364105223331 0.00597640487461871
9.608 1.1073322858249397 0.006114149673552952 0.005990740027518771
9.59575 1.1074734454622943 0.006128989061950827 0.006005126798135636
9.5835 1.1076149764682222 0.006143882531907452 0.006019565434484148
9.57125 1.107756880308469 0.006158830346503144 0.006034056186069909
9.559 1.1078991584564946 0.0061738327704196514 0.006048599303900051
9.54675 1.1080418123935227 0.006188890069951892 0.006063195040494111
9.5345 1.108184843608593 0.00620400251301975 0.006077843649894965
9.52225 1.1083282535986163 0.006219170369179968 0.006092545387679836
9.51 1.108472043868421 0.00623439390963819 0.006107300510971459
9.49775 1.1086162159308084 0.0062496734072610685 0.006122109278449298
9.4855 1.1087607713066048 0.006265009136588481 0.006136971950360853
9.47325 1.1089057115247163 0.006280401373845855 0.006151888788533077
9.461 1.1090510381221776 0.006295850396956625 0.006166860056383915
9.44875 1.1091967526442135 0.006311356485554728 0.00618188601893387
9.4365 1.1093428566442878 0.006326919920997281 0.0061969669428177405
9.42425 1.1094893516841584 0.006342540986377347 0.006212103096296437
9.411999999999999 1.109636239333938 0.0063582199665367595 0.0062272947492688566
9.39975 1.109783521172141 0.006373957148079153 0.006242542173283941
9.3875 1.1099311987857496 0.006389752819383004 0.0062578456415527456
9.37525 1.1100792737702632 0.00640560727061488 0.006273205428960695
9.363 1.1102277477297582 0.006421520793742734 0.00628862181207989
9.35075 1.110376622276946 0.00643749368254934 0.006304095069181535
9.3385 1.1105258990332318 0.006453526232645845 0.006319625480248472
9.32625 1.110675579628769 0.006469618741485462 0.0063352133269878475
9.314 1.110825665702526 0.006485771508377215 0.006350858892843825
9.30175 1.1109761589023375 0.006501984834499891 0.006366562463010484
9.2895 1.111127060884968 0.006518259022916065 0.006382324324444797
9.27725 1.1112783733161742 0.006534594378586229 0.006398144765879681
9.265 1.1114300978707639 0.006550991208383097 0.006414024077837224
9.25275 1.1115822362326566 0.006567449821106 0.006429962552641998
9.2405 1.1117347900949468 0.006583970527495427 0.006445960484434497
9.22825 1.111887761159967 0.006600553640247672 0.0064620181691846645
9.216 1.11204115113935 0.0066171994740296175 0.006478135904705563
9.20375 1.1121949617540918 0.006633908345493681 0.0064943139906671775
9.1915 1.1123491947346176 0.006650680573292837 0.0065105527286102955
9.17925 1.1125038518208428 0.006667516478095826 0.0065268524219605694
9.167 1.1126589347622422 0.00668441638260245 0.006543213376042615
9.15475 1.112814445317914 0.006701380611559046 0.006559635898094331
9.1425 1.112970385256643 0.006718409491774081 0.006576120297281284
9.13025 1.1131267563569738 0.00673550335213386 0.006592666884711212
9.118 1.1132835604072724 0.006752662523618415 0.006609275973448702
9.10575 1.1134407992057955 0.0067698873393175285 0.006625947878529979
9.0935 1.1135984745607603 0.006787178134446866 0.006642682916977792
9.08125 1.1137565882904121 0.00680453524636429 0.006659481407816473
9.068999999999999 1.1139151422230944 0.00682195901458631 0.006676343672087124
9.05675 1.1140741381973174 0.006839449780804671 0.006693270032862911
9.0445 1.1142335780618349 0.006857007888903073 0.006710260815264496
9.03225 1.114393463675704 0.006874633684974133 0.006727316346475691
9.02 1.1145537969083694 0.006892327517336352 0.006744436955759096
9.00775 1.1147145796397266 0.00691008973655137 0.0067616229744720206
8.9955 1.1148758137602002 0.006927920695441291 0.006778874736082466
8.98325 1.1150375011708171 0.006945820749106199 0.006796192576185257
8.971 1.115199643783279 0.00696379025494184 0.006813576832518367
8.95875 1.1153622435200368 0.0069818295726574485 0.006831027844979338
8.9465 1.1155253023143676 0.00699993906429374 0.006848545955641874
8.93425 1.115688822110453 0.007018119094241046 0.006866131508772544
8.922 1.115852804863453 0.007036370029257661 0.0068837848508477
8.90975 1.1160172525395828 0.007054692238488321 0.0069015063305705
8.8975 1.116182167116194 0.007073086093482856 0.006919296298888092
8.88525 1.1163475505818508 0.007091551968215028 0.006937155109008971
8.873 1.1165134049364105 0.007110090239101508 0.006955083116420457
8.86075 1.1166797321911057 0.00712870128502106 0.006973080678906364
8.8485 1.11684653436862 0.007147385487333908 0.006991148156564835
8.83625 1.1170138135031762 0.007166143229901223 0.0070092859118262825
8.824 1.1171815716406122 0.007184974899104859 0.007027494309471571
8.81175 1.1173498108384694 0.007203880883867225 0.007045773716650292
8.7995 1.1175185331660704 0.007222861575671374 0.007064124502899272
8.78725 1.1176877407046089 0.007241917368581234 0.0070825470401611815
8.775 1.1178574355472337 0.007261048659262047 0.007101041702803347
8.76275 1.1180276197991323 0.007280255847001028 0.007119608867636761
8.7505 1.118198295577617 0.0072995393337281795 0.007138248913935234
8.73825 1.1183694650122167 0.0073188995240372826 0.007156962223454697
8.725999999999999 1.1185411302447608 0.00733833682520714 0.007175749180452747
8.71375 1.1187132934294703 0.007357851647222951 0.0071946101717083
8.7015 1.118885956733044 0.007377444402797965 0.007213545586541513
8.68925 1.1190591223347537 0.00739711550739525 0.0072325558168337845
8.677 1.1192327924265322 0.007416865379249715 0.007251641257048013
8.66475 1.1194069692130664 0.007436694439390338 0.007270802304249026
8.6525 1.1195816549118904 0.00745660311166258 0.007290039358124171
8.64025 1.1197568517534775 0.007476591822751037 0.00730935282100415
8.628 1.1199325619813343 0.007496661002202288 0.007328743097884008
8.61575 1.1201087878520992 0.007516811082447938 0.007348210596444294
8.6035 1.120285531635637 0.007537042498827912 0.00736775572707247
8.59125 1.1204627956151314 0.007557355689613981 0.007387378902884524
8.579 1.1206405820871919 0.007577751096033431 0.007407080539746695
8.566749999999999 1.1208188933619427 0.007598229162293065 0.007426861056297526
8.5545 1.1209977317631272 0.0076187903356033405 0.007446720873970026
8.54225 1.12117709962821 0.007639435066202787 0.007466660417014078
8.53 1.1213569993084738 0.00766016380738263 0.007486680112519049
8.51775 1.1215374331691237 0.007680977015511674 0.007506780390436637
8.5055 1.1217184035893903 0.0077018751500613995 0.0075269616836038805
8.49325 1.1218999129626344 0.007722858673631302 0.007547224427766431
8.481 1.1220819636964492 0.007743928051974485 0.00756756906160203
8.46875 1.12226455821277 0.0077650837540234885 0.007587996026744191
8.4565 1.1224476989479755 0.007786326251916379 0.007608505767806144
8.44425 1.1226313883530032 0.00780765602102304 0.007629098732404943
8.432 1.1228156288934499 0.0078290735399718 0.007649775371185881
8.41975 1.1230004230496884 0.007850579290676228 0.00767053613784706
8.4075 1.1231857733169712 0.007872173758362265 0.007691381489164265
8.39525 1.1233716822055497 0.00789385743159553 0.007712311885015999
8.383 1.1235581522407807 0.007915630802308995 0.0077333277884088355
8.37075 1.123745185963242 0.007937494365830824 0.007754429665502941
8.3585 1.123932785928849 0.007959448620912546 0.007775617985637883
8.34625 1.1241209547089692 0.007981494069757487 0.0077968932213586814
8.334 1.1243096948905356 0.008003631218049478 0.00781825584844211
8.32175 1.1244990090761704 0.008025860574981813 0.007839706345923203
8.3095 1.1246888998843 0.008048182653286544 0.007861245196122107
8.29725 1.1248793699492758 0.008070597969264006 0.0078828728846711
8.285 1.1250704219214969 0.008093107042812662 0.00790458990054191
8.27275 1.1252620584675275 0.008115710397459258 0.007926396736073342
8.2605 1.1254542822702278 0.008138408560389188 0.00794829388699905
8.24825 1.1256470960288707 0.008161202062477281 0.007970281852475714
8.236 1.125840502459273 0.008184091438318782 0.007992361135111406
8.223749999999999 1.1260345042939175 0.008207077226260705 0.008014532240994264
8.211500000000001 1.1262291042820867 0.008230159968433428 0.008036795679721372
8.19925 1.1264243051899856 0.008253340210782709 0.008059151964428093
8.187 1.1266201098008748 0.008276618503101888 0.008081601611817476
8.17475 1.1268165209152055 0.008299995399064482 0.008104145142190076
8.1625 1.127013541350743 0.00832347145625713 0.008126783079474084
8.15025 1.1272111739427102 0.008347047236212763 0.00814951595125563
8.138 1.127409421543917 0.008370723304444204 0.008172344288809518
8.12575 1.1276082870248993 0.008394500230478046 0.008195268627130155
8.1135 1.127807773274056 0.008418378587888879 0.008218289504962862
8.10125 1.1280078831977849 0.008442358954333892 0.008241407464835458
8.089 1.1282086197206305 0.008466441911587724 0.008264623053090113
8.07675 1.1284099857854155 0.00849062804557781 0.008287936819915624
8.0645 1.1286119843533926 0.008514917946419938 0.008311349319379898
8.05225 1.128814618404383 0.00853931220845425 0.008334861109462811
8.04 1.1290178909369257 0.008563811430281574 0.008358472752089379
8.02775 1.129221804968422 0.008588416214800106 0.00838218481316326
8.0155 1.1294263635352821 0.008613127169242537 0.008405997862600616
8.00325 1.129631569693082 0.008637944905213413 0.008429912474364233
7.991 1.1298374265167062 0.008662870038727032 0.008453929226498071
7.97875 1.130043937100505 0.008687903190245608 0.008478048701162104
7.9665 1.1302511045584478 0.008713044984717871 0.008502271484667522
7.95425 1.1304589320242782 0.008738296051618044 0.008526598167512276
7.942 1.1306674226516695 0.00876365702498524 0.008551029344417023
7.92975 1.1308765796143863 0.008789128543463212 0.00857556561436133
7.9175 1.1310864061064434 0.00881471125034055 0.008600207580620356
7.9052500000000006 1.131296905342264 0.00884040579359128 0.008624955850801853
7.893 1.1315080805568465 0.008866212825915867 0.008649811036883514
7.88075 1.13171993500593 0.008892133004782615 0.008674773755250708
7.8685 1.1319324719661554 0.008918166992469565 0.008699844626734666
7.856249999999999 1.132145694735238 0.008944315456106739 0.008725024276650945
7.843999999999999 1.1323596066321342 0.008970579067718865 0.008750313334838354
7.8317499999999995 1.1325742109972148 0.008996958504268522 0.008775712435698229
7.8195 1.1327895111924329 0.009023454447699773 0.00880122221823419
7.80725 1.1330055106015062 0.009050067584982146 0.008826843326092147
7.795 1.1332222126300855 0.009076798608155195 0.008852576407600893
7.78275 1.1334396207059352 0.009103648214373447 0.00887842211581299
7.7705 1.1336577382791149 0.009130617105951809 0.008904381108546095
7.75825 1.133876568822157 0.009157705990411496 0.008930454048424744
7.746 1.1340961158302514 0.009184915580526396 0.008956641602922543
7.733750000000001 1.1343163828214315 0.009212246594369922 0.008982944444404756
7.7215 1.1345373733367583 0.009239699755362376 0.009009363250171402
7.70925 1.1347590909405092 0.009267275792318785 0.00903589870250074
7.697 1.134981539220372 0.009294975439497222 0.009062551488693196
7.684749999999999 1.1352047217876302 0.009322799436647707 0.009089322301115822
7.672499999999999 1.1354286422773645 0.009350748529061495 0.009116211837247073
7.66025 1.135653304348642 0.009378823467621028 0.009143220799722225
7.648 1.1358787116847195 0.009407025008850286 0.009170349896379089
7.63575 1.1361048679932406 0.009435353914965739 0.00919759984030432
7.6235 1.136331777006436 0.009463810953927832 0.009224971349880165
7.61125 1.1365594424813315 0.00949239689949298 0.009252465148831683
7.599 1.1367878681999513 0.009521112531266133 0.009280081966274464
7.58675 1.1370170579695238 0.009549958634753929 0.009307822536762909
7.5745000000000005 1.1372470156226973 0.009578936001418337 0.009335687600338873
7.56225 1.137477745017746 0.009608045428730953 0.009363677902580978
7.55 1.1377092500387884 0.009637287720227802 0.009391794194654324
7.53775 1.1379415345960007 0.009666663685564786 0.009420037233360792
7.5255 1.1381746026258386 0.009696174140573666 0.009448407781189817
7.513249999999999 1.1384084580912543 0.009725819907318705 0.009476906606369769
7.5009999999999994 1.1386431049819226 0.009755601814153846 0.009505534482919787
7.48875 1.1388785473144631 0.009785520695780583 0.009534292190702261
7.4765 1.1391147891326712 0.009815577393306374 0.009563180515475762
7.46425 1.1393518345077434 0.009845772754303754 0.009592200248948628
7.452 1.139589687538515 0.009876107632870014 0.009621352188833036
7.43975 1.139828352351689 0.009906582889687602 0.009650637138899725
7.4275 1.1400678331020748 0.00993719939208512 0.009680055909033269
7.41525 1.1403081339728314 0.009967958014098976 0.009709609315287863
7.4030000000000005 1.140549259175703 0.009998859636535759 0.009739298179943867
7.39075 1.1407912129512665 0.010029905147035246 0.00976912333156481
7.3785 1.1410339995691774 0.010061095440134104 0.00979908560505506
7.36625 1.1412776233284192 0.010092431417330298 0.009829185841718133
7.354 1.1415220885575554 0.010123913987148176 0.009859424889315573
7.341749999999999 1.141767399614983 0.010155544065204306 0.00988980360212652
7.3294999999999995 1.142013560889191 0.010187322574273978 0.009920322841007866
7.31725 1.142260576799018 0.010219250444358499 0.00995098347345513
7.305 1.1425084517939161 0.010251328612753168 0.009981786373663908
7.29275 1.1427571903542153 0.010283558024116044 0.010012732422592057
7.2805 1.143006796991391 0.010315939630537443 0.010043822508022517
7.26825 1.143257276248336 0.010348474391610202 0.010075057524626804
7.256 1.1435086326996324 0.01038116327450074 0.010106438374029234
7.24375 1.1437608709518283 0.01041400725402089 0.010137965964871815
7.2315000000000005 1.1440139956437168 0.01044700731270053 0.010169641212879853
7.21925 1.1442680114466184 0.010480164440861021 0.010201465040928285
7.207 1.1445229230646645 0.010513479636689462 0.010233438379108723
7.19475 1.144778735235091 0.010546953906313744 0.010265562164797197
7.1825 1.1450354527285207 0.010580588263878518 0.01029783734272276
7.170249999999999 1.1452930803492638 0.010614383731621933 0.01033026486503672
7.1579999999999995 1.1455516229356142 0.010648341339953234 0.010362845691382657
7.14575 1.145811085360146 0.010682462127531328 0.010395580788967315
7.1335 1.146071472530023 0.010716747141344084 0.010428471132632114
7.12125 1.1463327893873019 0.010751197436788639 0.010461517704925575
7.109 1.1465950409092405 0.010785814077752592 0.010494721496176538
7.09675 1.1468582321086178 0.010820598136696025 0.01052808350456808
7.0845 1.1471223680340432 0.010855550694734588 0.010561604736212427
7.07225 1.1473874537702804 0.01089067284172342 0.010595286205226559
7.0600000000000005 1.1476534944385703 0.010925965676342063 0.010629128933808714
7.04775 1.1479204951969604 0.010961430306180308 0.010663133952315731
7.0355 1.14818846124063 0.010997067847825077 0.010697302299341283
7.02325 1.1484573978022277 0.011032879426948257 0.01073163502179498
7.010999999999999 1.1487273101522115 0.011068866178395493 0.010766133174982291
6.998749999999999 1.1489982035991844 0.011105029246276094 0.01080079782268549
6.9864999999999995 1.149270083490243 0.011141369784053886 0.010835630037245404
6.97425 1.1495429552113263 0.011177888954639144 0.010870630899644117
6.962 1.1498168241875668 0.011214587930481565 0.010905801499588638
6.94975 1.1500916958836491 0.01125146789366431 0.010941142935595451
6.9375 1.1503675758041685 0.011288530035999146 0.010976656315076093
6.92525 1.150644469493994 0.011325775559122684 0.011012342754423667
6.913 1.1509223825386385 0.011363205674593709 0.01104820337910032
6.90075 1.1512013205646345 0.011400821603991602 0.011084239323725709
6.8885000000000005 1.1514812892399013 0.01143862457901606 0.011120451732166596
6.87625 1.1517622942741348 0.011476615841587759 0.011156841757627276
6.864 1.1520443414191839 0.011514796643950359 0.011193410562741195
6.85175 1.1523274364694498 0.011553168248773565 0.011230159319663488
6.839499999999999 1.152611585262268 0.01159173192925755 0.011267089210164744
6.827249999999999 1.1528967936783152 0.011630488969238408 0.01130420142572565
6.8149999999999995 1.1531830676420025 0.011669440663295045 0.011341497167632929
6.80275 1.1534704131218916 0.011708588316857121 0.011378977647076169
6.7905 1.1537588361310982 0.01174793324631442 0.011416644085245967
6.77825 1.1540483427277124 0.011787476779127429 0.011454497713433064
6.766 1.1543389390152146 0.01182722025393926 0.011492539773128752
6.75375 1.1546306311429035 0.011867165020688845 0.01153077151612632
6.7415 1.1549234253063267 0.011907312440725513 0.011569194204623746
6.72925 1.155217327747712 0.011947663886924916 0.011607809111327624
6.7170000000000005 1.1555123447564106 0.011988220743806304 0.011646617519558186
6.70475 1.1558084826693371 0.01202898440765127 0.011685620723355699
6.6925 1.156105747871424 0.01206995628662378 0.011724820027587955
6.68025 1.156404146796073 0.012111137800891774 0.011764216748059142
6.667999999999999 1.1567036859256168 0.012152530382750125 0.011803812211619918
6.655749999999999 1.1570043717917793 0.012194135476745147 0.011843607756278858
6.6434999999999995 1.1573062109761547 0.012235954539800475 0.011883604731315058
6.63125 1.1576092101106739 0.01227798904134462 0.011923804497392288
6.619 1.15791337587809 0.012320240463439942 0.01196420842667433
6.60675 1.1582187150124685 0.012362710300913161 0.012004817902941663
6.5945 1.1585252342996697 0.012405400061487609 0.012045634321709736
6.58225 1.158832940577858 0.012448311265916829 0.012086659090348364
6.57 1.1591418407379965 0.012491445448120048 0.012127893628202784
6.55775 1.159451941724361 0.012534804155319117 0.012169339366716018
6.5455 1.1597632505350537 0.012578388948177196 0.012210997749552747
6.53325 1.1600757742225252 0.012622201400939094 0.012252870232724646
6.521 1.1603895198941043 0.012666243101573332 0.012294958284717194
6.50875 1.1607044947125238 0.012710515651916016 0.012337263386618154
6.496499999999999 1.1610207058964697 0.012755020667816306 0.012379787032247342
6.484249999999999 1.161338160721121 0.012799759779283824 0.012422530728288186
6.4719999999999995 1.1616568665187041 0.012844734630637818 0.012465495994420778
6.45975 1.161976830679052 0.012889946880658134 0.012508684363456502
6.4475 1.1622980606501678 0.012935398202738122 0.012552097381474392
6.43525 1.1626205639388005 0.012981090285039331 0.01259573660795901
6.423 1.1629443481110202 0.01302702483064821 0.012639603615940118
6.41075 1.1632694207928065 0.013073203557734699 0.012683699992133979
6.3985 1.1635957896706377 0.013119628199712843 0.012728027337086431
6.38625 1.163923462492096 0.013166300505403305 0.012772587265317624
6.374 1.164252447066468 0.013213222239198038 0.012817381405468642
6.36175 1.164582751265364 0.013260395181226865 0.012862411400449799
6.3495 1.1649143830233357 0.013307821127526305 0.012907678907590866
6.33725 1.165247350338508 0.013355501890210357 0.012953185598793066
6.324999999999999 1.1655816612732133 0.01340343929764355 0.012998933160682968
6.312749999999999 1.1659173239546339 0.013451635194616111 0.01304492329476831
6.3004999999999995 1.1662543465754591 0.01350009144252132 0.01309115771759566
6.28825 1.1665927373945397 0.013548809919535174 0.01313763816091015
6.276 1.1669325047375574 0.013597792520798263 0.013184366371817078
6.26375 1.1672736569977031 0.013647041158599934 0.013231344112945553
6.2515 1.167616202636351 0.013696557762564959 0.013278573162614332
6.23925 1.1679601501837666 0.01374634427984223 0.01332605531499932
6.227 1.1683055082397933 0.013796402675296264 0.013373792380303664
6.21475 1.1686522854745662 0.013846734931700888 0.013421786184929637
6.2025 1.1690004906292335 0.013897343049935434 0.013470038571652753
6.19025 1.1693501325166766 0.013948229049183546 0.013518551399798132
6.178 1.1697012200222514 0.013999394967134442 0.013567326545419015
6.16575 1.170053762104529 0.014050842860186813 0.013616365901477561
6.153499999999999 1.1704077677960514 0.014102574803655314 0.013665671378027924
6.141249999999999 1.1707632462040924 0.014154592891979761 0.013715244902401637
6.129 1.171120206511433 0.014206899238936982 0.013765088419395338
6.11675 1.171478657977141 0.01425949597785546 0.013815203891460895
6.1045 1.1718386099373639 0.01431238526183272 0.013865593298897947
6.09225 1.1722000718061305 0.014365569263955567 0.01391625864004887
6.08 1.172563053076162 0.014419050177523185 0.013967201931496276
6.06775 1.1729275633196923 0.014472830216273162 0.01401842520826302
6.0555 1.1732936121893045 0.014526911614610402 0.014069930524014708
6.0432500000000005 1.1736612094187686 0.014581296627839148 0.014121719951264922
6.031 1.174030364823898 0.01463598753239793 0.014173795581582965
6.01875 1.1744010883034108 0.014690986626097696 0.014226159525804373
6.0065 1.1747733898398047 0.014746296228363043 0.014278813914244088
5.99425 1.1751472795002464 0.01480191868047659 0.014331760896912385
5.982 1.1755227674374626 0.014857856345826669 0.01438500264373365
5.9697499999999994 1.1758998638906548 0.014914111610158194 0.01443854134476791
5.9575 1.1762785791864145 0.014970686881826942 0.014492379210435311
5.94525 1.1766589237396567 0.015027584592057204 0.014546518471743531
5.933 1.1770409080545634 0.015084807195202813 0.01460096138051808
5.92075 1.1774245427255408 0.015142357169011682 0.01465571020963564
5.9085 1.1778098384381854 0.015200237014893918 0.014710767253260532
5.89625 1.178196805970264 0.015258449258193495 0.014766134827084205
5.8839999999999995 1.1785854561927092 0.015316996448463559 0.014821815268567884
5.87175 1.1789758000706234 0.015375881159745438 0.014877810937188414
5.8595 1.1793678486642987 0.015435105990851457 0.014934124214687395
5.84725 1.179761613130249 0.015494673565651528 0.014990757505323539
5.835 1.1801571047222557 0.015554586533363605 0.01504771323612842
5.82275 1.1805543347924254 0.015614847568848126 0.015104993857165587
5.8105 1.1809533147922664 0.015675459372906403 0.015162601841793131
5.7982499999999995 1.1813540562737712 0.015736424672583113 0.015220539686929775
5.786 1.1817565708905247 0.01579774622147283 0.01527880991332441
5.77375 1.1821608703988096 0.01585942680003094 0.015337415065829458
5.7615 1.1825669666587502 0.015921469215888478 0.015396357713677557
5.74925 1.1829748716354456 0.01598387630417168 0.015455640450762337
5.737 1.183384597400139 0.01604665092782557 0.015515265895922644
5.72475 1.1837961561313868 0.016109795977942275 0.015575236693230849
5.7124999999999995 1.1842095601162594 0.016173314374093636 0.015635555512284804
5.70025 1.1846248217515383 0.01623720906466862 0.015696225048503987
5.688 1.1850419535449472 0.016301483027215256 0.015757248023429482
5.67575 1.1854609681163897 0.016366139268787407 0.015818627185028116
5.6635 1.1858818781992042 0.016431180826296316 0.01588036530800071
5.65125 1.1863046966414412 0.01649661076686704 0.015942465194094497
5.639 1.1867294364071512 0.016562432188199906 0.01600492967241989
5.6267499999999995 1.1871561105776929 0.016628648218937003 0.0160677615997715
5.6145 1.1875847323530593 0.016695262019033777 0.01613096386095359
5.60225 1.1880153150532229 0.01676227678013588 0.016194539369109976
5.59 1.1884478721194969 0.016829695725961304 0.0162584910660585
5.57775 1.188882417115913 0.016897522112687954 0.016322821922630133
5.5655 1.1893189637306272 0.01696575922934656 0.016387534939012616
5.55325 1.1897575257773298 0.01703441039821937 0.016452633145099125
5.5409999999999995 1.1901981171966922 0.017103478975244252 0.01651811960084147
5.52875 1.1906407520578184 0.01717296835042471 0.016583997396608402
5.5165 1.1910854445597236 0.017242881948245723 0.01665026965354889
5.50425 1.1915322090328369 0.01731322322809542 0.01671693952396036
5.492 1.1919810599405118 0.01738399568469292 0.016784010191662233
5.47975 1.192432011880579 0.017455202848522106 0.016851484872374433
5.4675 1.192885079586892 0.01752684828627195 0.016919366814101645
5.4552499999999995 1.1933402779309223 0.017598935601282825 0.01698765929752251
5.443 1.1937976219233604 0.017671468433999433 0.017056365636384557
5.43075 1.1942571267157434 0.01774445046243028 0.0171254891779047
5.4185 1.1947188076021047 0.017817885402613785 0.017195033303175362
5.40625 1.1951826800206504 0.017891777009091087 0.017265001427576292
5.394 1.195648759555454 0.017966129075385823 0.017335397001192354
5.38175 1.1961170619381756 0.01804094543449088 0.017406223509237238
5.3694999999999995 1.196587603049815 0.01811622995936213 0.017477484472483058
5.35725 1.1970603989224735 0.018191986563419568 0.017549183447696313
5.345 1.1975354657411554 0.018268219201055695 0.017621324028079956
5.33275 1.1980128198455855 0.01834493186815136 0.017693909843721836
5.3205 1.1984924777320578 0.01842212860259928 0.017766944562049584
5.30825 1.1989744560553075 0.01849981348483519 0.01784043188829209
5.295999999999999 1.1994587716304141 0.018577990638376892 0.017914375565947563
5.2837499999999995 1.1999454414347281 0.018656664230371253 0.01798877937725841
5.2715 1.2004344826098226 0.018735838472149477 0.018063647143693073
5.25925 1.2009259124634828 0.018815517619790376 0.01813898272643471
5.247 1.201419748471717 0.01889570597469225 0.01821479002687706
5.23475 1.2019160082807954 0.018976407884153244 0.018291072987127656
5.2225 1.2024147097093243 0.019057627741960424 0.01836783559051817
5.210249999999999 1.2029158707503473 0.019139369988987624 0.018445081862122414
5.1979999999999995 1.2034195095734774 0.01922163911380233 0.018522815869281856
5.18575 1.2039256445270594 0.019304439653281776 0.018601041722138934
5.1735 1.204434294140368 0.019387776193238206 0.018679763574178127
5.16125 1.2049454771258339 0.019471653369053717 0.018758985622775115
5.149 1.2054592123813048 0.01955607586632468 0.018838712109754015
5.13675 1.205975518992338 0.01964104842151601 0.018918947321952942
5.124499999999999 1.2064944162345324 0.0197265758226253 0.018999695591797844
5.1122499999999995 1.2070159235758877 0.019812662909857195 0.019080961297885033
5.1 1.207540060679202 0.019899314576308124 0.019162748865572406
5.08775 1.2080668474045102 0.01998653576866135 0.019245062767579313
5.0755 1.2085963038115484 0.020074331487892918 0.019327907524595705
5.06325 1.2091284501622663 0.020162706789988324 0.01941128770590018
5.051 1.209663306923371 0.020251666786670303 0.01949520792998748
5.038749999999999 1.2102008947689065 0.02034121664613798 0.019579672865205473
5.0264999999999995 1.2107412345828819 0.020431361593817258 0.01966468723040162
5.01425 1.211284347461932 0.020522106913123065 0.01975025579557936
5.002 1.2118302547180186 0.020613457946233416 0.019836383382564462
4.98975 1.212378977881176 0.020705420094875547 0.01992307486568145
4.9775 1.2129305387022968 0.020797998821124333 0.0200103351724404
4.96525 1.2134849591559616 0.020891199648213264 0.020098169284234167
4.952999999999999 1.214042261443309 0.02098502816135818 0.020186582237046412
4.9407499999999995 1.214602467994953 0.02107949000859392 0.020275579122170373
4.9285 1.2151656014739447 0.02117459090162426 0.02036516508693876
4.91625 1.2157316847787798 0.021270336616685218 0.02045534533546487
4.904 1.2163007410464508 0.021366732995422143 0.020546125129395222
4.89175 1.216872793655551 0.02146378594578064 0.020637509788673715
4.8795 1.2174478662294208 0.021561501442911832 0.020729504692317827
4.867249999999999 1.2180259826393482 0.02165988553009196 0.020822115279206743
4.8549999999999995 1.2186071670078207 0.02175894431965666 0.02091534704888174
4.84275 1.2191914437118188 0.021858683993950506 0.021009205562359322
4.8305 1.2197788373861749 0.021959110806291423 0.02110369644295675
4.81825 1.220369372926973 0.022060231081951008 0.021198825377130828
4.806 1.2209630754950123 0.02216205121915041 0.02129459811532963
4.79375 1.2215599705193163 0.022264577690072566 0.02139102047285788
4.781499999999999 1.2221600837007063 0.02236781704189068 0.021488098330755837
4.7692499999999995 1.2227634410154251 0.02247177589781354 0.021585837636692164
4.757 1.223370068718824 0.02257646095814787 0.021684244405871002
4.74475 1.223979993349106 0.022681879001378014 0.021783324721953365
4.7325 1.2245932417311278 0.022788036885263336 0.021883084737993375
4.72025 1.225209840980269 0.022894941547953598 0.02198353067738929
4.708 1.225829818506356 0.023002600009122798 0.022084668834849913
4.695749999999999 1.226453202017656 0.023111019371121592 0.022186505577376423
4.6834999999999996 1.2270800195249318 0.023220206820148855 0.022289047345260018
4.67125 1.2277102993455653 0.02333016962744268 0.022392300653095686
4.659 1.2283440701077468 0.023440915150491067 0.02249627209081231
4.64675 1.228981360754733 0.02355245083426292 0.022600968324719493
4.6345 1.2296222005491773 0.02366478421245948 0.02270639609857135
4.62225 1.230266619077526 0.023777922908786768 0.022812562234647674
4.609999999999999 1.2309146462544933 0.023891874638249398 0.02291947363485269
4.59775 1.231566312327607 0.024006647208466042 0.02302713728183174
4.5855 1.2322216478818306 0.024122248521007215 0.023135560240106365
4.57325 1.2328806838442614 0.024238686572755564 0.023244749657227958
4.561 1.233543451488907 0.024355969457289305 0.023354712764950478
4.54875 1.2342099824415453 0.02447410536628898 0.023465456880422397
4.5365 1.2348803086846603 0.024593102590968394 0.023576989407398545
4.524249999999999 1.2355544625624646 0.02471296952352981 0.023689317837471902
4.512 1.2362324767860067 0.024833714658644066 0.023802449751325918
4.49975 1.236914384438363 0.024955346594956157 0.02391639282000773
4.4875 1.237600218979922 0.025077874036616554 0.024031154806222525
4.47525 1.2382900142537492 0.02520130579483915 0.024146743565649813
4.463 1.2389838044910555 0.02532565078948586 0.024263167048281496
4.45075 1.2396816243167506 0.025450918050678853 0.024380433299782633
4.4384999999999994 1.240383508755094 0.02557711672044073 0.024498550462875118
4.42625 1.241089493235447 0.02570425605436317 0.02461752677874464
4.414 1.2417996135981146 0.025832345423304936 0.024737370588471735
4.40175 1.2425139061003012 0.025961394315119273 0.024858090334486795
4.3895 1.2432324074221577 0.026091412336411858 0.02497969456205016
4.37725 1.2439551546729422 0.026222409214329546 0.025102191920757255
4.365 1.2446821853972845 0.026354394798380646 0.02522559116606959
4.3527499999999995 1.2454135375815598 0.026487379062287462 0.025349901160872018
4.3405 1.2461492496603752 0.02662137210587154 0.02547513087705671
4.32825 1.2468893605231703 0.026756384156972558 0.025601289397134495
4.316 1.24763390952094 0.02689242557340111 0.025728385915873828
4.30375 1.2483829364730605 0.027029506844926797 0.025856429741968605
4.2915 1.2491364816742558 0.027167638595301476 0.025985430299734387
4.27925 1.249894585901674 0.027306831584319114 0.026115397130834557
4.2669999999999995 1.2506572904220983 0.02744709670991253 0.026246339896036336
4.25475 1.2514246369992803 0.027588445010288124 0.026378268376997742
4.2425 1.252196667901415 0.027730887666099054 0.026511192478085623
4.23025 1.2529734259087355 0.027874436002658032 0.026645122228225966
4.218 1.2537549543212623 0.028019101492190092 0.026780067782786444
4.20575 1.254541296966678 0.028164895756126712 0.026916039425492613
4.193499999999999 1.2553324982083534 0.028311830567441694 0.027053047570377776
4.1812499999999995 1.25612860295352 0.028459917853029815 0.027191102763767475
4.169 1.2569296566615866 0.0286091696961294 0.02733021568629955
4.15675 1.2577357053526128 0.028759598338789383 0.027470397154980033
4.1445 1.258546795615938 0.02891121618438189 0.027611658125275863
4.13225 1.2593629746189667 0.029064035800161554 0.02775400969324524
4.12 1.2601842901161202 0.02921806991987218 0.027897463097706174
4.107749999999999 1.2610107904579524 0.029373331446402053 0.028042029722444208
4.0954999999999995 1.2618425246004334 0.029529833454488827 0.028187721098460065
4.08325 1.2626795421144092 0.029687589193475077 0.02833454890625804
4.071 1.2635218931952417 0.02984661209011543 0.028482524978175792
4.05875 1.2643696286726178 0.030006915751436856 0.02863166130075697
4.0465 1.2652228000205592 0.03016851396765259 0.02878197001716675
4.03425 1.266081459367608 0.03033142071513152 0.02893346342965195
4.021999999999999 1.266945659507214 0.030495650159423723 0.02908615400204608
4.0097499999999995 1.267815453908316 0.030661216658343628 0.029240054362320616
3.9974999999999996 1.2686908967261215 0.030828134765112262 0.029395177305183526
3.9852499999999997 1.2695720428131023 0.0309964192315592 0.02955153579472552
3.973 1.270458947730193 0.03116608501138628 0.02970914296711569
3.96075 1.2713516677582042 0.031337147263494125 0.02986801213334735
3.9485 1.2722502599094625 0.0315096213553727 0.030028156782034857
3.9362499999999994 1.2731547819396742 0.03168352286655755 0.030189590582262914
3.9239999999999995 1.274065292360012 0.031858867592153194 0.030352327386489356
3.9117499999999996 1.274981850449451 0.03203567154642499 0.030516381233502348
3.8994999999999997 1.2759045162673335 0.032213950966461104 0.030681766351433534
3.88725 1.276833350666186 0.03239372231590626 0.030848497160828128
3.875 1.2777684153047892 0.03257500228876859 0.031016588277773035
3.86275 1.2787097726615029 0.03275780781330161 0.03118605451708472
3.8504999999999994 1.2796574860478585 0.03294215605596265 0.031356910895557595
3.8382499999999995 1.2806116196224169 0.033128064425449744 0.03152917263527468
3.8259999999999996 1.2815722384049077 0.03331555057681869 0.03170285516698165
3.8137499999999998 1.282539408290648 0.033504632415681995 0.03187797413352571
3.8015 1.283513196065253 0.03369532810249164 0.03205454539336072
3.78925 1.2844936694196376 0.033887656056907786 0.03223258502412027
3.777 1.285480896965327 0.03408163496225504 0.032412109326259736
3.7647499999999994 1.2864749482500766 0.034277283770068535 0.032593134826769225
3.7524999999999995 1.287475893773806 0.034474621704731805 0.032775678282958874
3.7402499999999996 1.2884838050048601 0.03467366826820878 0.03295975668631822
3.7279999999999998 1.2894987543966026 0.034874443244871815 0.033145387266451054
3.71575 1.2905208154043541 0.03507696670642798 0.03333258749508762
3.7035 1.2915500625026695 0.03528125901694642 0.033521375090176116
3.69125 1.292586571202984 0.03548734083798839 0.03371176802005466
3.6789999999999994 1.2936304180716174 0.035695233133843075 0.03390378450770635
3.6667499999999995 1.2946816807481567 0.03590495717687105 0.03409744303509854
3.6544999999999996 1.29574043796422 0.03611653455295876 0.03429276234760896
3.6422499999999998 1.2968067695626144 0.03632998716708576 0.0344897614585401
3.63 1.2978807565168997 0.036545337249007964 0.03468845965372408
3.61775 1.2989624809513594 0.03676260735905955 0.03488887649622026
3.6055 1.3000520261613995 0.03698182039407624 0.03509103183110738
3.5932499999999994 1.3011494766343763 0.0372029995934432 0.03529494579037284
3.5809999999999995 1.3022549180708718 0.03742616854526999 0.035500638797900864
3.5687499999999996 1.3033684374064216 0.03765135119269639 0.03570813157456242
3.5564999999999998 1.3044901228337098 0.037878571840331596 0.035917445143408756
3.54425 1.3056200638252415 0.03810785516083043 0.03612860083497127
3.532 1.306758351156508 0.03833922620160977 0.03634162029267013
3.51975 1.3079050769296505 0.03857271039170867 0.036556525478334205
3.5074999999999994 1.3090603345976393 0.03880833354879585 0.036773338677835034
3.4952499999999995 1.3102242189889872 0.03904612188632758 0.03699208250683707
3.4829999999999997 1.3113968263329918 0.03928610202086089 0.03721277991666804
3.47075 1.3125782542855493 0.03952830097952442 0.03743545420031071
3.4585 1.3137686019555235 0.03977274620765219 0.03766012899852048
3.44625 1.314967969931709 0.04001946557658346 0.03788682830607079
3.434 1.3161764603103876 0.04026848739163338 0.03811557647812999
3.4217499999999994 1.3173941767235038 0.04051984040023843 0.03834639823677247
3.4094999999999995 1.3186212243674682 0.04077355380028108 0.038579318677627546
3.3972499999999997 1.3198577100326094 0.04102965724859849 0.03881436327666941
3.385 1.3211037421332947 0.041288180869679336 0.039051557897151236
3.37275 1.32235943073872 0.04154915526455441 0.03929092879668786
3.3605 1.3236248876044172 0.04181261151988493 0.03953250263448921
3.34825 1.3249002262044647 0.04207858121725457 0.03977630647874977
3.3359999999999994 1.3261855617644434 0.04234709644266981 0.04002236781419692
3.3237499999999995 1.3274810112951476 0.04261818979627421 0.040270714549802133
3.3114999999999997 1.328786693627075 0.04289189440228227 0.04052137502665972
3.29925 1.3301027294457104 0.0431682439191384 0.04077437802603654
3.287 1.3314292413276365 0.04344727254990677 0.0410297527775973
3.27475 1.3327663537774812 0.04372901505289842 0.04128752896780988
3.2625 1.3341141932657317 0.04401350675254155 0.04154773674853503
3.2502499999999994 1.335472888267435 0.04430078355050172 0.041810406745805384
3.2379999999999995 1.336842569301818 0.04459088193705784 0.042075570068797925
3.2257499999999997 1.3382233689728373 0.044883839002741927 0.04234325831900577
3.2135 1.3396154220107015 0.04517969245024829 0.042613503599613335
3.20125 1.3410188653143724 0.04547848060662066 0.04288633852508108
3.189 1.3424338379950993 0.045780242435723394 0.043161796230944086
3.1767499999999993 1.343860481420988 0.046085017551005615 0.04343991038383107
3.1644999999999994 1.3452989392626509 0.04639284622856518 0.043720715191708566
3.1522499999999996 1.346749357539964 0.046703769420521415 0.044004245414356956
3.1399999999999997 1.3482118846699591 0.04701782876870436 0.044290536374083526
3.12775 1.349686671515889 0.04733506661866948 0.04457962396667938
3.1155 1.3511738714374915 0.047655526034046776 0.044871544672626225
3.10325 1.352673640342494 0.0479792508112333 0.04516633556855978
3.0909999999999993 1.3541861367393937 0.04830628549443857 0.04546403433899621
3.0787499999999994 1.3557115217915408 0.048636675391092794 0.045764679288329106
3.0664999999999996 1.3572499593725769 0.04897046658762785 0.04606830935310345
3.0542499999999997 1.3588016161232552 0.049307705965641345 0.04637496411457471
3.042 1.360366661509687 0.04964844121845475 0.04668468381156003
3.02975 1.3619452678830641 0.049992720868076095 0.046997509353589484
3.0175 1.363537610540891 0.05034059428257921 0.04731348233436556
3.0052499999999993 1.365143867789767 0.05069211169391114 0.04763264504553942
2.9929999999999994 1.3667642210097801 0.05104732421613954 0.047955040490811805
2.9807499999999996 1.3683988547205492 0.05140628386415309 0.04828071240036809
2.9684999999999997 1.370047956648968 0.051769043572827245 0.048609705245656006
2.95625 1.371711717798696 0.052135657216669434 0.04894206425451597
2.944 1.3733903325214571 0.052506179629956844 0.04927783542667318
2.93175 1.3750839985901961 0.05288066662738144 0.04961706554960177
2.9194999999999993 1.376792917274154 0.053259175025216585 0.04995980221477091
2.9072499999999994 1.378517293415908 0.05364176266302086 0.05030609383428393
2.8949999999999996 1.3802573355104557 0.05402848842589454 0.050655989657921084
2.8827499999999997 1.3820132557863924 0.05441941226730479 0.05100953979059715
2.8705 1.3837852702892477 0.05481459523249677 0.051366795210245675
2.85825 1.385573598967055 0.05521409948250754 0.05172780778614177
2.846 1.387378465758217 0.055617988318800965 0.05209263029767591
2.8337499999999993 1.3892000986817428 0.05602632620854196 0.052461316453591325
2.8214999999999995 1.3910387299299287 0.056439178810529095 0.052833920911698196
2.8092499999999996 1.3928945959635641 0.05685661300180585 0.05321049929907857
2.7969999999999997 1.394767937609737 0.05727869690497023 0.053591108232795594
2.78475 1.3966590001623265 0.057705499916204495 0.05397580534112167
2.7725 1.3985680334852642 0.05813709273404666 0.05436464928530088
2.76025 1.4004952921186598 0.05857354738892632 0.05475769978186063
2.7479999999999993 1.4024410353878773 0.05901493727348838 0.055155017625488606
2.7357499999999995 1.4044055275156586 0.05946133717372883 0.055556664712491884
2.7234999999999996 1.4063890377373993 0.05991282330096778 0.05596270406485477
2.7112499999999997 1.4083918404196711 0.06036947332468545 0.0563731998549133
2.699 1.4104142151821069 0.06083136640624832 0.05678821743066423
2.68675 1.4124564470227483 0.06129858323355313 0.05720782334172802
2.6745 1.4145188264469886 0.06177120605661732 0.05763208536598405
2.6622499999999993 1.4166016496002054 0.062249318724146394 0.0580610725368998
2.6499999999999995 1.418705218404235 0.06273300672110813 0.058494855171572845
2.6377499999999996 1.42082984069779 0.06322235720734717 0.058933504899509256
2.6254999999999997 1.422975830380986 0.06371745905727107 0.05937709469215827
2.61325 1.4251435075640737 0.06421840290064469 0.05982569889322875
2.601 1.4273331987205669 0.06472528116452633 0.06027939324980883
2.58875 1.4295452368448835 0.06523818811638407 0.06073825494431495
2.5764999999999993 1.4317799616146702 0.06575721990842986 0.06120236262729508
2.5642499999999995 1.4340377195579637 0.0662824746232116 0.061671796451112544
2.5519999999999996 1.436318864225375 0.06681405232050384 0.0621466381045376
2.5397499999999997 1.4386237563674422 0.06735205508554082 0.06262697084827552
2.5275 1.4409527641173687 0.06789658707863458 0.06311287955145933
2.51525 1.4433062631793085 0.06844775458622605 0.06360445072913862
2.503 1.4456846370224072 0.06900566607341563 0.06410177258079501
2.4907499999999994 1.4480882770808081 0.0695704322380231 0.06460493502991707
2.4784999999999995 1.4505175829598274 0.07014216606622843 0.06511402976466776
2.4662499999999996 1.4529729626485275 0.0707209828898472 0.06562915027968035
2.4539999999999997 1.4554548327389156 0.07130700044529552 0.06615039191901757
2.44175 1.4579636186520202 0.07190033893430221 0.06667785192033206
2.4295 1.4604997548710672 0.07250112108642917 0.0672116294602674
2.41725 1.4630636851820633 0.07310947222346012 0.06775182570113868
2.4049999999999994 1.4656558629220116 0.07372552032572464 0.06829854383893551
2.3927499999999995 1.4682767512350776 0.0743493961004228 0.06885188915268967
2.3804999999999996 1.4709268233369883 0.07498123305202165 0.06941196905525333
2.3682499999999997 1.4736065627879729 0.07562116755479525 0.06997889314553313
2.356 1.476316463774562 0.07626933892758483 0.0705527732622299
2.34375 1.479057031400608 0.07692588951085597 0.07113372353913205
2.3315 1.4818287819878353 0.0775909647461368 0.07172186046201695
2.3192499999999994 1.4846322433863233 0.07826471325792055 0.07231730292721254
2.3069999999999995 1.4874679552952872 0.0789472869381213 0.07292017230187559
2.2947499999999996 1.4903364695945502 0.07963884103317655 0.07353059248604608
2.2824999999999998 1.4932383506871472 0.08033953423389004 0.07414868997653552
2.27025 1.496174175853456 0.08104952876811752 0.07477459393271536
2.258 1.4991445356173596 0.08176899049639717 0.07540843624426719
2.24575 1.5021500341248677 0.08249808901063513 0.07605035160096585
2.2334999999999994 1.5051912895357307 0.08323699773595765 0.07670047756456334
2.2212499999999995 1.5082689344285323 0.08398589403584882 0.07735895464284867
2.2089999999999996 1.5113836162198426 0.08474495932069577 0.07802592636595837
2.1967499999999998 1.5145359975979598 0.08551437915987013 0.07870153936501802
2.1845 1.5177267569718642 0.0862943433974787 0.07938594345319668
2.17225 1.520956588935987 0.0870850462719234 0.08007929170926031
2.16 1.5242262047514623 0.0878866865394148 0.08078174056371283
2.1477499999999994 1.5275363328445288 0.08869946760159203 0.0814934498876185
2.1354999999999995 1.5308877193228032 0.08952359763740661 0.0822145830842017
2.1232499999999996 1.5342811285101712 0.09035928973943648 0.08294530718332559
2.1109999999999998 1.5377173435010867 0.09120676205480126 0.08368579293895315
2.09875 1.5411971667350843 0.09206623793086119 0.08443621492970163
2.0865 1.544721420592388 0.09293794606588651 0.08519675166260268
2.0742499999999993 1.5482909480115026 0.09382212066489518 0.08596758568018788
2.0619999999999994 1.5519066131297448 0.09471900160086426 0.08674890367102255
2.0497499999999995 1.555569301947708 0.09562883458153094 0.08754089658381764
2.0374999999999996 1.5592799230187047 0.09655187132200733 0.08834375974525303
2.0252499999999998 1.5630394081642762 0.0974883697234455 0.0891576929816536
2.013 1.5668487132169338 0.09843859405799865 0.08998290074466375
2.00075 1.5707088187913343 0.09940281516033633 0.09081959224107293
1.9885000000000002 1.5746207310851579 0.10038131062598432 0.09166798156695244
1.9762500000000003 1.5785854827110353 0.10137436501677097 0.09252828784626864
1.9640000000000004 1.5826041335609153 0.10238227007367745 0.09340073537414775
1.9517500000000005 1.5866777717043719 0.10340532493740086 0.09428555376497232
1.939499999999999 1.5908075143223812 0.10444383637695716 0.09518297810550054
1.927249999999999 1.5949945086782304 0.10549811902666233 0.0960932491132046
1.9149999999999991 1.5992399331272675 0.1065684956318531 0.09701661330003815
1.9027499999999993 1.6035449981673051 0.10765529730371873 0.09795332314184678
1.8904999999999994 1.607910947531614 0.10875886378363885 0.09890363725364903
1.8782499999999995 1.6123390593264881 0.10987954371744132 0.0998678205710263
1.8659999999999997 1.6168306472155436 0.11101769494001174 0.10084614453786711
1.8537499999999998 1.6213870616529602 0.11217368477071202 0.1018388873007284
1.8415 1.6260096911680582 0.11334789032008483 0.10284633391008292
1.82925 1.6306999637036854 0.11454069880834775 0.10386877652873966
1.8170000000000002 1.6354593480110706 0.1157525078962044 0.1049065146477339
1.8047500000000003 1.640289355103904 0.11698372602852963 0.10595985531000088
1.7925000000000004 1.645191539774599 0.11823477279151205 0.10702911334216023
1.7802500000000006 1.6501675021758577 0.11950607928386832 0.10811461159475341
1.767999999999999 1.655218889470781 0.12079808850277911 0.10921668119129797
1.755749999999999 1.6603473975550567 0.12211125574522343 0.11033566178653154
1.7434999999999992 1.6655547728548574 0.12344604902543505 0.1114719018342485
1.7312499999999993 1.670842814204371 0.12480294950923095 0.11262575886514009
1.7189999999999994 1.6762133748070698 0.12618245196601305 0.11379759977507906
1.7067499999999995 1.6816683642850891 0.12758506523928212 0.11498780112430765
1.6944999999999997 1.6872097508213546 0.12901131273654934 0.1161967494480108
1.6822499999999998 1.6928395633993587 0.13046173293958105 0.1174248415787831
1.67 1.6985598941457836 0.1319368799359646 0.11867248498152375
1.65775 1.704372900781515 0.1334373239730354 0.11994009810131961
1.6455000000000002 1.7102808091868937 0.13496365203526764 0.12122811072490894
1.6332500000000003 1.7162859160874482 0.1365164684462903 0.12253696435634605
1.6210000000000004 1.7223905918667104 0.13809639549675984 0.12386711260752419
1.6087499999999988 1.728597283513173 0.13970407409938784 0.125219021604244
1.596499999999999 1.7349085177088464 0.14134016447250006 0.12659317040855633
1.584249999999999 1.7413269040674004 0.1430053468535849 0.12799005145814701
1.5719999999999992 1.7478551385303476 0.14470032224436943 0.12941017102356928
1.5597499999999993 1.754496006930311 0.1464258131890584 0.13085404968417882
1.5474999999999994 1.7612523887309839 0.14818256458746712 0.13232222282367165
1.5352499999999996 1.7681272609540415 0.14997134454488192 0.13381524114617457
1.5229999999999997 1.7751237023039443 0.15179294526059606 0.13533367121389325
1.5107499999999998 1.782244897502303 0.1536481839571847 0.13687809600737857
1.4985 1.789494141844269 0.15553790385271374 0.13844911550953304
1.48625 1.7968748459902546 0.15746297517821123 0.1400473473145457
1.4740000000000002 1.8043905410072465 0.15942429624287432 0.14167342726300736
1.4617500000000003 1.8120448836748917 0.16142279454964656 0.14332801010453922
1.4495000000000005 1.8198416620726625 0.16345942796396326 0.14501177018934164
1.4372499999999988 1.82778480146554 0.16553518593864378 0.1467254021901537
1.424999999999999 1.835878370506878 0.16765109079810186 0.1484696218562049
1.412749999999999 1.8441265877784945 0.1698081990852577 0.15024516680083977
1.4004999999999992 1.852533828689429 0.1720076029747478 0.1520527973245897
1.3882499999999993 1.8611046327564407 0.17425043175627877 0.15389329727558626
1.3759999999999994 1.8698437112909763 0.17653785339222194 0.15576747494932053
1.3637499999999996 1.8787559555191862 0.17887107615382772 0.1576761640298839
1.3514999999999997 1.8878464451636108 0.18125135034073106 0.1596202245749551
1.3392499999999998 1.8971204575172507 0.18367997008874926 0.16160054404695023
1.327 1.906583477043149 0.18615827527131548 0.16361803839290345
1.31475 1.9162412055351694 0.188687653500266 0.16567365317581242
1.3025000000000002 1.9260995728784023 0.19126954223210704 0.16776836476036652
1.2902500000000003 1.9361647484506734 0.19390543098632523 0.16990318155616738
1.2780000000000005 1.946443153209976 0.19659686368277252 0.17207914532175508
1.2657499999999988 1.95694147251616 0.19934544110567848 0.17429733253298652
1.253499999999999 1.967666669739203 0.20215282350238778 0.1765588558195435
1.241249999999999 1.9786260007106573 0.205020733325535 0.17886486547362068
1.2289999999999992 1.9898270290795215 0.20795095812800496 0.18121655103511186
1.2167499999999993 2.001277642638938 0.2109453536207518 0.1836151429579288
1.2044999999999995 2.0129860706957223 0.21400584690430943 0.18606191436240804
1.1922499999999996 2.0249609025608444 0.21713443988566863 0.18855818287912132
1.1799999999999997 2.037211107245768 0.22033321289310354 0.19110531258978597
1.1677499999999998 2.049746054456892 0.2236043285025278 0.19370471607139508
1.1555 2.062575536988514 0.22695003559003912 0.19635785655013474
1.14325 2.0757097946236565 0.23037267362649252 0.1990662501721484
1.1310000000000002 2.0891595396619187 0.23387467723123617 0.20183146839874708
1.1187500000000004 2.1029359842043975 0.23745858100354794 0.204655140534237
1.1065000000000005 2.1170508693376466 0.24112702465186062 0.20753895639517755
1.0942499999999988 2.131516496371895 0.2448827584425484 0.21048466913056318
1.081999999999999 2.1463457603033103 0.2487286489919005 0.2134940982031783
1.069749999999999 2.161552185686319 0.2526676854269506 0.2165691325431978
1.0574999999999992 2.177149965119829 0.25670298594304863 0.21971173388599144
1.0452499999999993 2.1931540005711625 0.26083780478853125 0.22292394030707985
1.0329999999999995 2.2095799477835016 0.26507553970955106 0.22620786996826128
1.0207499999999996 2.226444264037258 0.2694197398910959 0.22956572509009684
1.0084999999999997 2.2437642595630325 0.2738741144335344 0.23299979616724506
0.9962499999999999 2.2615581529343727 0.27844254140763863 0.2365124664445375
0.984 2.279845130802465 0.2831290775350718 0.2401062166732616
0.9717500000000001 2.298645412372926 0.28793796854576414 0.2437836301688214
0.9595000000000002 2.3179803190674106 0.2928736602685383 0.24754739819284122
0.9472500000000004 2.3378723498603953 0.29794081051681953 0.25140032568486226
0.9350000000000005 2.3583452628349715 0.3031443018373556 0.25534533737109416
0.9227499999999988 2.379424163561695 0.30848925519663345 0.25938548428022157
0.910499999999999 2.401135600972115 0.31398104468723637 0.2635239506991004
0.8982499999999991 2.4235076714750523 0.3196253133448126 0.26776406160431443
0.8859999999999992 2.4465701321497026 0.3254279901757239 0.2721092906090319
0.8737499999999994 2.4703545239473086 0.3313953085059904 0.2765632684684796
0.8614999999999995 2.494894305943338 0.33753382577396507 0.28112979219167383
0.8492499999999996 2.520225001807619 0.34385044490240935 0.2858128348118365
0.8369999999999997 2.5463843598021376 0.35035243740057587 0.2906165558733249
0.8247499999999999 2.5734125277786366 0.35704746836367085 0.2955453126988927
0.8125 2.6013522448330493 0.36394362355603954 0.3006036725078653
0.8002500000000001 2.6302490514856065 0.3710494387858057 0.3057964254633581
0.7880000000000003 2.6601515204977253 0.3783739318029494 0.3111285987351919
0.7757500000000004 2.691111510714994 0.3859266369803015 0.31660547167474185
0.7635000000000005 2.7231844466456123 0.3937176430681649 0.32223259220877337
0.7512499999999989 2.7564296268523587 0.4017576343488619 0.32801579457155683
0.738999999999999 2.790910564662214 0.41005793555807246 0.33396121850840516
0.7267499999999991 2.8266953651911253 0.41863056098625434 0.3400753300995238
0.7144999999999992 2.863857143253654 0.42748826822655456 0.3463649443709308
0.7022499999999994 2.9024744873934436 0.4366446170966947 0.35283724987962395
0.6899999999999995 2.942631976047074 0.44611403433252705 0.35949983548344633
0.6777499999999996 2.9844207527621682 0.45591188473199945 0.3663607195327865
0.6654999999999998 3.027939168455616 0.4660545495219483 0.373428381751839
0.6532499999999999 3.0732934999498878 0.47655951282876097 0.3807117981123606
0.641 3.1205987555018764 0.48744545726018923 0.3882204790434506
0.6287500000000001 3.169979579784984 0.49873236975271124 0.395964511367803
0.6165000000000003 3.2215712728566777 0.5104416590107954 0.40395460440929226
0.6042500000000004 3.2755209401094447 0.5225962860659359 0.41220214077997297
0.5919999999999987 3.3319887931472194 0.5352209097202782 0.42071923242831355
0.5797499999999989 3.39114962505751 0.5483420489190337 0.4295187826166512
0.567499999999999 3.4531944877925005 0.5619882644265222 0.4386145545969927
0.5552499999999991 3.518332604493943 0.576190362573085 0.4480212478732024
0.5429999999999993 3.5867935558038675 0.590981624307749 0.45775458307811523
0.5307499999999994 3.6588297867555566 0.6063980633505847 0.4678313966604966
0.5184999999999995 3.7347194900683127 0.6224787179098449 0.4782697467746779
0.5062499999999996 3.8147699329974527 0.6392659812377716 0.4890890320019035
0.4939999999999998 3.899321308859275 0.6568059772777994 0.500310124815554
0.4817499999999999 3.9887512116591197 0.675148988845665 0.5119555220431057
0.46950000000000003 4.083479853806313 0.6943499472398015 0.5240495149895626
0.45725000000000016 4.183976173888919 0.7144689939589937 0.5366183823871926
0.4450000000000003 4.2907650154619725 0.7355721274035975 0.5496906099466705
0.4327500000000004 4.40443560083944 0.7577319501618741 0.563297141033074
0.42049999999999876 4.5256515787225196 0.7810285358805301 0.577471663912903
0.4082499999999989 4.655162994841482 0.8055504389789343 0.5922509421622155
0.395999999999999 4.793820625638359 0.8313958758423926 0.6076751962528238
0.38374999999999915 4.942593233205639 0.8586741129573714 0.6237885461240112
0.3714999999999993 5.102588454636095 0.8875071061836187 0.6406395268094767
0.3592499999999994 5.275078243719556 0.9180314466076491 0.6582816920671652
0.34699999999999953 5.461530055931449 0.9504006830287662 0.6767743246485428
0.33474999999999966 5.663645334995992 0.984788110252356 0.6961832766096828
0.3224999999999998 5.883407358446824 1.021390137624907 0.7165819692759492
0.3102499999999999 6.123141184999696 1.0604303859269526 0.7380525906357686
0.29800000000000004 6.385589398342816 1.1021647061087627 0.760687538776296
0.28575000000000017 6.67400867974878 1.1468873751322464 0.7845911745105099
0.2735000000000003 6.992294146889975 1.1949388092966176 0.8098819660633532
0.2612500000000004 7.345141147241008 1.2467152541804387 0.8366951357557413
0.24899999999999878 7.738258228147157 1.302681078307139 0.8651859562803058
0.2367499999999989 8.178651018793133 1.363384538794155 0.8955338972892645
