2.960000e-01 0.000000e+00 7.535479e+00 1.246140e+01 -7.683545e-01 0.000000e+00
2.960000e-01 1.570796e-01 7.535479e+00 1.246140e+01 -7.683545e-01 0.000000e+00
2.960000e-01 3.141593e-01 7.535479e+00 1.246140e+01 -7.683545e-01 0.000000e+00
2.960000e-01 4.712389e-01 7.535479e+00 1.246140e+01 -7.683545e-01 0.000000e+00
2.960000e-01 6.283185e-01 7.535479e+00 1.246140e+01 -7.683545e-01 0.000000e+00
2.960000e-01 7.853982e-01 7.535479e+00 1.246140e+01 -7.683545e-01 0.000000e+00
2.960000e-01 9.424778e-01 7.535479e+00 1.246140e+01 -7.683545e-01 0.000000e+00
2.960000e-01 1.099557e+00 7.535479e+00 1.246140e+01 -7.683545e-01 0.000000e+00
2.960000e-01 1.256637e+00 7.535479e+00 1.246140e+01 -7.683545e-01 0.000000e+00
2.960000e-01 1.413717e+00 7.535479e+00 1.246140e+01 -7.683545e-01 0.000000e+00
2.960000e-01 1.570796e+00 7.535479e+00 1.246140e+01 -7.683545e-01 0.000000e+00
3.440000e-01 0.000000e+00 6.235240e+00 9.114115e+00 -7.042461e-01 0.000000e+00
3.440000e-01 1.570796e-01 6.235240e+00 9.114115e+00 -7.042461e-01 0.000000e+00
3.440000e-01 3.141593e-01 6.235240e+00 9.114115e+00 -7.042461e-01 0.000000e+00
3.440000e-01 4.712389e-01 6.235240e+00 9.114115e+00 -7.042461e-01 0.000000e+00
3.440000e-01 6.283185e-01 6.235240e+00 9.114115e+00 -7.042461e-01 0.000000e+00
3.440000e-01 7.853982e-01 6.235240e+00 9.114115e+00 -7.042461e-01 0.000000e+00
3.440000e-01 9.424778e-01 6.235240e+00 9.114115e+00 -7.042461e-01 0.000000e+00
3.440000e-01 1.099557e+00 6.235240e+00 9.114115e+00 -7.042461e-01 0.000000e+00
3.440000e-01 1.256637e+00 6.235240e+00 9.114115e+00 -7.042461e-01 0.000000e+00
3.440000e-01 1.413717e+00 6.235240e+00 9.114115e+00 -7.042461e-01 0.000000e+00
3.440000e-01 1.570796e+00 6.235240e+00 9.114115e+00 -7.042461e-01 0.000000e+00
3.920000e-01 0.000000e+00 5.244684e+00 7.298769e+00 -6.478548e-01 0.000000e+00
3.920000e-01 1.570796e-01 5.244684e+00 7.298769e+00 -6.478548e-01 0.000000e+00
3.920000e-01 3.141593e-01 5.244684e+00 7.298769e+00 -6.478548e-01 0.000000e+00
3.920000e-01 4.712389e-01 5.244684e+00 7.298769e+00 -6.478548e-01 0.000000e+00
3.920000e-01 6.283185e-01 5.244684e+00 7.298769e+00 -6.478548e-01 0.000000e+00
3.920000e-01 7.853982e-01 5.244684e+00 7.298769e+00 -6.478548e-01 0.000000e+00
3.920000e-01 9.424778e-01 5.244684e+00 7.298769e+00 -6.478548e-01 0.000000e+00
3.920000e-01 1.099557e+00 5.244684e+00 7.298769e+00 -6.478548e-01 0.000000e+00
3.920000e-01 1.256637e+00 5.244684e+00 7.298769e+00 -6.478548e-01 0.000000e+00
3.920000e-01 1.413717e+00 5.244684e+00 7.298769e+00 -6.478548e-01 0.000000e+00
3.920000e-01 1.570796e+00 5.244684e+00 7.298769e+00 -6.478548e-01 0.000000e+00
4.400000e-01 0.000000e+00 4.622338e+00 6.078211e+00 -5.869830e-01 0.000000e+00
4.400000e-01 1.570796e-01 4.622338e+00 6.078211e+00 -5.869830e-01 0.000000e+00
4.400000e-01 3.141593e-01 4.622338e+00 6.078211e+00 -5.869830e-01 0.000000e+00
4.400000e-01 4.712389e-01 4.622338e+00 6.078211e+00 -5.869830e-01 0.000000e+00
4.400000e-01 6.283185e-01 4.622338e+00 6.078211e+00 -5.869830e-01 0.000000e+00
4.400000e-01 7.853982e-01 4.622338e+00 6.078211e+00 -5.869830e-01 0.000000e+00
4.400000e-01 9.424778e-01 4.622338e+00 6.078211e+00 -5.869830e-01 0.000000e+00
4.400000e-01 1.099557e+00 4.622338e+00 6.078211e+00 -5.869830e-01 0.000000e+00
4.400000e-01 1.256637e+00 4.622338e+00 6.078211e+00 -5.869830e-01 0.000000e+00
4.400000e-01 1.413717e+00 4.622338e+00 6.078211e+00 -5.869830e-01 0.000000e+00
4.400000e-01 1.570796e+00 4.622338e+00 6.078211e+00 -5.869830e-01 0.000000e+00
4.880000e-01 0.000000e+00 4.141659e+00 5.224355e+00 -5.330448e-01 0.000000e+00
4.880000e-01 1.570796e-01 4.141659e+00 5.224355e+00 -5.330448e-01 0.000000e+00
4.880000e-01 3.141593e-01 4.141659e+00 5.224355e+00 -5.330448e-01 0.000000e+00
4.880000e-01 4.712389e-01 4.141659e+00 5.224355e+00 -5.330448e-01 0.000000e+00
4.880000e-01 6.283185e-01 4.141659e+00 5.224355e+00 -5.330448e-01 0.000000e+00
4.880000e-01 7.853982e-01 4.141659e+00 5.224355e+00 -5.330448e-01 0.000000e+00
4.880000e-01 9.424778e-01 4.141659e+00 5.224355e+00 -5.330448e-01 0.000000e+00
4.880000e-01 1.099557e+00 4.141659e+00 5.224355e+00 -5.330448e-01 0.000000e+00
4.880000e-01 1.256637e+00 4.141659e+00 5.224355e+00 -5.330448e-01 0.000000e+00
4.880000e-01 1.413717e+00 4.141659e+00 5.224355e+00 -5.330448e-01 0.000000e+00
4.880000e-01 1.570796e+00 4.141659e+00 5.224355e+00 -5.330448e-01 0.000000e+00
5.360000e-01 0.000000e+00 3.776810e+00 4.589105e+00 -4.851069e-01 0.000000e+00
5.360000e-01 1.570796e-01 3.776810e+00 4.589105e+00 -4.851069e-01 0.000000e+00
5.360000e-01 3.141593e-01 3.776810e+00 4.589105e+00 -4.851069e-01 0.000000e+00
5.360000e-01 4.712389e-01 3.776810e+00 4.589105e+00 -4.851069e-01 0.000000e+00
5.360000e-01 6.283185e-01 3.776810e+00 4.589105e+00 -4.851069e-01 0.000000e+00
5.360000e-01 7.853982e-01 3.776810e+00 4.589105e+00 -4.851069e-01 0.000000e+00
5.360000e-01 9.424778e-01 3.776810e+00 4.589105e+00 -4.851069e-01 0.000000e+00
5.360000e-01 1.099557e+00 3.776810e+00 4.589105e+00 -4.851069e-01 0.000000e+00
5.360000e-01 1.256637e+00 3.776810e+00 4.589105e+00 -4.851069e-01 0.000000e+00
5.360000e-01 1.413717e+00 3.776810e+00 4.589105e+00 -4.851069e-01 0.000000e+00
5.360000e-01 1.570796e+00 3.776810e+00 4.589105e+00 -4.851069e-01 0.000000e+00
5.840000e-01 0.000000e+00 3.484321e+00 4.100452e+00 -4.430927e-01 0.000000e+00
5.840000e-01 1.570796e-01 3.484321e+00 4.100452e+00 -4.430927e-01 0.000000e+00
5.840000e-01 3.141593e-01 3.484321e+00 4.100452e+00 -4.430927e-01 0.000000e+00
5.840000e-01 4.712389e-01 3.484321e+00 4.100452e+00 -4.430927e-01 0.000000e+00
5.840000e-01 6.283185e-01 3.484321e+00 4.100452e+00 -4.430927e-01 0.000000e+00
5.840000e-01 7.853982e-01 3.484321e+00 4.100452e+00 -4.430927e-01 0.000000e+00
5.840000e-01 9.424778e-01 3.484321e+00 4.100452e+00 -4.430927e-01 0.000000e+00
5.840000e-01 1.099557e+00 3.484321e+00 4.100452e+00 -4.430927e-01 0.000000e+00
5.840000e-01 1.256637e+00 3.484321e+00 4.100452e+00 -4.430927e-01 0.000000e+00
5.840000e-01 1.413717e+00 3.484321e+00 4.100452e+00 -4.430927e-01 0.000000e+00
5.840000e-01 1.570796e+00 3.484321e+00 4.100452e+00 -4.430927e-01 0.000000e+00
6.320000e-01 0.000000e+00 3.246330e+00 3.713714e+00 -4.061927e-01 0.000000e+00
6.320000e-01 1.570796e-01 3.246330e+00 3.713714e+00 -4.061927e-01 0.000000e+00
6.320000e-01 3.141593e-01 3.246330e+00 3.713714e+00 -4.061927e-01 0.000000e+00
6.320000e-01 4.712389e-01 3.246330e+00 3.713714e+00 -4.061927e-01 0.000000e+00
6.320000e-01 6.283185e-01 3.246330e+00 3.713714e+00 -4.061927e-01 0.000000e+00
6.320000e-01 7.853982e-01 3.246330e+00 3.713714e+00 -4.061927e-01 0.000000e+00
6.320000e-01 9.424778e-01 3.246330e+00 3.713714e+00 -4.061927e-01 0.000000e+00
6.320000e-01 1.099557e+00 3.246330e+00 3.713714e+00 -4.061927e-01 0.000000e+00
6.320000e-01 1.256637e+00 3.246330e+00 3.713714e+00 -4.061927e-01 0.000000e+00
6.320000e-01 1.413717e+00 3.246330e+00 3.713714e+00 -4.061927e-01 0.000000e+00
6.320000e-01 1.570796e+00 3.246330e+00 3.713714e+00 -4.061927e-01 0.000000e+00
6.800000e-01 0.000000e+00 3.048459e+00 3.400859e+00 -3.736925e-01 0.000000e+00
6.800000e-01 1.570796e-01 3.048459e+00 3.400859e+00 -3.736925e-01 0.000000e+00
6.800000e-01 3.141593e-01 3.048459e+00 3.400859e+00 -3.736925e-01 0.000000e+00
6.800000e-01 4.712389e-01 3.048459e+00 3.400859e+00 -3.736925e-01 0.000000e+00
6.800000e-01 6.283185e-01 3.048459e+00 3.400859e+00 -3.736925e-01 0.000000e+00
6.800000e-01 7.853982e-01 3.048459e+00 3.400859e+00 -3.736925e-01 0.000000e+00
6.800000e-01 9.424778e-01 3.048459e+00 3.400859e+00 -3.736925e-01 0.000000e+00
6.800000e-01 1.099557e+00 3.048459e+00 3.400859e+00 -3.736925e-01 0.000000e+00
6.800000e-01 1.256637e+00 3.048459e+00 3.400859e+00 -3.736925e-01 0.000000e+00
6.800000e-01 1.413717e+00 3.048459e+00 3.400859e+00 -3.736925e-01 0.000000e+00
6.800000e-01 1.570796e+00 3.048459e+00 3.400859e+00 -3.736925e-01 0.000000e+00
7.280000e-01 0.000000e+00 2.881578e+00 3.143137e+00 -3.449474e-01 0.000000e+00
7.280000e-01 1.570796e-01 2.881578e+00 3.143137e+00 -3.449474e-01 0.000000e+00
7.280000e-01 3.141593e-01 2.881578e+00 3.143137e+00 -3.449474e-01 0.000000e+00
7.280000e-01 4.712389e-01 2.881578e+00 3.143137e+00 -3.449474e-01 0.000000e+00
7.280000e-01 6.283185e-01 2.881578e+00 3.143137e+00 -3.449474e-01 0.000000e+00
7.280000e-01 7.853982e-01 2.881578e+00 3.143137e+00 -3.449474e-01 0.000000e+00
7.280000e-01 9.424778e-01 2.881578e+00 3.143137e+00 -3.449474e-01 0.000000e+00
7.280000e-01 1.099557e+00 2.881578e+00 3.143137e+00 -3.449474e-01 0.000000e+00
7.280000e-01 1.256637e+00 2.881578e+00 3.143137e+00 -3.449474e-01 0.000000e+00
7.280000e-01 1.413717e+00 2.881578e+00 3.143137e+00 -3.449474e-01 0.000000e+00
7.280000e-01 1.570796e+00 2.881578e+00 3.143137e+00 -3.449474e-01 0.000000e+00
7.760000e-01 0.000000e+00 2.738973e+00 2.927577e+00 -3.194118e-01 0.000000e+00
7.760000e-01 1.570796e-01 2.738973e+00 2.927577e+00 -3.194118e-01 0.000000e+00
7.760000e-01 3.141593e-01 2.738973e+00 2.927577e+00 -3.194118e-01 0.000000e+00
7.760000e-01 4.712389e-01 2.738973e+00 2.927577e+00 -3.194118e-01 0.000000e+00
7.760000e-01 6.283185e-01 2.738973e+00 2.927577e+00 -3.194118e-01 0.000000e+00
7.760000e-01 7.853982e-01 2.738973e+00 2.927577e+00 -3.194118e-01 0.000000e+00
7.760000e-01 9.424778e-01 2.738973e+00 2.927577e+00 -3.194118e-01 0.000000e+00
7.760000e-01 1.099557e+00 2.738973e+00 2.927577e+00 -3.194118e-01 0.000000e+00
7.760000e-01 1.256637e+00 2.738973e+00 2.927577e+00 -3.194118e-01 0.000000e+00
7.760000e-01 1.413717e+00 2.738973e+00 2.927577e+00 -3.194118e-01 0.000000e+00
7.760000e-01 1.570796e+00 2.738973e+00 2.927577e+00 -3.194118e-01 0.000000e+00
8.240000e-01 0.000000e+00 2.615781e+00 2.744921e+00 -2.966288e-01 0.000000e+00
8.240000e-01 1.570796e-01 2.615781e+00 2.744921e+00 -2.966288e-01 0.000000e+00
8.240000e-01 3.141593e-01 2.615781e+00 2.744921e+00 -2.966288e-01 0.000000e+00
8.240000e-01 4.712389e-01 2.615781e+00 2.744921e+00 -2.966288e-01 0.000000e+00
8.240000e-01 6.283185e-01 2.615781e+00 2.744921e+00 -2.966288e-01 0.000000e+00
8.240000e-01 7.853982e-01 2.615781e+00 2.744921e+00 -2.966288e-01 0.000000e+00
8.240000e-01 9.424778e-01 2.615781e+00 2.744921e+00 -2.966288e-01 0.000000e+00
8.240000e-01 1.099557e+00 2.615781e+00 2.744921e+00 -2.966288e-01 0.000000e+00
8.240000e-01 1.256637e+00 2.615781e+00 2.744921e+00 -2.966288e-01 0.000000e+00
8.240000e-01 1.413717e+00 2.615781e+00 2.744921e+00 -2.966288e-01 0.000000e+00
8.240000e-01 1.570796e+00 2.615781e+00 2.744921e+00 -2.966288e-01 0.000000e+00
8.720000e-01 0.000000e+00 2.508341e+00 2.588397e+00 -2.762169e-01 0.000000e+00
8.720000e-01 1.570796e-01 2.508341e+00 2.588397e+00 -2.762169e-01 0.000000e+00
8.720000e-01 3.141593e-01 2.508341e+00 2.588397e+00 -2.762169e-01 0.000000e+00
8.720000e-01 4.712389e-01 2.508341e+00 2.588397e+00 -2.762169e-01 0.000000e+00
8.720000e-01 6.283185e-01 2.508341e+00 2.588397e+00 -2.762169e-01 0.000000e+00
8.720000e-01 7.853982e-01 2.508341e+00 2.588397e+00 -2.762169e-01 0.000000e+00
8.720000e-01 9.424778e-01 2.508341e+00 2.588397e+00 -2.762169e-01 0.000000e+00
8.720000e-01 1.099557e+00 2.508341e+00 2.588397e+00 -2.762169e-01 0.000000e+00
8.720000e-01 1.256637e+00 2.508341e+00 2.588397e+00 -2.762169e-01 0.000000e+00
8.720000e-01 1.413717e+00 2.508341e+00 2.588397e+00 -2.762169e-01 0.000000e+00
8.720000e-01 1.570796e+00 2.508341e+00 2.588397e+00 -2.762169e-01 0.000000e+00
9.200000e-01 0.000000e+00 2.413858e+00 2.452939e+00 -2.578572e-01 0.000000e+00
9.200000e-01 1.570796e-01 2.413858e+00 2.452939e+00 -2.578572e-01 0.000000e+00
9.200000e-01 3.141593e-01 2.413858e+00 2.452939e+00 -2.578572e-01 0.000000e+00
9.200000e-01 4.712389e-01 2.413858e+00 2.452939e+00 -2.578572e-01 0.000000e+00
9.200000e-01 6.283185e-01 2.413858e+00 2.452939e+00 -2.578572e-01 0.000000e+00
9.200000e-01 7.853982e-01 2.413858e+00 2.452939e+00 -2.578572e-01 0.000000e+00
9.200000e-01 9.424778e-01 2.413858e+00 2.452939e+00 -2.578572e-01 0.000000e+00
9.200000e-01 1.099557e+00 2.413858e+00 2.452939e+00 -2.578572e-01 0.000000e+00
9.200000e-01 1.256637e+00 2.413858e+00 2.452939e+00 -2.578572e-01 0.000000e+00
9.200000e-01 1.413717e+00 2.413858e+00 2.452939e+00 -2.578572e-01 0.000000e+00
9.200000e-01 1.570796e+00 2.413858e+00 2.452939e+00 -2.578572e-01 0.000000e+00
9.680000e-01 0.000000e+00 2.330154e+00 2.334692e+00 -2.412823e-01 0.000000e+00
9.680000e-01 1.570796e-01 2.330154e+00 2.334692e+00 -2.412823e-01 0.000000e+00
9.680000e-01 3.141593e-01 2.330154e+00 2.334692e+00 -2.412823e-01 0.000000e+00
9.680000e-01 4.712389e-01 2.330154e+00 2.334692e+00 -2.412823e-01 0.000000e+00
9.680000e-01 6.283185e-01 2.330154e+00 2.334692e+00 -2.412823e-01 0.000000e+00
9.680000e-01 7.853982e-01 2.330154e+00 2.334692e+00 -2.412823e-01 0.000000e+00
9.680000e-01 9.424778e-01 2.330154e+00 2.334692e+00 -2.412823e-01 0.000000e+00
9.680000e-01 1.099557e+00 2.330154e+00 2.334692e+00 -2.412823e-01 0.000000e+00
9.680000e-01 1.256637e+00 2.330154e+00 2.334692e+00 -2.412823e-01 0.000000e+00
9.680000e-01 1.413717e+00 2.330154e+00 2.334692e+00 -2.412823e-01 0.000000e+00
9.680000e-01 1.570796e+00 2.330154e+00 2.334692e+00 -2.412823e-01 0.000000e+00
1.016000e+00 0.000000e+00 2.255513e+00 2.230669e+00 -2.262668e-01 0.000000e+00
1.016000e+00 1.570796e-01 2.255513e+00 2.230669e+00 -2.262668e-01 0.000000e+00
1.016000e+00 3.141593e-01 2.255513e+00 2.230669e+00 -2.262668e-01 0.000000e+00
1.016000e+00 4.712389e-01 2.255513e+00 2.230669e+00 -2.262668e-01 0.000000e+00
1.016000e+00 6.283185e-01 2.255513e+00 2.230669e+00 -2.262668e-01 0.000000e+00
1.016000e+00 7.853982e-01 2.255513e+00 2.230669e+00 -2.262668e-01 0.000000e+00
1.016000e+00 9.424778e-01 2.255513e+00 2.230669e+00 -2.262668e-01 0.000000e+00
1.016000e+00 1.099557e+00 2.255513e+00 2.230669e+00 -2.262668e-01 0.000000e+00
1.016000e+00 1.256637e+00 2.255513e+00 2.230669e+00 -2.262668e-01 0.000000e+00
1.016000e+00 1.413717e+00 2.255513e+00 2.230669e+00 -2.262668e-01 0.000000e+00
1.016000e+00 1.570796e+00 2.255513e+00 2.230669e+00 -2.262668e-01 0.000000e+00
1.064000e+00 0.000000e+00 2.188563e+00 2.138525e+00 -2.126199e-01 0.000000e+00
1.064000e+00 1.570796e-01 2.188563e+00 2.138525e+00 -2.126199e-01 0.000000e+00
1.064000e+00 3.141593e-01 2.188563e+00 2.138525e+00 -2.126199e-01 0.000000e+00
1.064000e+00 4.712389e-01 2.188563e+00 2.138525e+00 -2.126199e-01 0.000000e+00
1.064000e+00 6.283185e-01 2.188563e+00 2.138525e+00 -2.126199e-01 0.000000e+00
1.064000e+00 7.853982e-01 2.188563e+00 2.138525e+00 -2.126199e-01 0.000000e+00
1.064000e+00 9.424778e-01 2.188563e+00 2.138525e+00 -2.126199e-01 0.000000e+00
1.064000e+00 1.099557e+00 2.188563e+00 2.138525e+00 -2.126199e-01 0.000000e+00
1.064000e+00 1.256637e+00 2.188563e+00 2.138525e+00 -2.126199e-01 0.000000e+00
1.064000e+00 1.413717e+00 2.188563e+00 2.138525e+00 -2.126199e-01 0.000000e+00
1.064000e+00 1.570796e+00 2.188563e+00 2.138525e+00 -2.126199e-01 0.000000e+00
1.112000e+00 0.000000e+00 2.128191e+00 2.056394e+00 -2.001788e-01 0.000000e+00
1.112000e+00 1.570796e-01 2.128191e+00 2.056394e+00 -2.001788e-01 0.000000e+00
1.112000e+00 3.141593e-01 2.128191e+00 2.056394e+00 -2.001788e-01 0.000000e+00
1.112000e+00 4.712389e-01 2.128191e+00 2.056394e+00 -2.001788e-01 0.000000e+00
1.112000e+00 6.283185e-01 2.128191e+00 2.056394e+00 -2.001788e-01 0.000000e+00
1.112000e+00 7.853982e-01 2.128191e+00 2.056394e+00 -2.001788e-01 0.000000e+00
1.112000e+00 9.424778e-01 2.128191e+00 2.056394e+00 -2.001788e-01 0.000000e+00
1.112000e+00 1.099557e+00 2.128191e+00 2.056394e+00 -2.001788e-01 0.000000e+00
1.112000e+00 1.256637e+00 2.128191e+00 2.056394e+00 -2.001788e-01 0.000000e+00
1.112000e+00 1.413717e+00 2.128191e+00 2.056394e+00 -2.001788e-01 0.000000e+00
1.112000e+00 1.570796e+00 2.128191e+00 2.056394e+00 -2.001788e-01 0.000000e+00
1.160000e+00 0.000000e+00 2.073489e+00 1.982776e+00 -1.888047e-01 0.000000e+00
1.160000e+00 1.570796e-01 2.073489e+00 1.982776e+00 -1.888047e-01 0.000000e+00
1.160000e+00 3.141593e-01 2.073489e+00 1.982776e+00 -1.888047e-01 0.000000e+00
1.160000e+00 4.712389e-01 2.073489e+00 1.982776e+00 -1.888047e-01 0.000000e+00
1.160000e+00 6.283185e-01 2.073489e+00 1.982776e+00 -1.888047e-01 0.000000e+00
1.160000e+00 7.853982e-01 2.073489e+00 1.982776e+00 -1.888047e-01 0.000000e+00
1.160000e+00 9.424778e-01 2.073489e+00 1.982776e+00 -1.888047e-01 0.000000e+00
1.160000e+00 1.099557e+00 2.073489e+00 1.982776e+00 -1.888047e-01 0.000000e+00
1.160000e+00 1.256637e+00 2.073489e+00 1.982776e+00 -1.888047e-01 0.000000e+00
1.160000e+00 1.413717e+00 2.073489e+00 1.982776e+00 -1.888047e-01 0.000000e+00
1.160000e+00 1.570796e+00 2.073489e+00 1.982776e+00 -1.888047e-01 0.000000e+00
1.208000e+00 0.000000e+00 2.023706e+00 1.916450e+00 -1.783782e-01 0.000000e+00
1.208000e+00 1.570796e-01 2.023706e+00 1.916450e+00 -1.783782e-01 0.000000e+00
1.208000e+00 3.141593e-01 2.023706e+00 1.916450e+00 -1.783782e-01 0.000000e+00
1.208000e+00 4.712389e-01 2.023706e+00 1.916450e+00 -1.783782e-01 0.000000e+00
1.208000e+00 6.283185e-01 2.023706e+00 1.916450e+00 -1.783782e-01 0.000000e+00
1.208000e+00 7.853982e-01 2.023706e+00 1.916450e+00 -1.783782e-01 0.000000e+00
1.208000e+00 9.424778e-01 2.023706e+00 1.916450e+00 -1.783782e-01 0.000000e+00
1.208000e+00 1.099557e+00 2.023706e+00 1.916450e+00 -1.783782e-01 0.000000e+00
1.208000e+00 1.256637e+00 2.023706e+00 1.916450e+00 -1.783782e-01 0.000000e+00
1.208000e+00 1.413717e+00 2.023706e+00 1.916450e+00 -1.783782e-01 0.000000e+00
1.208000e+00 1.570796e+00 2.023706e+00 1.916450e+00 -1.783782e-01 0.000000e+00
1.256000e+00 0.000000e+00 1.978219e+00 1.856414e+00 -1.687959e-01 0.000000e+00
1.256000e+00 1.570796e-01 1.978219e+00 1.856414e+00 -1.687959e-01 0.000000e+00
1.256000e+00 3.141593e-01 1.978219e+00 1.856414e+00 -1.687959e-01 0.000000e+00
1.256000e+00 4.712389e-01 1.978219e+00 1.856414e+00 -1.687959e-01 0.000000e+00
1.256000e+00 6.283185e-01 1.978219e+00 1.856414e+00 -1.687959e-01 0.000000e+00
1.256000e+00 7.853982e-01 1.978219e+00 1.856414e+00 -1.687959e-01 0.000000e+00
1.256000e+00 9.424778e-01 1.978219e+00 1.856414e+00 -1.687959e-01 0.000000e+00
1.256000e+00 1.099557e+00 1.978219e+00 1.856414e+00 -1.687959e-01 0.000000e+00
1.256000e+00 1.256637e+00 1.978219e+00 1.856414e+00 -1.687959e-01 0.000000e+00
1.256000e+00 1.413717e+00 1.978219e+00 1.856414e+00 -1.687959e-01 0.000000e+00
1.256000e+00 1.570796e+00 1.978219e+00 1.856414e+00 -1.687959e-01 0.000000e+00
1.304000e+00 0.000000e+00 1.936503e+00 1.801837e+00 -1.599685e-01 0.000000e+00
1.304000e+00 1.570796e-01 1.936503e+00 1.801837e+00 -1.599685e-01 0.000000e+00
1.304000e+00 3.141593e-01 1.936503e+00 1.801837e+00 -1.599685e-01 0.000000e+00
1.304000e+00 4.712389e-01 1.936503e+00 1.801837e+00 -1.599685e-01 0.000000e+00
1.304000e+00 6.283185e-01 1.936503e+00 1.801837e+00 -1.599685e-01 0.000000e+00
1.304000e+00 7.853982e-01 1.936503e+00 1.801837e+00 -1.599685e-01 0.000000e+00
1.304000e+00 9.424778e-01 1.936503e+00 1.801837e+00 -1.599685e-01 0.000000e+00
1.304000e+00 1.099557e+00 1.936503e+00 1.801837e+00 -1.599685e-01 0.000000e+00
1.304000e+00 1.256637e+00 1.936503e+00 1.801837e+00 -1.599685e-01 0.000000e+00
1.304000e+00 1.413717e+00 1.936503e+00 1.801837e+00 -1.599685e-01 0.000000e+00
1.304000e+00 1.570796e+00 1.936503e+00 1.801837e+00 -1.599685e-01 0.000000e+00
1.352000e+00 0.000000e+00 1.898114e+00 1.752028e+00 -1.518182e-01 0.000000e+00
1.352000e+00 1.570796e-01 1.898114e+00 1.752028e+00 -1.518182e-01 0.000000e+00
1.352000e+00 3.141593e-01 1.898114e+00 1.752028e+00 -1.518182e-01 0.000000e+00
1.352000e+00 4.712389e-01 1.898114e+00 1.752028e+00 -1.518182e-01 0.000000e+00
1.352000e+00 6.283185e-01 1.898114e+00 1.752028e+00 -1.518182e-01 0.000000e+00
1.352000e+00 7.853982e-01 1.898114e+00 1.752028e+00 -1.518182e-01 0.000000e+00
1.352000e+00 9.424778e-01 1.898114e+00 1.752028e+00 -1.518182e-01 0.000000e+00
1.352000e+00 1.099557e+00 1.898114e+00 1.752028e+00 -1.518182e-01 0.000000e+00
1.352000e+00 1.256637e+00 1.898114e+00 1.752028e+00 -1.518182e-01 0.000000e+00
1.352000e+00 1.413717e+00 1.898114e+00 1.752028e+00 -1.518182e-01 0.000000e+00
1.352000e+00 1.570796e+00 1.898114e+00 1.752028e+00 -1.518182e-01 0.000000e+00
1.400000e+00 0.000000e+00 1.862677e+00 1.706405e+00 -1.442773e-01 0.000000e+00
1.400000e+00 1.570796e-01 1.862677e+00 1.706405e+00 -1.442773e-01 0.000000e+00
1.400000e+00 3.141593e-01 1.862677e+00 1.706405e+00 -1.442773e-01 0.000000e+00
1.400000e+00 4.712389e-01 1.862677e+00 1.706405e+00 -1.442773e-01 0.000000e+00
1.400000e+00 6.283185e-01 1.862677e+00 1.706405e+00 -1.442773e-01 0.000000e+00
1.400000e+00 7.853982e-01 1.862677e+00 1.706405e+00 -1.442773e-01 0.000000e+00
1.400000e+00 9.424778e-01 1.862677e+00 1.706405e+00 -1.442773e-01 0.000000e+00
1.400000e+00 1.099557e+00 1.862677e+00 1.706405e+00 -1.442773e-01 0.000000e+00
1.400000e+00 1.256637e+00 1.862677e+00 1.706405e+00 -1.442773e-01 0.000000e+00
1.400000e+00 1.413717e+00 1.862677e+00 1.706405e+00 -1.442773e-01 0.000000e+00
1.400000e+00 1.570796e+00 1.862677e+00 1.706405e+00 -1.442773e-01 0.000000e+00
1.448000e+00 0.000000e+00 1.829869e+00 1.664474e+00 -1.372862e-01 0.000000e+00
1.448000e+00 1.570796e-01 1.829869e+00 1.664474e+00 -1.372862e-01 0.000000e+00
1.448000e+00 3.141593e-01 1.829869e+00 1.664474e+00 -1.372862e-01 0.000000e+00
1.448000e+00 4.712389e-01 1.829869e+00 1.664474e+00 -1.372862e-01 0.000000e+00
1.448000e+00 6.283185e-01 1.829869e+00 1.664474e+00 -1.372862e-01 0.000000e+00
1.448000e+00 7.853982e-01 1.829869e+00 1.664474e+00 -1.372862e-01 0.000000e+00
1.448000e+00 9.424778e-01 1.829869e+00 1.664474e+00 -1.372862e-01 0.000000e+00
1.448000e+00 1.099557e+00 1.829869e+00 1.664474e+00 -1.372862e-01 0.000000e+00
1.448000e+00 1.256637e+00 1.829869e+00 1.664474e+00 -1.372862e-01 0.000000e+00
1.448000e+00 1.413717e+00 1.829869e+00 1.664474e+00 -1.372862e-01 0.000000e+00
1.448000e+00 1.570796e+00 1.829869e+00 1.664474e+00 -1.372862e-01 0.000000e+00
1.496000e+00 0.000000e+00 1.799412e+00 1.625816e+00 -1.307924e-01 0.000000e+00
1.496000e+00 1.570796e-01 1.799412e+00 1.625816e+00 -1.307924e-01 0.000000e+00
1.496000e+00 3.141593e-01 1.799412e+00 1.625816e+00 -1.307924e-01 0.000000e+00
1.496000e+00 4.712389e-01 1.799412e+00 1.625816e+00 -1.307924e-01 0.000000e+00
1.496000e+00 6.283185e-01 1.799412e+00 1.625816e+00 -1.307924e-01 0.000000e+00
1.496000e+00 7.853982e-01 1.799412e+00 1.625816e+00 -1.307924e-01 0.000000e+00
1.496000e+00 9.424778e-01 1.799412e+00 1.625816e+00 -1.307924e-01 0.000000e+00
1.496000e+00 1.099557e+00 1.799412e+00 1.625816e+00 -1.307924e-01 0.000000e+00
1.496000e+00 1.256637e+00 1.799412e+00 1.625816e+00 -1.307924e-01 0.000000e+00
1.496000e+00 1.413717e+00 1.799412e+00 1.625816e+00 -1.307924e-01 0.000000e+00
1.496000e+00 1.570796e+00 1.799412e+00 1.625816e+00 -1.307924e-01 0.000000e+00
1.544000e+00 0.000000e+00 1.771066e+00 1.590072e+00 -1.247498e-01 0.000000e+00
1.544000e+00 1.570796e-01 1.771066e+00 1.590072e+00 -1.247498e-01 0.000000e+00
1.544000e+00 3.141593e-01 1.771066e+00 1.590072e+00 -1.247498e-01 0.000000e+00
1.544000e+00 4.712389e-01 1.771066e+00 1.590072e+00 -1.247498e-01 0.000000e+00
1.544000e+00 6.283185e-01 1.771066e+00 1.590072e+00 -1.247498e-01 0.000000e+00
1.544000e+00 7.853982e-01 1.771066e+00 1.590072e+00 -1.247498e-01 0.000000e+00
1.544000e+00 9.424778e-01 1.771066e+00 1.590072e+00 -1.247498e-01 0.000000e+00
1.544000e+00 1.099557e+00 1.771066e+00 1.590072e+00 -1.247498e-01 0.000000e+00
1.544000e+00 1.256637e+00 1.771066e+00 1.590072e+00 -1.247498e-01 0.000000e+00
1.544000e+00 1.413717e+00 1.771066e+00 1.590072e+00 -1.247498e-01 0.000000e+00
1.544000e+00 1.570796e+00 1.771066e+00 1.590072e+00 -1.247498e-01 0.000000e+00
1.592000e+00 0.000000e+00 1.744622e+00 1.556932e+00 -1.191172e-01 0.000000e+00
1.592000e+00 1.570796e-01 1.744622e+00 1.556932e+00 -1.191172e-01 0.000000e+00
1.592000e+00 3.141593e-01 1.744622e+00 1.556932e+00 -1.191172e-01 0.000000e+00
1.592000e+00 4.712389e-01 1.744622e+00 1.556932e+00 -1.191172e-01 0.000000e+00
1.592000e+00 6.283185e-01 1.744622e+00 1.556932e+00 -1.191172e-01 0.000000e+00
1.592000e+00 7.853982e-01 1.744622e+00 1.556932e+00 -1.191172e-01 0.000000e+00
1.592000e+00 9.424778e-01 1.744622e+00 1.556932e+00 -1.191172e-01 0.000000e+00
1.592000e+00 1.099557e+00 1.744622e+00 1.556932e+00 -1.191172e-01 0.000000e+00
1.592000e+00 1.256637e+00 1.744622e+00 1.556932e+00 -1.191172e-01 0.000000e+00
1.592000e+00 1.413717e+00 1.744622e+00 1.556932e+00 -1.191172e-01 0.000000e+00
1.592000e+00 1.570796e+00 1.744622e+00 1.556932e+00 -1.191172e-01 0.000000e+00
1.640000e+00 0.000000e+00 1.719898e+00 1.526128e+00 -1.138583e-01 0.000000e+00
1.640000e+00 1.570796e-01 1.719898e+00 1.526128e+00 -1.138583e-01 0.000000e+00
1.640000e+00 3.141593e-01 1.719898e+00 1.526128e+00 -1.138583e-01 0.000000e+00
1.640000e+00 4.712389e-01 1.719898e+00 1.526128e+00 -1.138583e-01 0.000000e+00
1.640000e+00 6.283185e-01 1.719898e+00 1.526128e+00 -1.138583e-01 0.000000e+00
1.640000e+00 7.853982e-01 1.719898e+00 1.526128e+00 -1.138583e-01 0.000000e+00
1.640000e+00 9.424778e-01 1.719898e+00 1.526128e+00 -1.138583e-01 0.000000e+00
1.640000e+00 1.099557e+00 1.719898e+00 1.526128e+00 -1.138583e-01 0.000000e+00
1.640000e+00 1.256637e+00 1.719898e+00 1.526128e+00 -1.138583e-01 0.000000e+00
1.640000e+00 1.413717e+00 1.719898e+00 1.526128e+00 -1.138583e-01 0.000000e+00
1.640000e+00 1.570796e+00 1.719898e+00 1.526128e+00 -1.138583e-01 0.000000e+00
1.688000e+00 0.000000e+00 1.696733e+00 1.497427e+00 -1.089406e-01 0.000000e+00
1.688000e+00 1.570796e-01 1.696733e+00 1.497427e+00 -1.089406e-01 0.000000e+00
1.688000e+00 3.141593e-01 1.696733e+00 1.497427e+00 -1.089406e-01 0.000000e+00
1.688000e+00 4.712389e-01 1.696733e+00 1.497427e+00 -1.089406e-01 0.000000e+00
1.688000e+00 6.283185e-01 1.696733e+00 1.497427e+00 -1.089406e-01 0.000000e+00
1.688000e+00 7.853982e-01 1.696733e+00 1.497427e+00 -1.089406e-01 0.000000e+00
1.688000e+00 9.424778e-01 1.696733e+00 1.497427e+00 -1.089406e-01 0.000000e+00
1.688000e+00 1.099557e+00 1.696733e+00 1.497427e+00 -1.089406e-01 0.000000e+00
1.688000e+00 1.256637e+00 1.696733e+00 1.497427e+00 -1.089406e-01 0.000000e+00
1.688000e+00 1.413717e+00 1.696733e+00 1.497427e+00 -1.089406e-01 0.000000e+00
1.688000e+00 1.570796e+00 1.696733e+00 1.497427e+00 -1.089406e-01 0.000000e+00
1.736000e+00 0.000000e+00 1.674987e+00 1.470626e+00 -1.043352e-01 0.000000e+00
1.736000e+00 1.570796e-01 1.674987e+00 1.470626e+00 -1.043352e-01 0.000000e+00
1.736000e+00 3.141593e-01 1.674987e+00 1.470626e+00 -1.043352e-01 0.000000e+00
1.736000e+00 4.712389e-01 1.674987e+00 1.470626e+00 -1.043352e-01 0.000000e+00
1.736000e+00 6.283185e-01 1.674987e+00 1.470626e+00 -1.043352e-01 0.000000e+00
1.736000e+00 7.853982e-01 1.674987e+00 1.470626e+00 -1.043352e-01 0.000000e+00
1.736000e+00 9.424778e-01 1.674987e+00 1.470626e+00 -1.043352e-01 0.000000e+00
1.736000e+00 1.099557e+00 1.674987e+00 1.470626e+00 -1.043352e-01 0.000000e+00
1.736000e+00 1.256637e+00 1.674987e+00 1.470626e+00 -1.043352e-01 0.000000e+00
1.736000e+00 1.413717e+00 1.674987e+00 1.470626e+00 -1.043352e-01 0.000000e+00
1.736000e+00 1.570796e+00 1.674987e+00 1.470626e+00 -1.043352e-01 0.000000e+00
1.784000e+00 0.000000e+00 1.654533e+00 1.445547e+00 -1.000161e-01 0.000000e+00
1.784000e+00 1.570796e-01 1.654533e+00 1.445547e+00 -1.000161e-01 0.000000e+00
1.784000e+00 3.141593e-01 1.654533e+00 1.445547e+00 -1.000161e-01 0.000000e+00
1.784000e+00 4.712389e-01 1.654533e+00 1.445547e+00 -1.000161e-01 0.000000e+00
1.784000e+00 6.283185e-01 1.654533e+00 1.445547e+00 -1.000161e-01 0.000000e+00
1.784000e+00 7.853982e-01 1.654533e+00 1.445547e+00 -1.000161e-01 0.000000e+00
1.784000e+00 9.424778e-01 1.654533e+00 1.445547e+00 -1.000161e-01 0.000000e+00
1.784000e+00 1.099557e+00 1.654533e+00 1.445547e+00 -1.000161e-01 0.000000e+00
1.784000e+00 1.256637e+00 1.654533e+00 1.445547e+00 -1.000161e-01 0.000000e+00
1.784000e+00 1.413717e+00 1.654533e+00 1.445547e+00 -1.000161e-01 0.000000e+00
1.784000e+00 1.570796e+00 1.654533e+00 1.445547e+00 -1.000161e-01 0.000000e+00
1.832000e+00 0.000000e+00 1.635263e+00 1.422032e+00 -9.595992e-02 0.000000e+00
1.832000e+00 1.570796e-01 1.635263e+00 1.422032e+00 -9.595992e-02 0.000000e+00
1.832000e+00 3.141593e-01 1.635263e+00 1.422032e+00 -9.595992e-02 0.000000e+00
1.832000e+00 4.712389e-01 1.635263e+00 1.422032e+00 -9.595992e-02 0.000000e+00
1.832000e+00 6.283185e-01 1.635263e+00 1.422032e+00 -9.595992e-02 0.000000e+00
1.832000e+00 7.853982e-01 1.635263e+00 1.422032e+00 -9.595992e-02 0.000000e+00
1.832000e+00 9.424778e-01 1.635263e+00 1.422032e+00 -9.595992e-02 0.000000e+00
1.832000e+00 1.099557e+00 1.635263e+00 1.422032e+00 -9.595992e-02 0.000000e+00
1.832000e+00 1.256637e+00 1.635263e+00 1.422032e+00 -9.595992e-02 0.000000e+00
1.832000e+00 1.413717e+00 1.635263e+00 1.422032e+00 -9.595992e-02 0.000000e+00
1.832000e+00 1.570796e+00 1.635263e+00 1.422032e+00 -9.595992e-02 0.000000e+00
1.880000e+00 0.000000e+00 1.617079e+00 1.399942e+00 -9.214576e-02 0.000000e+00
1.880000e+00 1.570796e-01 1.617079e+00 1.399942e+00 -9.214576e-02 0.000000e+00
1.880000e+00 3.141593e-01 1.617079e+00 1.399942e+00 -9.214576e-02 0.000000e+00
1.880000e+00 4.712389e-01 1.617079e+00 1.399942e+00 -9.214576e-02 0.000000e+00
1.880000e+00 6.283185e-01 1.617079e+00 1.399942e+00 -9.214576e-02 0.000000e+00
1.880000e+00 7.853982e-01 1.617079e+00 1.399942e+00 -9.214576e-02 0.000000e+00
1.880000e+00 9.424778e-01 1.617079e+00 1.399942e+00 -9.214576e-02 0.000000e+00
1.880000e+00 1.099557e+00 1.617079e+00 1.399942e+00 -9.214576e-02 0.000000e+00
1.880000e+00 1.256637e+00 1.617079e+00 1.399942e+00 -9.214576e-02 0.000000e+00
1.880000e+00 1.413717e+00 1.617079e+00 1.399942e+00 -9.214576e-02 0.000000e+00
1.880000e+00 1.570796e+00 1.617079e+00 1.399942e+00 -9.214576e-02 0.000000e+00
1.928000e+00 0.000000e+00 1.599892e+00 1.379155e+00 -8.855469e-02 0.000000e+00
1.928000e+00 1.570796e-01 1.599892e+00 1.379155e+00 -8.855469e-02 0.000000e+00
1.928000e+00 3.141593e-01 1.599892e+00 1.379155e+00 -8.855469e-02 0.000000e+00
1.928000e+00 4.712389e-01 1.599892e+00 1.379155e+00 -8.855469e-02 0.000000e+00
1.928000e+00 6.283185e-01 1.599892e+00 1.379155e+00 -8.855469e-02 0.000000e+00
1.928000e+00 7.853982e-01 1.599892e+00 1.379155e+00 -8.855469e-02 0.000000e+00
1.928000e+00 9.424778e-01 1.599892e+00 1.379155e+00 -8.855469e-02 0.000000e+00
1.928000e+00 1.099557e+00 1.599892e+00 1.379155e+00 -8.855469e-02 0.000000e+00
1.928000e+00 1.256637e+00 1.599892e+00 1.379155e+00 -8.855469e-02 0.000000e+00
1.928000e+00 1.413717e+00 1.599892e+00 1.379155e+00 -8.855469e-02 0.000000e+00
1.928000e+00 1.570796e+00 1.599892e+00 1.379155e+00 -8.855469e-02 0.000000e+00
1.976000e+00 0.000000e+00 1.583623e+00 1.359560e+00 -8.516972e-02 0.000000e+00
1.976000e+00 1.570796e-01 1.583623e+00 1.359560e+00 -8.516972e-02 0.000000e+00
1.976000e+00 3.141593e-01 1.583623e+00 1.359560e+00 -8.516972e-02 0.000000e+00
1.976000e+00 4.712389e-01 1.583623e+00 1.359560e+00 -8.516972e-02 0.000000e+00
1.976000e+00 6.283185e-01 1.583623e+00 1.359560e+00 -8.516972e-02 0.000000e+00
1.976000e+00 7.853982e-01 1.583623e+00 1.359560e+00 -8.516972e-02 0.000000e+00
1.976000e+00 9.424778e-01 1.583623e+00 1.359560e+00 -8.516972e-02 0.000000e+00
1.976000e+00 1.099557e+00 1.583623e+00 1.359560e+00 -8.516972e-02 0.000000e+00
1.976000e+00 1.256637e+00 1.583623e+00 1.359560e+00 -8.516972e-02 0.000000e+00
1.976000e+00 1.413717e+00 1.583623e+00 1.359560e+00 -8.516972e-02 0.000000e+00
1.976000e+00 1.570796e+00 1.583623e+00 1.359560e+00 -8.516972e-02 0.000000e+00
2.024000e+00 0.000000e+00 1.568203e+00 1.341060e+00 -8.197517e-02 0.000000e+00
2.024000e+00 1.570796e-01 1.568203e+00 1.341060e+00 -8.197517e-02 0.000000e+00
2.024000e+00 3.141593e-01 1.568203e+00 1.341060e+00 -8.197517e-02 0.000000e+00
2.024000e+00 4.712389e-01 1.568203e+00 1.341060e+00 -8.197517e-02 0.000000e+00
2.024000e+00 6.283185e-01 1.568203e+00 1.341060e+00 -8.197517e-02 0.000000e+00
2.024000e+00 7.853982e-01 1.568203e+00 1.341060e+00 -8.197517e-02 0.000000e+00
2.024000e+00 9.424778e-01 1.568203e+00 1.341060e+00 -8.197517e-02 0.000000e+00
2.024000e+00 1.099557e+00 1.568203e+00 1.341060e+00 -8.197517e-02 0.000000e+00
2.024000e+00 1.256637e+00 1.568203e+00 1.341060e+00 -8.197517e-02 0.000000e+00
2.024000e+00 1.413717e+00 1.568203e+00 1.341060e+00 -8.197517e-02 0.000000e+00
2.024000e+00 1.570796e+00 1.568203e+00 1.341060e+00 -8.197517e-02 0.000000e+00
2.072000e+00 0.000000e+00 1.553565e+00 1.323568e+00 -7.895698e-02 0.000000e+00
2.072000e+00 1.570796e-01 1.553565e+00 1.323568e+00 -7.895698e-02 0.000000e+00
2.072000e+00 3.141593e-01 1.553565e+00 1.323568e+00 -7.895698e-02 0.000000e+00
2.072000e+00 4.712389e-01 1.553565e+00 1.323568e+00 -7.895698e-02 0.000000e+00
2.072000e+00 6.283185e-01 1.553565e+00 1.323568e+00 -7.895698e-02 0.000000e+00
2.072000e+00 7.853982e-01 1.553565e+00 1.323568e+00 -7.895698e-02 0.000000e+00
2.072000e+00 9.424778e-01 1.553565e+00 1.323568e+00 -7.895698e-02 0.000000e+00
2.072000e+00 1.099557e+00 1.553565e+00 1.323568e+00 -7.895698e-02 0.000000e+00
2.072000e+00 1.256637e+00 1.553565e+00 1.323568e+00 -7.895698e-02 0.000000e+00
2.072000e+00 1.413717e+00 1.553565e+00 1.323568e+00 -7.895698e-02 0.000000e+00
2.072000e+00 1.570796e+00 1.553565e+00 1.323568e+00 -7.895698e-02 0.000000e+00
2.120000e+00 0.000000e+00 1.539653e+00 1.307004e+00 -7.610255e-02 0.000000e+00
2.120000e+00 1.570796e-01 1.539653e+00 1.307004e+00 -7.610255e-02 0.000000e+00
2.120000e+00 3.141593e-01 1.539653e+00 1.307004e+00 -7.610255e-02 0.000000e+00
2.120000e+00 4.712389e-01 1.539653e+00 1.307004e+00 -7.610255e-02 0.000000e+00
2.120000e+00 6.283185e-01 1.539653e+00 1.307004e+00 -7.610255e-02 0.000000e+00
2.120000e+00 7.853982e-01 1.539653e+00 1.307004e+00 -7.610255e-02 0.000000e+00
2.120000e+00 9.424778e-01 1.539653e+00 1.307004e+00 -7.610255e-02 0.000000e+00
2.120000e+00 1.099557e+00 1.539653e+00 1.307004e+00 -7.610255e-02 0.000000e+00
2.120000e+00 1.256637e+00 1.539653e+00 1.307004e+00 -7.610255e-02 0.000000e+00
2.120000e+00 1.413717e+00 1.539653e+00 1.307004e+00 -7.610255e-02 0.000000e+00
2.120000e+00 1.570796e+00 1.539653e+00 1.307004e+00 -7.610255e-02 0.000000e+00
2.168000e+00 0.000000e+00 1.526415e+00 1.291298e+00 -7.340021e-02 0.000000e+00
2.168000e+00 1.570796e-01 1.526415e+00 1.291298e+00 -7.340021e-02 0.000000e+00
2.168000e+00 3.141593e-01 1.526415e+00 1.291298e+00 -7.340021e-02 0.000000e+00
2.168000e+00 4.712389e-01 1.526415e+00 1.291298e+00 -7.340021e-02 0.000000e+00
2.168000e+00 6.283185e-01 1.526415e+00 1.291298e+00 -7.340021e-02 0.000000e+00
2.168000e+00 7.853982e-01 1.526415e+00 1.291298e+00 -7.340021e-02 0.000000e+00
2.168000e+00 9.424778e-01 1.526415e+00 1.291298e+00 -7.340021e-02 0.000000e+00
2.168000e+00 1.099557e+00 1.526415e+00 1.291298e+00 -7.340021e-02 0.000000e+00
2.168000e+00 1.256637e+00 1.526415e+00 1.291298e+00 -7.340021e-02 0.000000e+00
2.168000e+00 1.413717e+00 1.526415e+00 1.291298e+00 -7.340021e-02 0.000000e+00
2.168000e+00 1.570796e+00 1.526415e+00 1.291298e+00 -7.340021e-02 0.000000e+00
2.216000e+00 0.000000e+00 1.513804e+00 1.276387e+00 -7.083917e-02 0.000000e+00
2.216000e+00 1.570796e-01 1.513804e+00 1.276387e+00 -7.083917e-02 0.000000e+00
2.216000e+00 3.141593e-01 1.513804e+00 1.276387e+00 -7.083917e-02 0.000000e+00
2.216000e+00 4.712389e-01 1.513804e+00 1.276387e+00 -7.083917e-02 0.000000e+00
2.216000e+00 6.283185e-01 1.513804e+00 1.276387e+00 -7.083917e-02 0.000000e+00
2.216000e+00 7.853982e-01 1.513804e+00 1.276387e+00 -7.083917e-02 0.000000e+00
2.216000e+00 9.424778e-01 1.513804e+00 1.276387e+00 -7.083917e-02 0.000000e+00
2.216000e+00 1.099557e+00 1.513804e+00 1.276387e+00 -7.083917e-02 0.000000e+00
2.216000e+00 1.256637e+00 1.513804e+00 1.276387e+00 -7.083917e-02 0.000000e+00
2.216000e+00 1.413717e+00 1.513804e+00 1.276387e+00 -7.083917e-02 0.000000e+00
2.216000e+00 1.570796e+00 1.513804e+00 1.276387e+00 -7.083917e-02 0.000000e+00
2.264000e+00 0.000000e+00 1.501777e+00 1.262212e+00 -6.840979e-02 0.000000e+00
2.264000e+00 1.570796e-01 1.501777e+00 1.262212e+00 -6.840979e-02 0.000000e+00
2.264000e+00 3.141593e-01 1.501777e+00 1.262212e+00 -6.840979e-02 0.000000e+00
2.264000e+00 4.712389e-01 1.501777e+00 1.262212e+00 -6.840979e-02 0.000000e+00
2.264000e+00 6.283185e-01 1.501777e+00 1.262212e+00 -6.840979e-02 0.000000e+00
2.264000e+00 7.853982e-01 1.501777e+00 1.262212e+00 -6.840979e-02 0.000000e+00
2.264000e+00 9.424778e-01 1.501777e+00 1.262212e+00 -6.840979e-02 0.000000e+00
2.264000e+00 1.099557e+00 1.501777e+00 1.262212e+00 -6.840979e-02 0.000000e+00
2.264000e+00 1.256637e+00 1.501777e+00 1.262212e+00 -6.840979e-02 0.000000e+00
2.264000e+00 1.413717e+00 1.501777e+00 1.262212e+00 -6.840979e-02 0.000000e+00
2.264000e+00 1.570796e+00 1.501777e+00 1.262212e+00 -6.840979e-02 0.000000e+00
2.312000e+00 0.000000e+00 1.490294e+00 1.248722e+00 -6.610330e-02 0.000000e+00
2.312000e+00 1.570796e-01 1.490294e+00 1.248722e+00 -6.610330e-02 0.000000e+00
2.312000e+00 3.141593e-01 1.490294e+00 1.248722e+00 -6.610330e-02 0.000000e+00
2.312000e+00 4.712389e-01 1.490294e+00 1.248722e+00 -6.610330e-02 0.000000e+00
2.312000e+00 6.283185e-01 1.490294e+00 1.248722e+00 -6.610330e-02 0.000000e+00
2.312000e+00 7.853982e-01 1.490294e+00 1.248722e+00 -6.610330e-02 0.000000e+00
2.312000e+00 9.424778e-01 1.490294e+00 1.248722e+00 -6.610330e-02 0.000000e+00
2.312000e+00 1.099557e+00 1.490294e+00 1.248722e+00 -6.610330e-02 0.000000e+00
2.312000e+00 1.256637e+00 1.490294e+00 1.248722e+00 -6.610330e-02 0.000000e+00
2.312000e+00 1.413717e+00 1.490294e+00 1.248722e+00 -6.610330e-02 0.000000e+00
2.312000e+00 1.570796e+00 1.490294e+00 1.248722e+00 -6.610330e-02 0.000000e+00
2.360000e+00 0.000000e+00 1.479320e+00 1.235868e+00 -6.391145e-02 0.000000e+00
2.360000e+00 1.570796e-01 1.479320e+00 1.235868e+00 -6.391145e-02 0.000000e+00
2.360000e+00 3.141593e-01 1.479320e+00 1.235868e+00 -6.391145e-02 0.000000e+00
2.360000e+00 4.712389e-01 1.479320e+00 1.235868e+00 -6.391145e-02 0.000000e+00
2.360000e+00 6.283185e-01 1.479320e+00 1.235868e+00 -6.391145e-02 0.000000e+00
2.360000e+00 7.853982e-01 1.479320e+00 1.235868e+00 -6.391145e-02 0.000000e+00
2.360000e+00 9.424778e-01 1.479320e+00 1.235868e+00 -6.391145e-02 0.000000e+00
2.360000e+00 1.099557e+00 1.479320e+00 1.235868e+00 -6.391145e-02 0.000000e+00
2.360000e+00 1.256637e+00 1.479320e+00 1.235868e+00 -6.391145e-02 0.000000e+00
2.360000e+00 1.413717e+00 1.479320e+00 1.235868e+00 -6.391145e-02 0.000000e+00
2.360000e+00 1.570796e+00 1.479320e+00 1.235868e+00 -6.391145e-02 0.000000e+00
2.408000e+00 0.000000e+00 1.468820e+00 1.223607e+00 -6.182683e-02 0.000000e+00
2.408000e+00 1.570796e-01 1.468820e+00 1.223607e+00 -6.182683e-02 0.000000e+00
2.408000e+00 3.141593e-01 1.468820e+00 1.223607e+00 -6.182683e-02 0.000000e+00
2.408000e+00 4.712389e-01 1.468820e+00 1.223607e+00 -6.182683e-02 0.000000e+00
2.408000e+00 6.283185e-01 1.468820e+00 1.223607e+00 -6.182683e-02 0.000000e+00
2.408000e+00 7.853982e-01 1.468820e+00 1.223607e+00 -6.182683e-02 0.000000e+00
2.408000e+00 9.424778e-01 1.468820e+00 1.223607e+00 -6.182683e-02 0.000000e+00
2.408000e+00 1.099557e+00 1.468820e+00 1.223607e+00 -6.182683e-02 0.000000e+00
2.408000e+00 1.256637e+00 1.468820e+00 1.223607e+00 -6.182683e-02 0.000000e+00
2.408000e+00 1.413717e+00 1.468820e+00 1.223607e+00 -6.182683e-02 0.000000e+00
2.408000e+00 1.570796e+00 1.468820e+00 1.223607e+00 -6.182683e-02 0.000000e+00
2.456000e+00 0.000000e+00 1.458768e+00 1.211900e+00 -5.984252e-02 0.000000e+00
2.456000e+00 1.570796e-01 1.458768e+00 1.211900e+00 -5.984252e-02 0.000000e+00
2.456000e+00 3.141593e-01 1.458768e+00 1.211900e+00 -5.984252e-02 0.000000e+00
2.456000e+00 4.712389e-01 1.458768e+00 1.211900e+00 -5.984252e-02 0.000000e+00
2.456000e+00 6.283185e-01 1.458768e+00 1.211900e+00 -5.984252e-02 0.000000e+00
2.456000e+00 7.853982e-01 1.458768e+00 1.211900e+00 -5.984252e-02 0.000000e+00
2.456000e+00 9.424778e-01 1.458768e+00 1.211900e+00 -5.984252e-02 0.000000e+00
2.456000e+00 1.099557e+00 1.458768e+00 1.211900e+00 -5.984252e-02 0.000000e+00
2.456000e+00 1.256637e+00 1.458768e+00 1.211900e+00 -5.984252e-02 0.000000e+00
2.456000e+00 1.413717e+00 1.458768e+00 1.211900e+00 -5.984252e-02 0.000000e+00
2.456000e+00 1.570796e+00 1.458768e+00 1.211900e+00 -5.984252e-02 0.000000e+00
2.504000e+00 0.000000e+00 1.449133e+00 1.200711e+00 -5.795215e-02 0.000000e+00
2.504000e+00 1.570796e-01 1.449133e+00 1.200711e+00 -5.795215e-02 0.000000e+00
2.504000e+00 3.141593e-01 1.449133e+00 1.200711e+00 -5.795215e-02 0.000000e+00
2.504000e+00 4.712389e-01 1.449133e+00 1.200711e+00 -5.795215e-02 0.000000e+00
2.504000e+00 6.283185e-01 1.449133e+00 1.200711e+00 -5.795215e-02 0.000000e+00
2.504000e+00 7.853982e-01 1.449133e+00 1.200711e+00 -5.795215e-02 0.000000e+00
2.504000e+00 9.424778e-01 1.449133e+00 1.200711e+00 -5.795215e-02 0.000000e+00
2.504000e+00 1.099557e+00 1.449133e+00 1.200711e+00 -5.795215e-02 0.000000e+00
2.504000e+00 1.256637e+00 1.449133e+00 1.200711e+00 -5.795215e-02 0.000000e+00
2.504000e+00 1.413717e+00 1.449133e+00 1.200711e+00 -5.795215e-02 0.000000e+00
2.504000e+00 1.570796e+00 1.449133e+00 1.200711e+00 -5.795215e-02 0.000000e+00
2.552000e+00 0.000000e+00 1.439892e+00 1.190007e+00 -5.614992e-02 0.000000e+00
2.552000e+00 1.570796e-01 1.439892e+00 1.190007e+00 -5.614992e-02 0.000000e+00
2.552000e+00 3.141593e-01 1.439892e+00 1.190007e+00 -5.614992e-02 0.000000e+00
2.552000e+00 4.712389e-01 1.439892e+00 1.190007e+00 -5.614992e-02 0.000000e+00
2.552000e+00 6.283185e-01 1.439892e+00 1.190007e+00 -5.614992e-02 0.000000e+00
2.552000e+00 7.853982e-01 1.439892e+00 1.190007e+00 -5.614992e-02 0.000000e+00
2.552000e+00 9.424778e-01 1.439892e+00 1.190007e+00 -5.614992e-02 0.000000e+00
2.552000e+00 1.099557e+00 1.439892e+00 1.190007e+00 -5.614992e-02 0.000000e+00
2.552000e+00 1.256637e+00 1.439892e+00 1.190007e+00 -5.614992e-02 0.000000e+00
2.552000e+00 1.413717e+00 1.439892e+00 1.190007e+00 -5.614992e-02 0.000000e+00
2.552000e+00 1.570796e+00 1.439892e+00 1.190007e+00 -5.614992e-02 0.000000e+00
2.600000e+00 0.000000e+00 1.431021e+00 1.179757e+00 -5.443038e-02 0.000000e+00
2.600000e+00 1.570796e-01 1.431021e+00 1.179757e+00 -5.443038e-02 0.000000e+00
2.600000e+00 3.141593e-01 1.431021e+00 1.179757e+00 -5.443038e-02 0.000000e+00
2.600000e+00 4.712389e-01 1.431021e+00 1.179757e+00 -5.443038e-02 0.000000e+00
2.600000e+00 6.283185e-01 1.431021e+00 1.179757e+00 -5.443038e-02 0.000000e+00
2.600000e+00 7.853982e-01 1.431021e+00 1.179757e+00 -5.443038e-02 0.000000e+00
2.600000e+00 9.424778e-01 1.431021e+00 1.179757e+00 -5.443038e-02 0.000000e+00
2.600000e+00 1.099557e+00 1.431021e+00 1.179757e+00 -5.443038e-02 0.000000e+00
2.600000e+00 1.256637e+00 1.431021e+00 1.179757e+00 -5.443038e-02 0.000000e+00
2.600000e+00 1.413717e+00 1.431021e+00 1.179757e+00 -5.443038e-02 0.000000e+00
2.600000e+00 1.570796e+00 1.431021e+00 1.179757e+00 -5.443038e-02 0.000000e+00
2.648000e+00 0.000000e+00 1.422497e+00 1.169933e+00 -5.278859e-02 0.000000e+00
2.648000e+00 1.570796e-01 1.422497e+00 1.169933e+00 -5.278859e-02 0.000000e+00
2.648000e+00 3.141593e-01 1.422497e+00 1.169933e+00 -5.278859e-02 0.000000e+00
2.648000e+00 4.712389e-01 1.422497e+00 1.169933e+00 -5.278859e-02 0.000000e+00
2.648000e+00 6.283185e-01 1.422497e+00 1.169933e+00 -5.278859e-02 0.000000e+00
2.648000e+00 7.853982e-01 1.422497e+00 1.169933e+00 -5.278859e-02 0.000000e+00
2.648000e+00 9.424778e-01 1.422497e+00 1.169933e+00 -5.278859e-02 0.000000e+00
2.648000e+00 1.099557e+00 1.422497e+00 1.169933e+00 -5.278859e-02 0.000000e+00
2.648000e+00 1.256637e+00 1.422497e+00 1.169933e+00 -5.278859e-02 0.000000e+00
2.648000e+00 1.413717e+00 1.422497e+00 1.169933e+00 -5.278859e-02 0.000000e+00
2.648000e+00 1.570796e+00 1.422497e+00 1.169933e+00 -5.278859e-02 0.000000e+00
2.696000e+00 0.000000e+00 1.414302e+00 1.160510e+00 -5.121990e-02 0.000000e+00
2.696000e+00 1.570796e-01 1.414302e+00 1.160510e+00 -5.121990e-02 0.000000e+00
2.696000e+00 3.141593e-01 1.414302e+00 1.160510e+00 -5.121990e-02 0.000000e+00
2.696000e+00 4.712389e-01 1.414302e+00 1.160510e+00 -5.121990e-02 0.000000e+00
2.696000e+00 6.283185e-01 1.414302e+00 1.160510e+00 -5.121990e-02 0.000000e+00
2.696000e+00 7.853982e-01 1.414302e+00 1.160510e+00 -5.121990e-02 0.000000e+00
2.696000e+00 9.424778e-01 1.414302e+00 1.160510e+00 -5.121990e-02 0.000000e+00
2.696000e+00 1.099557e+00 1.414302e+00 1.160510e+00 -5.121990e-02 0.000000e+00
2.696000e+00 1.256637e+00 1.414302e+00 1.160510e+00 -5.121990e-02 0.000000e+00
2.696000e+00 1.413717e+00 1.414302e+00 1.160510e+00 -5.121990e-02 0.000000e+00
2.696000e+00 1.570796e+00 1.414302e+00 1.160510e+00 -5.121990e-02 0.000000e+00
2.744000e+00 0.000000e+00 1.406418e+00 1.151464e+00 -4.972003e-02 0.000000e+00
2.744000e+00 1.570796e-01 1.406418e+00 1.151464e+00 -4.972003e-02 0.000000e+00
2.744000e+00 3.141593e-01 1.406418e+00 1.151464e+00 -4.972003e-02 0.000000e+00
2.744000e+00 4.712389e-01 1.406418e+00 1.151464e+00 -4.972003e-02 0.000000e+00
2.744000e+00 6.283185e-01 1.406418e+00 1.151464e+00 -4.972003e-02 0.000000e+00
2.744000e+00 7.853982e-01 1.406418e+00 1.151464e+00 -4.972003e-02 0.000000e+00
2.744000e+00 9.424778e-01 1.406418e+00 1.151464e+00 -4.972003e-02 0.000000e+00
2.744000e+00 1.099557e+00 1.406418e+00 1.151464e+00 -4.972003e-02 0.000000e+00
2.744000e+00 1.256637e+00 1.406418e+00 1.151464e+00 -4.972003e-02 0.000000e+00
2.744000e+00 1.413717e+00 1.406418e+00 1.151464e+00 -4.972003e-02 0.000000e+00
2.744000e+00 1.570796e+00 1.406418e+00 1.151464e+00 -4.972003e-02 0.000000e+00
2.792000e+00 0.000000e+00 1.398826e+00 1.142773e+00 -4.828503e-02 0.000000e+00
2.792000e+00 1.570796e-01 1.398826e+00 1.142773e+00 -4.828503e-02 0.000000e+00
2.792000e+00 3.141593e-01 1.398826e+00 1.142773e+00 -4.828503e-02 0.000000e+00
2.792000e+00 4.712389e-01 1.398826e+00 1.142773e+00 -4.828503e-02 0.000000e+00
2.792000e+00 6.283185e-01 1.398826e+00 1.142773e+00 -4.828503e-02 0.000000e+00
2.792000e+00 7.853982e-01 1.398826e+00 1.142773e+00 -4.828503e-02 0.000000e+00
2.792000e+00 9.424778e-01 1.398826e+00 1.142773e+00 -4.828503e-02 0.000000e+00
2.792000e+00 1.099557e+00 1.398826e+00 1.142773e+00 -4.828503e-02 0.000000e+00
2.792000e+00 1.256637e+00 1.398826e+00 1.142773e+00 -4.828503e-02 0.000000e+00
2.792000e+00 1.413717e+00 1.398826e+00 1.142773e+00 -4.828503e-02 0.000000e+00
2.792000e+00 1.570796e+00 1.398826e+00 1.142773e+00 -4.828503e-02 0.000000e+00
2.840000e+00 0.000000e+00 1.391513e+00 1.134417e+00 -4.691121e-02 0.000000e+00
2.840000e+00 1.570796e-01 1.391513e+00 1.134417e+00 -4.691121e-02 0.000000e+00
2.840000e+00 3.141593e-01 1.391513e+00 1.134417e+00 -4.691121e-02 0.000000e+00
2.840000e+00 4.712389e-01 1.391513e+00 1.134417e+00 -4.691121e-02 0.000000e+00
2.840000e+00 6.283185e-01 1.391513e+00 1.134417e+00 -4.691121e-02 0.000000e+00
2.840000e+00 7.853982e-01 1.391513e+00 1.134417e+00 -4.691121e-02 0.000000e+00
2.840000e+00 9.424778e-01 1.391513e+00 1.134417e+00 -4.691121e-02 0.000000e+00
2.840000e+00 1.099557e+00 1.391513e+00 1.134417e+00 -4.691121e-02 0.000000e+00
2.840000e+00 1.256637e+00 1.391513e+00 1.134417e+00 -4.691121e-02 0.000000e+00
2.840000e+00 1.413717e+00 1.391513e+00 1.134417e+00 -4.691121e-02 0.000000e+00
2.840000e+00 1.570796e+00 1.391513e+00 1.134417e+00 -4.691121e-02 0.000000e+00
2.888000e+00 0.000000e+00 1.384463e+00 1.126378e+00 -4.559513e-02 0.000000e+00
2.888000e+00 1.570796e-01 1.384463e+00 1.126378e+00 -4.559513e-02 0.000000e+00
2.888000e+00 3.141593e-01 1.384463e+00 1.126378e+00 -4.559513e-02 0.000000e+00
2.888000e+00 4.712389e-01 1.384463e+00 1.126378e+00 -4.559513e-02 0.000000e+00
2.888000e+00 6.283185e-01 1.384463e+00 1.126378e+00 -4.559513e-02 0.000000e+00
2.888000e+00 7.853982e-01 1.384463e+00 1.126378e+00 -4.559513e-02 0.000000e+00
2.888000e+00 9.424778e-01 1.384463e+00 1.126378e+00 -4.559513e-02 0.000000e+00
2.888000e+00 1.099557e+00 1.384463e+00 1.126378e+00 -4.559513e-02 0.000000e+00
2.888000e+00 1.256637e+00 1.384463e+00 1.126378e+00 -4.559513e-02 0.000000e+00
2.888000e+00 1.413717e+00 1.384463e+00 1.126378e+00 -4.559513e-02 0.000000e+00
2.888000e+00 1.570796e+00 1.384463e+00 1.126378e+00 -4.559513e-02 0.000000e+00
2.936000e+00 0.000000e+00 1.377660e+00 1.118636e+00 -4.433375e-02 0.000000e+00
2.936000e+00 1.570796e-01 1.377660e+00 1.118636e+00 -4.433375e-02 0.000000e+00
2.936000e+00 3.141593e-01 1.377660e+00 1.118636e+00 -4.433375e-02 0.000000e+00
2.936000e+00 4.712389e-01 1.377660e+00 1.118636e+00 -4.433375e-02 0.000000e+00
2.936000e+00 6.283185e-01 1.377660e+00 1.118636e+00 -4.433375e-02 0.000000e+00
2.936000e+00 7.853982e-01 1.377660e+00 1.118636e+00 -4.433375e-02 0.000000e+00
2.936000e+00 9.424778e-01 1.377660e+00 1.118636e+00 -4.433375e-02 0.000000e+00
2.936000e+00 1.099557e+00 1.377660e+00 1.118636e+00 -4.433375e-02 0.000000e+00
2.936000e+00 1.256637e+00 1.377660e+00 1.118636e+00 -4.433375e-02 0.000000e+00
2.936000e+00 1.413717e+00 1.377660e+00 1.118636e+00 -4.433375e-02 0.000000e+00
2.936000e+00 1.570796e+00 1.377660e+00 1.118636e+00 -4.433375e-02 0.000000e+00
2.984000e+00 0.000000e+00 1.371090e+00 1.111178e+00 -4.312411e-02 0.000000e+00
2.984000e+00 1.570796e-01 1.371090e+00 1.111178e+00 -4.312411e-02 0.000000e+00
2.984000e+00 3.141593e-01 1.371090e+00 1.111178e+00 -4.312411e-02 0.000000e+00
2.984000e+00 4.712389e-01 1.371090e+00 1.111178e+00 -4.312411e-02 0.000000e+00
2.984000e+00 6.283185e-01 1.371090e+00 1.111178e+00 -4.312411e-02 0.000000e+00
2.984000e+00 7.853982e-01 1.371090e+00 1.111178e+00 -4.312411e-02 0.000000e+00
2.984000e+00 9.424778e-01 1.371090e+00 1.111178e+00 -4.312411e-02 0.000000e+00
2.984000e+00 1.099557e+00 1.371090e+00 1.111178e+00 -4.312411e-02 0.000000e+00
2.984000e+00 1.256637e+00 1.371090e+00 1.111178e+00 -4.312411e-02 0.000000e+00
2.984000e+00 1.413717e+00 1.371090e+00 1.111178e+00 -4.312411e-02 0.000000e+00
2.984000e+00 1.570796e+00 1.371090e+00 1.111178e+00 -4.312411e-02 0.000000e+00
3.032000e+00 0.000000e+00 1.364753e+00 1.103987e+00 -4.196324e-02 0.000000e+00
3.032000e+00 1.570796e-01 1.364753e+00 1.103987e+00 -4.196324e-02 0.000000e+00
3.032000e+00 3.141593e-01 1.364753e+00 1.103987e+00 -4.196324e-02 0.000000e+00
3.032000e+00 4.712389e-01 1.364753e+00 1.103987e+00 -4.196324e-02 0.000000e+00
3.032000e+00 6.283185e-01 1.364753e+00 1.103987e+00 -4.196324e-02 0.000000e+00
3.032000e+00 7.853982e-01 1.364753e+00 1.103987e+00 -4.196324e-02 0.000000e+00
3.032000e+00 9.424778e-01 1.364753e+00 1.103987e+00 -4.196324e-02 0.000000e+00
3.032000e+00 1.099557e+00 1.364753e+00 1.103987e+00 -4.196324e-02 0.000000e+00
3.032000e+00 1.256637e+00 1.364753e+00 1.103987e+00 -4.196324e-02 0.000000e+00
3.032000e+00 1.413717e+00 1.364753e+00 1.103987e+00 -4.196324e-02 0.000000e+00
3.032000e+00 1.570796e+00 1.364753e+00 1.103987e+00 -4.196324e-02 0.000000e+00
3.080000e+00 0.000000e+00 1.358627e+00 1.097050e+00 -4.084860e-02 0.000000e+00
3.080000e+00 1.570796e-01 1.358627e+00 1.097050e+00 -4.084860e-02 0.000000e+00
3.080000e+00 3.141593e-01 1.358627e+00 1.097050e+00 -4.084860e-02 0.000000e+00
3.080000e+00 4.712389e-01 1.358627e+00 1.097050e+00 -4.084860e-02 0.000000e+00
3.080000e+00 6.283185e-01 1.358627e+00 1.097050e+00 -4.084860e-02 0.000000e+00
3.080000e+00 7.853982e-01 1.358627e+00 1.097050e+00 -4.084860e-02 0.000000e+00
3.080000e+00 9.424778e-01 1.358627e+00 1.097050e+00 -4.084860e-02 0.000000e+00
3.080000e+00 1.099557e+00 1.358627e+00 1.097050e+00 -4.084860e-02 0.000000e+00
3.080000e+00 1.256637e+00 1.358627e+00 1.097050e+00 -4.084860e-02 0.000000e+00
3.080000e+00 1.413717e+00 1.358627e+00 1.097050e+00 -4.084860e-02 0.000000e+00
3.080000e+00 1.570796e+00 1.358627e+00 1.097050e+00 -4.084860e-02 0.000000e+00
3.128000e+00 0.000000e+00 1.352703e+00 1.090353e+00 -3.977773e-02 0.000000e+00
3.128000e+00 1.570796e-01 1.352703e+00 1.090353e+00 -3.977773e-02 0.000000e+00
3.128000e+00 3.141593e-01 1.352703e+00 1.090353e+00 -3.977773e-02 0.000000e+00
3.128000e+00 4.712389e-01 1.352703e+00 1.090353e+00 -3.977773e-02 0.000000e+00
3.128000e+00 6.283185e-01 1.352703e+00 1.090353e+00 -3.977773e-02 0.000000e+00
3.128000e+00 7.853982e-01 1.352703e+00 1.090353e+00 -3.977773e-02 0.000000e+00
3.128000e+00 9.424778e-01 1.352703e+00 1.090353e+00 -3.977773e-02 0.000000e+00
3.128000e+00 1.099557e+00 1.352703e+00 1.090353e+00 -3.977773e-02 0.000000e+00
3.128000e+00 1.256637e+00 1.352703e+00 1.090353e+00 -3.977773e-02 0.000000e+00
3.128000e+00 1.413717e+00 1.352703e+00 1.090353e+00 -3.977773e-02 0.000000e+00
3.128000e+00 1.570796e+00 1.352703e+00 1.090353e+00 -3.977773e-02 0.000000e+00
3.176000e+00 0.000000e+00 1.346974e+00 1.083885e+00 -3.874844e-02 0.000000e+00
3.176000e+00 1.570796e-01 1.346974e+00 1.083885e+00 -3.874844e-02 0.000000e+00
3.176000e+00 3.141593e-01 1.346974e+00 1.083885e+00 -3.874844e-02 0.000000e+00
3.176000e+00 4.712389e-01 1.346974e+00 1.083885e+00 -3.874844e-02 0.000000e+00
3.176000e+00 6.283185e-01 1.346974e+00 1.083885e+00 -3.874844e-02 0.000000e+00
3.176000e+00 7.853982e-01 1.346974e+00 1.083885e+00 -3.874844e-02 0.000000e+00
3.176000e+00 9.424778e-01 1.346974e+00 1.083885e+00 -3.874844e-02 0.000000e+00
3.176000e+00 1.099557e+00 1.346974e+00 1.083885e+00 -3.874844e-02 0.000000e+00
3.176000e+00 1.256637e+00 1.346974e+00 1.083885e+00 -3.874844e-02 0.000000e+00
3.176000e+00 1.413717e+00 1.346974e+00 1.083885e+00 -3.874844e-02 0.000000e+00
3.176000e+00 1.570796e+00 1.346974e+00 1.083885e+00 -3.874844e-02 0.000000e+00
3.224000e+00 0.000000e+00 1.341426e+00 1.077634e+00 -3.775857e-02 0.000000e+00
3.224000e+00 1.570796e-01 1.341426e+00 1.077634e+00 -3.775857e-02 0.000000e+00
3.224000e+00 3.141593e-01 1.341426e+00 1.077634e+00 -3.775857e-02 0.000000e+00
3.224000e+00 4.712389e-01 1.341426e+00 1.077634e+00 -3.775857e-02 0.000000e+00
3.224000e+00 6.283185e-01 1.341426e+00 1.077634e+00 -3.775857e-02 0.000000e+00
3.224000e+00 7.853982e-01 1.341426e+00 1.077634e+00 -3.775857e-02 0.000000e+00
3.224000e+00 9.424778e-01 1.341426e+00 1.077634e+00 -3.775857e-02 0.000000e+00
3.224000e+00 1.099557e+00 1.341426e+00 1.077634e+00 -3.775857e-02 0.000000e+00
3.224000e+00 1.256637e+00 1.341426e+00 1.077634e+00 -3.775857e-02 0.000000e+00
3.224000e+00 1.413717e+00 1.341426e+00 1.077634e+00 -3.775857e-02 0.000000e+00
3.224000e+00 1.570796e+00 1.341426e+00 1.077634e+00 -3.775857e-02 0.000000e+00
3.272000e+00 0.000000e+00 1.336053e+00 1.071589e+00 -3.680609e-02 0.000000e+00
3.272000e+00 1.570796e-01 1.336053e+00 1.071589e+00 -3.680609e-02 0.000000e+00
3.272000e+00 3.141593e-01 1.336053e+00 1.071589e+00 -3.680609e-02 0.000000e+00
3.272000e+00 4.712389e-01 1.336053e+00 1.071589e+00 -3.680609e-02 0.000000e+00
3.272000e+00 6.283185e-01 1.336053e+00 1.071589e+00 -3.680609e-02 0.000000e+00
3.272000e+00 7.853982e-01 1.336053e+00 1.071589e+00 -3.680609e-02 0.000000e+00
3.272000e+00 9.424778e-01 1.336053e+00 1.071589e+00 -3.680609e-02 0.000000e+00
3.272000e+00 1.099557e+00 1.336053e+00 1.071589e+00 -3.680609e-02 0.000000e+00
3.272000e+00 1.256637e+00 1.336053e+00 1.071589e+00 -3.680609e-02 0.000000e+00
3.272000e+00 1.413717e+00 1.336053e+00 1.071589e+00 -3.680609e-02 0.000000e+00
3.272000e+00 1.570796e+00 1.336053e+00 1.071589e+00 -3.680609e-02 0.000000e+00
3.320000e+00 0.000000e+00 1.330849e+00 1.065740e+00 -3.588916e-02 0.000000e+00
3.320000e+00 1.570796e-01 1.330849e+00 1.065740e+00 -3.588916e-02 0.000000e+00
3.320000e+00 3.141593e-01 1.330849e+00 1.065740e+00 -3.588916e-02 0.000000e+00
3.320000e+00 4.712389e-01 1.330849e+00 1.065740e+00 -3.588916e-02 0.000000e+00
3.320000e+00 6.283185e-01 1.330849e+00 1.065740e+00 -3.588916e-02 0.000000e+00
3.320000e+00 7.853982e-01 1.330849e+00 1.065740e+00 -3.588916e-02 0.000000e+00
3.320000e+00 9.424778e-01 1.330849e+00 1.065740e+00 -3.588916e-02 0.000000e+00
3.320000e+00 1.099557e+00 1.330849e+00 1.065740e+00 -3.588916e-02 0.000000e+00
3.320000e+00 1.256637e+00 1.330849e+00 1.065740e+00 -3.588916e-02 0.000000e+00
3.320000e+00 1.413717e+00 1.330849e+00 1.065740e+00 -3.588916e-02 0.000000e+00
3.320000e+00 1.570796e+00 1.330849e+00 1.065740e+00 -3.588916e-02 0.000000e+00
3.368000e+00 0.000000e+00 1.325802e+00 1.060079e+00 -3.500605e-02 0.000000e+00
3.368000e+00 1.570796e-01 1.325802e+00 1.060079e+00 -3.500605e-02 0.000000e+00
3.368000e+00 3.141593e-01 1.325802e+00 1.060079e+00 -3.500605e-02 0.000000e+00
3.368000e+00 4.712389e-01 1.325802e+00 1.060079e+00 -3.500605e-02 0.000000e+00
3.368000e+00 6.283185e-01 1.325802e+00 1.060079e+00 -3.500605e-02 0.000000e+00
3.368000e+00 7.853982e-01 1.325802e+00 1.060079e+00 -3.500605e-02 0.000000e+00
3.368000e+00 9.424778e-01 1.325802e+00 1.060079e+00 -3.500605e-02 0.000000e+00
3.368000e+00 1.099557e+00 1.325802e+00 1.060079e+00 -3.500605e-02 0.000000e+00
3.368000e+00 1.256637e+00 1.325802e+00 1.060079e+00 -3.500605e-02 0.000000e+00
3.368000e+00 1.413717e+00 1.325802e+00 1.060079e+00 -3.500605e-02 0.000000e+00
3.368000e+00 1.570796e+00 1.325802e+00 1.060079e+00 -3.500605e-02 0.000000e+00
3.416000e+00 0.000000e+00 1.320898e+00 1.054596e+00 -3.415513e-02 0.000000e+00
3.416000e+00 1.570796e-01 1.320898e+00 1.054596e+00 -3.415513e-02 0.000000e+00
3.416000e+00 3.141593e-01 1.320898e+00 1.054596e+00 -3.415513e-02 0.000000e+00
3.416000e+00 4.712389e-01 1.320898e+00 1.054596e+00 -3.415513e-02 0.000000e+00
3.416000e+00 6.283185e-01 1.320898e+00 1.054596e+00 -3.415513e-02 0.000000e+00
3.416000e+00 7.853982e-01 1.320898e+00 1.054596e+00 -3.415513e-02 0.000000e+00
3.416000e+00 9.424778e-01 1.320898e+00 1.054596e+00 -3.415513e-02 0.000000e+00
3.416000e+00 1.099557e+00 1.320898e+00 1.054596e+00 -3.415513e-02 0.000000e+00
3.416000e+00 1.256637e+00 1.320898e+00 1.054596e+00 -3.415513e-02 0.000000e+00
3.416000e+00 1.413717e+00 1.320898e+00 1.054596e+00 -3.415513e-02 0.000000e+00
3.416000e+00 1.570796e+00 1.320898e+00 1.054596e+00 -3.415513e-02 0.000000e+00
3.464000e+00 0.000000e+00 1.316133e+00 1.049284e+00 -3.333488e-02 0.000000e+00
3.464000e+00 1.570796e-01 1.316133e+00 1.049284e+00 -3.333488e-02 0.000000e+00
3.464000e+00 3.141593e-01 1.316133e+00 1.049284e+00 -3.333488e-02 0.000000e+00
3.464000e+00 4.712389e-01 1.316133e+00 1.049284e+00 -3.333488e-02 0.000000e+00
3.464000e+00 6.283185e-01 1.316133e+00 1.049284e+00 -3.333488e-02 0.000000e+00
3.464000e+00 7.853982e-01 1.316133e+00 1.049284e+00 -3.333488e-02 0.000000e+00
3.464000e+00 9.424778e-01 1.316133e+00 1.049284e+00 -3.333488e-02 0.000000e+00
3.464000e+00 1.099557e+00 1.316133e+00 1.049284e+00 -3.333488e-02 0.000000e+00
3.464000e+00 1.256637e+00 1.316133e+00 1.049284e+00 -3.333488e-02 0.000000e+00
3.464000e+00 1.413717e+00 1.316133e+00 1.049284e+00 -3.333488e-02 0.000000e+00
3.464000e+00 1.570796e+00 1.316133e+00 1.049284e+00 -3.333488e-02 0.000000e+00
3.512000e+00 0.000000e+00 1.311509e+00 1.044134e+00 -3.254376e-02 0.000000e+00
3.512000e+00 1.570796e-01 1.311509e+00 1.044134e+00 -3.254376e-02 0.000000e+00
3.512000e+00 3.141593e-01 1.311509e+00 1.044134e+00 -3.254376e-02 0.000000e+00
3.512000e+00 4.712389e-01 1.311509e+00 1.044134e+00 -3.254376e-02 0.000000e+00
3.512000e+00 6.283185e-01 1.311509e+00 1.044134e+00 -3.254376e-02 0.000000e+00
3.512000e+00 7.853982e-01 1.311509e+00 1.044134e+00 -3.254376e-02 0.000000e+00
3.512000e+00 9.424778e-01 1.311509e+00 1.044134e+00 -3.254376e-02 0.000000e+00
3.512000e+00 1.099557e+00 1.311509e+00 1.044134e+00 -3.254376e-02 0.000000e+00
3.512000e+00 1.256637e+00 1.311509e+00 1.044134e+00 -3.254376e-02 0.000000e+00
3.512000e+00 1.413717e+00 1.311509e+00 1.044134e+00 -3.254376e-02 0.000000e+00
3.512000e+00 1.570796e+00 1.311509e+00 1.044134e+00 -3.254376e-02 0.000000e+00
3.560000e+00 0.000000e+00 1.307015e+00 1.039139e+00 -3.178043e-02 0.000000e+00
3.560000e+00 1.570796e-01 1.307015e+00 1.039139e+00 -3.178043e-02 0.000000e+00
3.560000e+00 3.141593e-01 1.307015e+00 1.039139e+00 -3.178043e-02 0.000000e+00
3.560000e+00 4.712389e-01 1.307015e+00 1.039139e+00 -3.178043e-02 0.000000e+00
3.560000e+00 6.283185e-01 1.307015e+00 1.039139e+00 -3.178043e-02 0.000000e+00
3.560000e+00 7.853982e-01 1.307015e+00 1.039139e+00 -3.178043e-02 0.000000e+00
3.560000e+00 9.424778e-01 1.307015e+00 1.039139e+00 -3.178043e-02 0.000000e+00
3.560000e+00 1.099557e+00 1.307015e+00 1.039139e+00 -3.178043e-02 0.000000e+00
3.560000e+00 1.256637e+00 1.307015e+00 1.039139e+00 -3.178043e-02 0.000000e+00
3.560000e+00 1.413717e+00 1.307015e+00 1.039139e+00 -3.178043e-02 0.000000e+00
3.560000e+00 1.570796e+00 1.307015e+00 1.039139e+00 -3.178043e-02 0.000000e+00
3.608000e+00 0.000000e+00 1.302650e+00 1.034292e+00 -3.104361e-02 0.000000e+00
3.608000e+00 1.570796e-01 1.302650e+00 1.034292e+00 -3.104361e-02 0.000000e+00
3.608000e+00 3.141593e-01 1.302650e+00 1.034292e+00 -3.104361e-02 0.000000e+00
3.608000e+00 4.712389e-01 1.302650e+00 1.034292e+00 -3.104361e-02 0.000000e+00
3.608000e+00 6.283185e-01 1.302650e+00 1.034292e+00 -3.104361e-02 0.000000e+00
3.608000e+00 7.853982e-01 1.302650e+00 1.034292e+00 -3.104361e-02 0.000000e+00
3.608000e+00 9.424778e-01 1.302650e+00 1.034292e+00 -3.104361e-02 0.000000e+00
3.608000e+00 1.099557e+00 1.302650e+00 1.034292e+00 -3.104361e-02 0.000000e+00
3.608000e+00 1.256637e+00 1.302650e+00 1.034292e+00 -3.104361e-02 0.000000e+00
3.608000e+00 1.413717e+00 1.302650e+00 1.034292e+00 -3.104361e-02 0.000000e+00
3.608000e+00 1.570796e+00 1.302650e+00 1.034292e+00 -3.104361e-02 0.000000e+00
3.656000e+00 0.000000e+00 1.298406e+00 1.029588e+00 -3.033208e-02 0.000000e+00
3.656000e+00 1.570796e-01 1.298406e+00 1.029588e+00 -3.033208e-02 0.000000e+00
3.656000e+00 3.141593e-01 1.298406e+00 1.029588e+00 -3.033208e-02 0.000000e+00
3.656000e+00 4.712389e-01 1.298406e+00 1.029588e+00 -3.033208e-02 0.000000e+00
3.656000e+00 6.283185e-01 1.298406e+00 1.029588e+00 -3.033208e-02 0.000000e+00
3.656000e+00 7.853982e-01 1.298406e+00 1.029588e+00 -3.033208e-02 0.000000e+00
3.656000e+00 9.424778e-01 1.298406e+00 1.029588e+00 -3.033208e-02 0.000000e+00
3.656000e+00 1.099557e+00 1.298406e+00 1.029588e+00 -3.033208e-02 0.000000e+00
3.656000e+00 1.256637e+00 1.298406e+00 1.029588e+00 -3.033208e-02 0.000000e+00
3.656000e+00 1.413717e+00 1.298406e+00 1.029588e+00 -3.033208e-02 0.000000e+00
3.656000e+00 1.570796e+00 1.298406e+00 1.029588e+00 -3.033208e-02 0.000000e+00
3.704000e+00 0.000000e+00 1.294277e+00 1.025019e+00 -2.964474e-02 0.000000e+00
3.704000e+00 1.570796e-01 1.294277e+00 1.025019e+00 -2.964474e-02 0.000000e+00
3.704000e+00 3.141593e-01 1.294277e+00 1.025019e+00 -2.964474e-02 0.000000e+00
3.704000e+00 4.712389e-01 1.294277e+00 1.025019e+00 -2.964474e-02 0.000000e+00
3.704000e+00 6.283185e-01 1.294277e+00 1.025019e+00 -2.964474e-02 0.000000e+00
3.704000e+00 7.853982e-01 1.294277e+00 1.025019e+00 -2.964474e-02 0.000000e+00
3.704000e+00 9.424778e-01 1.294277e+00 1.025019e+00 -2.964474e-02 0.000000e+00
3.704000e+00 1.099557e+00 1.294277e+00 1.025019e+00 -2.964474e-02 0.000000e+00
3.704000e+00 1.256637e+00 1.294277e+00 1.025019e+00 -2.964474e-02 0.000000e+00
3.704000e+00 1.413717e+00 1.294277e+00 1.025019e+00 -2.964474e-02 0.000000e+00
3.704000e+00 1.570796e+00 1.294277e+00 1.025019e+00 -2.964474e-02 0.000000e+00
3.752000e+00 0.000000e+00 1.290260e+00 1.020580e+00 -2.898052e-02 0.000000e+00
3.752000e+00 1.570796e-01 1.290260e+00 1.020580e+00 -2.898052e-02 0.000000e+00
3.752000e+00 3.141593e-01 1.290260e+00 1.020580e+00 -2.898052e-02 0.000000e+00
3.752000e+00 4.712389e-01 1.290260e+00 1.020580e+00 -2.898052e-02 0.000000e+00
3.752000e+00 6.283185e-01 1.290260e+00 1.020580e+00 -2.898052e-02 0.000000e+00
3.752000e+00 7.853982e-01 1.290260e+00 1.020580e+00 -2.898052e-02 0.000000e+00
3.752000e+00 9.424778e-01 1.290260e+00 1.020580e+00 -2.898052e-02 0.000000e+00
3.752000e+00 1.099557e+00 1.290260e+00 1.020580e+00 -2.898052e-02 0.000000e+00
3.752000e+00 1.256637e+00 1.290260e+00 1.020580e+00 -2.898052e-02 0.000000e+00
3.752000e+00 1.413717e+00 1.290260e+00 1.020580e+00 -2.898052e-02 0.000000e+00
3.752000e+00 1.570796e+00 1.290260e+00 1.020580e+00 -2.898052e-02 0.000000e+00
3.800000e+00 0.000000e+00 1.286354e+00 1.016266e+00 -2.833835e-02 0.000000e+00
3.800000e+00 1.570796e-01 1.286354e+00 1.016266e+00 -2.833835e-02 0.000000e+00
3.800000e+00 3.141593e-01 1.286354e+00 1.016266e+00 -2.833835e-02 0.000000e+00
3.800000e+00 4.712389e-01 1.286354e+00 1.016266e+00 -2.833835e-02 0.000000e+00
3.800000e+00 6.283185e-01 1.286354e+00 1.016266e+00 -2.833835e-02 0.000000e+00
3.800000e+00 7.853982e-01 1.286354e+00 1.016266e+00 -2.833835e-02 0.000000e+00
3.800000e+00 9.424778e-01 1.286354e+00 1.016266e+00 -2.833835e-02 0.000000e+00
3.800000e+00 1.099557e+00 1.286354e+00 1.016266e+00 -2.833835e-02 0.000000e+00
3.800000e+00 1.256637e+00 1.286354e+00 1.016266e+00 -2.833835e-02 0.000000e+00
3.800000e+00 1.413717e+00 1.286354e+00 1.016266e+00 -2.833835e-02 0.000000e+00
3.800000e+00 1.570796e+00 1.286354e+00 1.016266e+00 -2.833835e-02 0.000000e+00
3.848000e+00 0.000000e+00 1.282548e+00 1.012072e+00 -2.771725e-02 0.000000e+00
3.848000e+00 1.570796e-01 1.282548e+00 1.012072e+00 -2.771725e-02 0.000000e+00
3.848000e+00 3.141593e-01 1.282548e+00 1.012072e+00 -2.771725e-02 0.000000e+00
3.848000e+00 4.712389e-01 1.282548e+00 1.012072e+00 -2.771725e-02 0.000000e+00
3.848000e+00 6.283185e-01 1.282548e+00 1.012072e+00 -2.771725e-02 0.000000e+00
3.848000e+00 7.853982e-01 1.282548e+00 1.012072e+00 -2.771725e-02 0.000000e+00
3.848000e+00 9.424778e-01 1.282548e+00 1.012072e+00 -2.771725e-02 0.000000e+00
3.848000e+00 1.099557e+00 1.282548e+00 1.012072e+00 -2.771725e-02 0.000000e+00
3.848000e+00 1.256637e+00 1.282548e+00 1.012072e+00 -2.771725e-02 0.000000e+00
3.848000e+00 1.413717e+00 1.282548e+00 1.012072e+00 -2.771725e-02 0.000000e+00
3.848000e+00 1.570796e+00 1.282548e+00 1.012072e+00 -2.771725e-02 0.000000e+00
3.896000e+00 0.000000e+00 1.278844e+00 1.007992e+00 -2.711646e-02 0.000000e+00
3.896000e+00 1.570796e-01 1.278844e+00 1.007992e+00 -2.711646e-02 0.000000e+00
3.896000e+00 3.141593e-01 1.278844e+00 1.007992e+00 -2.711646e-02 0.000000e+00
3.896000e+00 4.712389e-01 1.278844e+00 1.007992e+00 -2.711646e-02 0.000000e+00
3.896000e+00 6.283185e-01 1.278844e+00 1.007992e+00 -2.711646e-02 0.000000e+00
3.896000e+00 7.853982e-01 1.278844e+00 1.007992e+00 -2.711646e-02 0.000000e+00
3.896000e+00 9.424778e-01 1.278844e+00 1.007992e+00 -2.711646e-02 0.000000e+00
3.896000e+00 1.099557e+00 1.278844e+00 1.007992e+00 -2.711646e-02 0.000000e+00
3.896000e+00 1.256637e+00 1.278844e+00 1.007992e+00 -2.711646e-02 0.000000e+00
3.896000e+00 1.413717e+00 1.278844e+00 1.007992e+00 -2.711646e-02 0.000000e+00
3.896000e+00 1.570796e+00 1.278844e+00 1.007992e+00 -2.711646e-02 0.000000e+00
3.944000e+00 0.000000e+00 1.275245e+00 1.004023e+00 -2.653497e-02 0.000000e+00
3.944000e+00 1.570796e-01 1.275245e+00 1.004023e+00 -2.653497e-02 0.000000e+00
3.944000e+00 3.141593e-01 1.275245e+00 1.004023e+00 -2.653497e-02 0.000000e+00
3.944000e+00 4.712389e-01 1.275245e+00 1.004023e+00 -2.653497e-02 0.000000e+00
3.944000e+00 6.283185e-01 1.275245e+00 1.004023e+00 -2.653497e-02 0.000000e+00
3.944000e+00 7.853982e-01 1.275245e+00 1.004023e+00 -2.653497e-02 0.000000e+00
3.944000e+00 9.424778e-01 1.275245e+00 1.004023e+00 -2.653497e-02 0.000000e+00
3.944000e+00 1.099557e+00 1.275245e+00 1.004023e+00 -2.653497e-02 0.000000e+00
3.944000e+00 1.256637e+00 1.275245e+00 1.004023e+00 -2.653497e-02 0.000000e+00
3.944000e+00 1.413717e+00 1.275245e+00 1.004023e+00 -2.653497e-02 0.000000e+00
3.944000e+00 1.570796e+00 1.275245e+00 1.004023e+00 -2.653497e-02 0.000000e+00
3.992000e+00 0.000000e+00 1.271734e+00 1.000159e+00 -2.597192e-02 0.000000e+00
3.992000e+00 1.570796e-01 1.271734e+00 1.000159e+00 -2.597192e-02 0.000000e+00
3.992000e+00 3.141593e-01 1.271734e+00 1.000159e+00 -2.597192e-02 0.000000e+00
3.992000e+00 4.712389e-01 1.271734e+00 1.000159e+00 -2.597192e-02 0.000000e+00
3.992000e+00 6.283185e-01 1.271734e+00 1.000159e+00 -2.597192e-02 0.000000e+00
3.992000e+00 7.853982e-01 1.271734e+00 1.000159e+00 -2.597192e-02 0.000000e+00
3.992000e+00 9.424778e-01 1.271734e+00 1.000159e+00 -2.597192e-02 0.000000e+00
3.992000e+00 1.099557e+00 1.271734e+00 1.000159e+00 -2.597192e-02 0.000000e+00
3.992000e+00 1.256637e+00 1.271734e+00 1.000159e+00 -2.597192e-02 0.000000e+00
3.992000e+00 1.413717e+00 1.271734e+00 1.000159e+00 -2.597192e-02 0.000000e+00
3.992000e+00 1.570796e+00 1.271734e+00 1.000159e+00 -2.597192e-02 0.000000e+00
4.040000e+00 0.000000e+00 1.268300e+00 9.963962e-01 -2.542653e-02 0.000000e+00
4.040000e+00 1.570796e-01 1.268300e+00 9.963962e-01 -2.542653e-02 0.000000e+00
4.040000e+00 3.141593e-01 1.268300e+00 9.963962e-01 -2.542653e-02 0.000000e+00
4.040000e+00 4.712389e-01 1.268300e+00 9.963962e-01 -2.542653e-02 0.000000e+00
4.040000e+00 6.283185e-01 1.268300e+00 9.963962e-01 -2.542653e-02 0.000000e+00
4.040000e+00 7.853982e-01 1.268300e+00 9.963962e-01 -2.542653e-02 0.000000e+00
4.040000e+00 9.424778e-01 1.268300e+00 9.963962e-01 -2.542653e-02 0.000000e+00
4.040000e+00 1.099557e+00 1.268300e+00 9.963962e-01 -2.542653e-02 0.000000e+00
4.040000e+00 1.256637e+00 1.268300e+00 9.963962e-01 -2.542653e-02 0.000000e+00
4.040000e+00 1.413717e+00 1.268300e+00 9.963962e-01 -2.542653e-02 0.000000e+00
4.040000e+00 1.570796e+00 1.268300e+00 9.963962e-01 -2.542653e-02 0.000000e+00
4.088000e+00 0.000000e+00 1.264966e+00 9.927314e-01 -2.489822e-02 0.000000e+00
4.088000e+00 1.570796e-01 1.264966e+00 9.927314e-01 -2.489822e-02 0.000000e+00
4.088000e+00 3.141593e-01 1.264966e+00 9.927314e-01 -2.489822e-02 0.000000e+00
4.088000e+00 4.712389e-01 1.264966e+00 9.927314e-01 -2.489822e-02 0.000000e+00
4.088000e+00 6.283185e-01 1.264966e+00 9.927314e-01 -2.489822e-02 0.000000e+00
4.088000e+00 7.853982e-01 1.264966e+00 9.927314e-01 -2.489822e-02 0.000000e+00
4.088000e+00 9.424778e-01 1.264966e+00 9.927314e-01 -2.489822e-02 0.000000e+00
4.088000e+00 1.099557e+00 1.264966e+00 9.927314e-01 -2.489822e-02 0.000000e+00
4.088000e+00 1.256637e+00 1.264966e+00 9.927314e-01 -2.489822e-02 0.000000e+00
4.088000e+00 1.413717e+00 1.264966e+00 9.927314e-01 -2.489822e-02 0.000000e+00
4.088000e+00 1.570796e+00 1.264966e+00 9.927314e-01 -2.489822e-02 0.000000e+00
4.136000e+00 0.000000e+00 1.261724e+00 9.891606e-01 -2.438641e-02 0.000000e+00
4.136000e+00 1.570796e-01 1.261724e+00 9.891606e-01 -2.438641e-02 0.000000e+00
4.136000e+00 3.141593e-01 1.261724e+00 9.891606e-01 -2.438641e-02 0.000000e+00
4.136000e+00 4.712389e-01 1.261724e+00 9.891606e-01 -2.438641e-02 0.000000e+00
4.136000e+00 6.283185e-01 1.261724e+00 9.891606e-01 -2.438641e-02 0.000000e+00
4.136000e+00 7.853982e-01 1.261724e+00 9.891606e-01 -2.438641e-02 0.000000e+00
4.136000e+00 9.424778e-01 1.261724e+00 9.891606e-01 -2.438641e-02 0.000000e+00
4.136000e+00 1.099557e+00 1.261724e+00 9.891606e-01 -2.438641e-02 0.000000e+00
4.136000e+00 1.256637e+00 1.261724e+00 9.891606e-01 -2.438641e-02 0.000000e+00
4.136000e+00 1.413717e+00 1.261724e+00 9.891606e-01 -2.438641e-02 0.000000e+00
4.136000e+00 1.570796e+00 1.261724e+00 9.891606e-01 -2.438641e-02 0.000000e+00
4.184000e+00 0.000000e+00 1.258556e+00 9.856801e-01 -2.389035e-02 0.000000e+00
4.184000e+00 1.570796e-01 1.258556e+00 9.856801e-01 -2.389035e-02 0.000000e+00
4.184000e+00 3.141593e-01 1.258556e+00 9.856801e-01 -2.389035e-02 0.000000e+00
4.184000e+00 4.712389e-01 1.258556e+00 9.856801e-01 -2.389035e-02 0.000000e+00
4.184000e+00 6.283185e-01 1.258556e+00 9.856801e-01 -2.389035e-02 0.000000e+00
4.184000e+00 7.853982e-01 1.258556e+00 9.856801e-01 -2.389035e-02 0.000000e+00
4.184000e+00 9.424778e-01 1.258556e+00 9.856801e-01 -2.389035e-02 0.000000e+00
4.184000e+00 1.099557e+00 1.258556e+00 9.856801e-01 -2.389035e-02 0.000000e+00
4.184000e+00 1.256637e+00 1.258556e+00 9.856801e-01 -2.389035e-02 0.000000e+00
4.184000e+00 1.413717e+00 1.258556e+00 9.856801e-01 -2.389035e-02 0.000000e+00
4.184000e+00 1.570796e+00 1.258556e+00 9.856801e-01 -2.389035e-02 0.000000e+00
4.232000e+00 0.000000e+00 1.255466e+00 9.822865e-01 -2.340942e-02 0.000000e+00
4.232000e+00 1.570796e-01 1.255466e+00 9.822865e-01 -2.340942e-02 0.000000e+00
4.232000e+00 3.141593e-01 1.255466e+00 9.822865e-01 -2.340942e-02 0.000000e+00
4.232000e+00 4.712389e-01 1.255466e+00 9.822865e-01 -2.340942e-02 0.000000e+00
4.232000e+00 6.283185e-01 1.255466e+00 9.822865e-01 -2.340942e-02 0.000000e+00
4.232000e+00 7.853982e-01 1.255466e+00 9.822865e-01 -2.340942e-02 0.000000e+00
4.232000e+00 9.424778e-01 1.255466e+00 9.822865e-01 -2.340942e-02 0.000000e+00
4.232000e+00 1.099557e+00 1.255466e+00 9.822865e-01 -2.340942e-02 0.000000e+00
4.232000e+00 1.256637e+00 1.255466e+00 9.822865e-01 -2.340942e-02 0.000000e+00
4.232000e+00 1.413717e+00 1.255466e+00 9.822865e-01 -2.340942e-02 0.000000e+00
4.232000e+00 1.570796e+00 1.255466e+00 9.822865e-01 -2.340942e-02 0.000000e+00
4.280000e+00 0.000000e+00 1.252450e+00 9.789768e-01 -2.294290e-02 0.000000e+00
4.280000e+00 1.570796e-01 1.252450e+00 9.789768e-01 -2.294290e-02 0.000000e+00
4.280000e+00 3.141593e-01 1.252450e+00 9.789768e-01 -2.294290e-02 0.000000e+00
4.280000e+00 4.712389e-01 1.252450e+00 9.789768e-01 -2.294290e-02 0.000000e+00
4.280000e+00 6.283185e-01 1.252450e+00 9.789768e-01 -2.294290e-02 0.000000e+00
4.280000e+00 7.853982e-01 1.252450e+00 9.789768e-01 -2.294290e-02 0.000000e+00
4.280000e+00 9.424778e-01 1.252450e+00 9.789768e-01 -2.294290e-02 0.000000e+00
4.280000e+00 1.099557e+00 1.252450e+00 9.789768e-01 -2.294290e-02 0.000000e+00
4.280000e+00 1.256637e+00 1.252450e+00 9.789768e-01 -2.294290e-02 0.000000e+00
4.280000e+00 1.413717e+00 1.252450e+00 9.789768e-01 -2.294290e-02 0.000000e+00
4.280000e+00 1.570796e+00 1.252450e+00 9.789768e-01 -2.294290e-02 0.000000e+00
4.328000e+00 0.000000e+00 1.249505e+00 9.757479e-01 -2.249012e-02 0.000000e+00
4.328000e+00 1.570796e-01 1.249505e+00 9.757479e-01 -2.249012e-02 0.000000e+00
4.328000e+00 3.141593e-01 1.249505e+00 9.757479e-01 -2.249012e-02 0.000000e+00
4.328000e+00 4.712389e-01 1.249505e+00 9.757479e-01 -2.249012e-02 0.000000e+00
4.328000e+00 6.283185e-01 1.249505e+00 9.757479e-01 -2.249012e-02 0.000000e+00
4.328000e+00 7.853982e-01 1.249505e+00 9.757479e-01 -2.249012e-02 0.000000e+00
4.328000e+00 9.424778e-01 1.249505e+00 9.757479e-01 -2.249012e-02 0.000000e+00
4.328000e+00 1.099557e+00 1.249505e+00 9.757479e-01 -2.249012e-02 0.000000e+00
4.328000e+00 1.256637e+00 1.249505e+00 9.757479e-01 -2.249012e-02 0.000000e+00
4.328000e+00 1.413717e+00 1.249505e+00 9.757479e-01 -2.249012e-02 0.000000e+00
4.328000e+00 1.570796e+00 1.249505e+00 9.757479e-01 -2.249012e-02 0.000000e+00
4.376000e+00 0.000000e+00 1.246629e+00 9.725967e-01 -2.205056e-02 0.000000e+00
4.376000e+00 1.570796e-01 1.246629e+00 9.725967e-01 -2.205056e-02 0.000000e+00
4.376000e+00 3.141593e-01 1.246629e+00 9.725967e-01 -2.205056e-02 0.000000e+00
4.376000e+00 4.712389e-01 1.246629e+00 9.725967e-01 -2.205056e-02 0.000000e+00
4.376000e+00 6.283185e-01 1.246629e+00 9.725967e-01 -2.205056e-02 0.000000e+00
4.376000e+00 7.853982e-01 1.246629e+00 9.725967e-01 -2.205056e-02 0.000000e+00
4.376000e+00 9.424778e-01 1.246629e+00 9.725967e-01 -2.205056e-02 0.000000e+00
4.376000e+00 1.099557e+00 1.246629e+00 9.725967e-01 -2.205056e-02 0.000000e+00
4.376000e+00 1.256637e+00 1.246629e+00 9.725967e-01 -2.205056e-02 0.000000e+00
4.376000e+00 1.413717e+00 1.246629e+00 9.725967e-01 -2.205056e-02 0.000000e+00
4.376000e+00 1.570796e+00 1.246629e+00 9.725967e-01 -2.205056e-02 0.000000e+00
4.424000e+00 0.000000e+00 1.243818e+00 9.695207e-01 -2.162378e-02 0.000000e+00
4.424000e+00 1.570796e-01 1.243818e+00 9.695207e-01 -2.162378e-02 0.000000e+00
4.424000e+00 3.141593e-01 1.243818e+00 9.695207e-01 -2.162378e-02 0.000000e+00
4.424000e+00 4.712389e-01 1.243818e+00 9.695207e-01 -2.162378e-02 0.000000e+00
4.424000e+00 6.283185e-01 1.243818e+00 9.695207e-01 -2.162378e-02 0.000000e+00
4.424000e+00 7.853982e-01 1.243818e+00 9.695207e-01 -2.162378e-02 0.000000e+00
4.424000e+00 9.424778e-01 1.243818e+00 9.695207e-01 -2.162378e-02 0.000000e+00
4.424000e+00 1.099557e+00 1.243818e+00 9.695207e-01 -2.162378e-02 0.000000e+00
4.424000e+00 1.256637e+00 1.243818e+00 9.695207e-01 -2.162378e-02 0.000000e+00
4.424000e+00 1.413717e+00 1.243818e+00 9.695207e-01 -2.162378e-02 0.000000e+00
4.424000e+00 1.570796e+00 1.243818e+00 9.695207e-01 -2.162378e-02 0.000000e+00
4.472000e+00 0.000000e+00 1.241072e+00 9.665171e-01 -2.120933e-02 0.000000e+00
4.472000e+00 1.570796e-01 1.241072e+00 9.665171e-01 -2.120933e-02 0.000000e+00
4.472000e+00 3.141593e-01 1.241072e+00 9.665171e-01 -2.120933e-02 0.000000e+00
4.472000e+00 4.712389e-01 1.241072e+00 9.665171e-01 -2.120933e-02 0.000000e+00
4.472000e+00 6.283185e-01 1.241072e+00 9.665171e-01 -2.120933e-02 0.000000e+00
4.472000e+00 7.853982e-01 1.241072e+00 9.665171e-01 -2.120933e-02 0.000000e+00
4.472000e+00 9.424778e-01 1.241072e+00 9.665171e-01 -2.120933e-02 0.000000e+00
4.472000e+00 1.099557e+00 1.241072e+00 9.665171e-01 -2.120933e-02 0.000000e+00
4.472000e+00 1.256637e+00 1.241072e+00 9.665171e-01 -2.120933e-02 0.000000e+00
4.472000e+00 1.413717e+00 1.241072e+00 9.665171e-01 -2.120933e-02 0.000000e+00
4.472000e+00 1.570796e+00 1.241072e+00 9.665171e-01 -2.120933e-02 0.000000e+00
4.520000e+00 0.000000e+00 1.238387e+00 9.635834e-01 -2.080679e-02 0.000000e+00
4.520000e+00 1.570796e-01 1.238387e+00 9.635834e-01 -2.080679e-02 0.000000e+00
4.520000e+00 3.141593e-01 1.238387e+00 9.635834e-01 -2.080679e-02 0.000000e+00
4.520000e+00 4.712389e-01 1.238387e+00 9.635834e-01 -2.080679e-02 0.000000e+00
4.520000e+00 6.283185e-01 1.238387e+00 9.635834e-01 -2.080679e-02 0.000000e+00
4.520000e+00 7.853982e-01 1.238387e+00 9.635834e-01 -2.080679e-02 0.000000e+00
4.520000e+00 9.424778e-01 1.238387e+00 9.635834e-01 -2.080679e-02 0.000000e+00
4.520000e+00 1.099557e+00 1.238387e+00 9.635834e-01 -2.080679e-02 0.000000e+00
4.520000e+00 1.256637e+00 1.238387e+00 9.635834e-01 -2.080679e-02 0.000000e+00
4.520000e+00 1.413717e+00 1.238387e+00 9.635834e-01 -2.080679e-02 0.000000e+00
4.520000e+00 1.570796e+00 1.238387e+00 9.635834e-01 -2.080679e-02 0.000000e+00
4.568000e+00 0.000000e+00 1.235762e+00 9.607174e-01 -2.041554e-02 0.000000e+00
4.568000e+00 1.570796e-01 1.235762e+00 9.607174e-01 -2.041554e-02 0.000000e+00
4.568000e+00 3.141593e-01 1.235762e+00 9.607174e-01 -2.041554e-02 0.000000e+00
4.568000e+00 4.712389e-01 1.235762e+00 9.607174e-01 -2.041554e-02 0.000000e+00
4.568000e+00 6.283185e-01 1.235762e+00 9.607174e-01 -2.041554e-02 0.000000e+00
4.568000e+00 7.853982e-01 1.235762e+00 9.607174e-01 -2.041554e-02 0.000000e+00
4.568000e+00 9.424778e-01 1.235762e+00 9.607174e-01 -2.041554e-02 0.000000e+00
4.568000e+00 1.099557e+00 1.235762e+00 9.607174e-01 -2.041554e-02 0.000000e+00
4.568000e+00 1.256637e+00 1.235762e+00 9.607174e-01 -2.041554e-02 0.000000e+00
4.568000e+00 1.413717e+00 1.235762e+00 9.607174e-01 -2.041554e-02 0.000000e+00
4.568000e+00 1.570796e+00 1.235762e+00 9.607174e-01 -2.041554e-02 0.000000e+00
4.616000e+00 0.000000e+00 1.233195e+00 9.579164e-01 -2.003526e-02 0.000000e+00
4.616000e+00 1.570796e-01 1.233195e+00 9.579164e-01 -2.003526e-02 0.000000e+00
4.616000e+00 3.141593e-01 1.233195e+00 9.579164e-01 -2.003526e-02 0.000000e+00
4.616000e+00 4.712389e-01 1.233195e+00 9.579164e-01 -2.003526e-02 0.000000e+00
4.616000e+00 6.283185e-01 1.233195e+00 9.579164e-01 -2.003526e-02 0.000000e+00
4.616000e+00 7.853982e-01 1.233195e+00 9.579164e-01 -2.003526e-02 0.000000e+00
4.616000e+00 9.424778e-01 1.233195e+00 9.579164e-01 -2.003526e-02 0.000000e+00
4.616000e+00 1.099557e+00 1.233195e+00 9.579164e-01 -2.003526e-02 0.000000e+00
4.616000e+00 1.256637e+00 1.233195e+00 9.579164e-01 -2.003526e-02 0.000000e+00
4.616000e+00 1.413717e+00 1.233195e+00 9.579164e-01 -2.003526e-02 0.000000e+00
4.616000e+00 1.570796e+00 1.233195e+00 9.579164e-01 -2.003526e-02 0.000000e+00
4.664000e+00 0.000000e+00 1.230684e+00 9.551787e-01 -1.966550e-02 0.000000e+00
4.664000e+00 1.570796e-01 1.230684e+00 9.551787e-01 -1.966550e-02 0.000000e+00
4.664000e+00 3.141593e-01 1.230684e+00 9.551787e-01 -1.966550e-02 0.000000e+00
4.664000e+00 4.712389e-01 1.230684e+00 9.551787e-01 -1.966550e-02 0.000000e+00
4.664000e+00 6.283185e-01 1.230684e+00 9.551787e-01 -1.966550e-02 0.000000e+00
4.664000e+00 7.853982e-01 1.230684e+00 9.551787e-01 -1.966550e-02 0.000000e+00
4.664000e+00 9.424778e-01 1.230684e+00 9.551787e-01 -1.966550e-02 0.000000e+00
4.664000e+00 1.099557e+00 1.230684e+00 9.551787e-01 -1.966550e-02 0.000000e+00
4.664000e+00 1.256637e+00 1.230684e+00 9.551787e-01 -1.966550e-02 0.000000e+00
4.664000e+00 1.413717e+00 1.230684e+00 9.551787e-01 -1.966550e-02 0.000000e+00
4.664000e+00 1.570796e+00 1.230684e+00 9.551787e-01 -1.966550e-02 0.000000e+00
4.712000e+00 0.000000e+00 1.228226e+00 9.525014e-01 -1.930609e-02 0.000000e+00
4.712000e+00 1.570796e-01 1.228226e+00 9.525014e-01 -1.930609e-02 0.000000e+00
4.712000e+00 3.141593e-01 1.228226e+00 9.525014e-01 -1.930609e-02 0.000000e+00
4.712000e+00 4.712389e-01 1.228226e+00 9.525014e-01 -1.930609e-02 0.000000e+00
4.712000e+00 6.283185e-01 1.228226e+00 9.525014e-01 -1.930609e-02 0.000000e+00
4.712000e+00 7.853982e-01 1.228226e+00 9.525014e-01 -1.930609e-02 0.000000e+00
4.712000e+00 9.424778e-01 1.228226e+00 9.525014e-01 -1.930609e-02 0.000000e+00
4.712000e+00 1.099557e+00 1.228226e+00 9.525014e-01 -1.930609e-02 0.000000e+00
4.712000e+00 1.256637e+00 1.228226e+00 9.525014e-01 -1.930609e-02 0.000000e+00
4.712000e+00 1.413717e+00 1.228226e+00 9.525014e-01 -1.930609e-02 0.000000e+00
4.712000e+00 1.570796e+00 1.228226e+00 9.525014e-01 -1.930609e-02 0.000000e+00
4.760000e+00 0.000000e+00 1.225822e+00 9.498845e-01 -1.895489e-02 0.000000e+00
4.760000e+00 1.570796e-01 1.225822e+00 9.498845e-01 -1.895489e-02 0.000000e+00
4.760000e+00 3.141593e-01 1.225822e+00 9.498845e-01 -1.895489e-02 0.000000e+00
4.760000e+00 4.712389e-01 1.225822e+00 9.498845e-01 -1.895489e-02 0.000000e+00
4.760000e+00 6.283185e-01 1.225822e+00 9.498845e-01 -1.895489e-02 0.000000e+00
4.760000e+00 7.853982e-01 1.225822e+00 9.498845e-01 -1.895489e-02 0.000000e+00
4.760000e+00 9.424778e-01 1.225822e+00 9.498845e-01 -1.895489e-02 0.000000e+00
4.760000e+00 1.099557e+00 1.225822e+00 9.498845e-01 -1.895489e-02 0.000000e+00
4.760000e+00 1.256637e+00 1.225822e+00 9.498845e-01 -1.895489e-02 0.000000e+00
4.760000e+00 1.413717e+00 1.225822e+00 9.498845e-01 -1.895489e-02 0.000000e+00
4.760000e+00 1.570796e+00 1.225822e+00 9.498845e-01 -1.895489e-02 0.000000e+00
4.808000e+00 0.000000e+00 1.223460e+00 9.473159e-01 -1.861784e-02 0.000000e+00
4.808000e+00 1.570796e-01 1.223460e+00 9.473159e-01 -1.861784e-02 0.000000e+00
4.808000e+00 3.141593e-01 1.223460e+00 9.473159e-01 -1.861784e-02 0.000000e+00
4.808000e+00 4.712389e-01 1.223460e+00 9.473159e-01 -1.861784e-02 0.000000e+00
4.808000e+00 6.283185e-01 1.223460e+00 9.473159e-01 -1.861784e-02 0.000000e+00
4.808000e+00 7.853982e-01 1.223460e+00 9.473159e-01 -1.861784e-02 0.000000e+00
4.808000e+00 9.424778e-01 1.223460e+00 9.473159e-01 -1.861784e-02 0.000000e+00
4.808000e+00 1.099557e+00 1.223460e+00 9.473159e-01 -1.861784e-02 0.000000e+00
4.808000e+00 1.256637e+00 1.223460e+00 9.473159e-01 -1.861784e-02 0.000000e+00
4.808000e+00 1.413717e+00 1.223460e+00 9.473159e-01 -1.861784e-02 0.000000e+00
4.808000e+00 1.570796e+00 1.223460e+00 9.473159e-01 -1.861784e-02 0.000000e+00
4.856000e+00 0.000000e+00 1.221169e+00 9.448280e-01 -1.826055e-02 0.000000e+00
4.856000e+00 1.570796e-01 1.221169e+00 9.448280e-01 -1.826055e-02 0.000000e+00
4.856000e+00 3.141593e-01 1.221169e+00 9.448280e-01 -1.826055e-02 0.000000e+00
4.856000e+00 4.712389e-01 1.221169e+00 9.448280e-01 -1.826055e-02 0.000000e+00
4.856000e+00 6.283185e-01 1.221169e+00 9.448280e-01 -1.826055e-02 0.000000e+00
4.856000e+00 7.853982e-01 1.221169e+00 9.448280e-01 -1.826055e-02 0.000000e+00
4.856000e+00 9.424778e-01 1.221169e+00 9.448280e-01 -1.826055e-02 0.000000e+00
4.856000e+00 1.099557e+00 1.221169e+00 9.448280e-01 -1.826055e-02 0.000000e+00
4.856000e+00 1.256637e+00 1.221169e+00 9.448280e-01 -1.826055e-02 0.000000e+00
4.856000e+00 1.413717e+00 1.221169e+00 9.448280e-01 -1.826055e-02 0.000000e+00
4.856000e+00 1.570796e+00 1.221169e+00 9.448280e-01 -1.826055e-02 0.000000e+00
4.904000e+00 0.000000e+00 1.218775e+00 9.422343e-01 -1.799767e-02 0.000000e+00
4.904000e+00 1.570796e-01 1.218775e+00 9.422343e-01 -1.799767e-02 0.000000e+00
4.904000e+00 3.141593e-01 1.218775e+00 9.422343e-01 -1.799767e-02 0.000000e+00
4.904000e+00 4.712389e-01 1.218775e+00 9.422343e-01 -1.799767e-02 0.000000e+00
4.904000e+00 6.283185e-01 1.218775e+00 9.422343e-01 -1.799767e-02 0.000000e+00
4.904000e+00 7.853982e-01 1.218775e+00 9.422343e-01 -1.799767e-02 0.000000e+00
4.904000e+00 9.424778e-01 1.218775e+00 9.422343e-01 -1.799767e-02 0.000000e+00
4.904000e+00 1.099557e+00 1.218775e+00 9.422343e-01 -1.799767e-02 0.000000e+00
4.904000e+00 1.256637e+00 1.218775e+00 9.422343e-01 -1.799767e-02 0.000000e+00
4.904000e+00 1.413717e+00 1.218775e+00 9.422343e-01 -1.799767e-02 0.000000e+00
4.904000e+00 1.570796e+00 1.218775e+00 9.422343e-01 -1.799767e-02 0.000000e+00
4.952000e+00 0.000000e+00 1.216860e+00 9.401558e-01 -1.713034e-02 0.000000e+00
4.952000e+00 1.570796e-01 1.216860e+00 9.401558e-01 -1.713034e-02 0.000000e+00
4.952000e+00 3.141593e-01 1.216860e+00 9.401558e-01 -1.713034e-02 0.000000e+00
4.952000e+00 4.712389e-01 1.216860e+00 9.401558e-01 -1.713034e-02 0.000000e+00
4.952000e+00 6.283185e-01 1.216860e+00 9.401558e-01 -1.713034e-02 0.000000e+00
4.952000e+00 7.853982e-01 1.216860e+00 9.401558e-01 -1.713034e-02 0.000000e+00
4.952000e+00 9.424778e-01 1.216860e+00 9.401558e-01 -1.713034e-02 0.000000e+00
4.952000e+00 1.099557e+00 1.216860e+00 9.401558e-01 -1.713034e-02 0.000000e+00
4.952000e+00 1.256637e+00 1.216860e+00 9.401558e-01 -1.713034e-02 0.000000e+00
4.952000e+00 1.413717e+00 1.216860e+00 9.401558e-01 -1.713034e-02 0.000000e+00
4.952000e+00 1.570796e+00 1.216860e+00 9.401558e-01 -1.713034e-02 0.000000e+00
5.000000e+00 0.000000e+00 1.211919e+00 9.348350e-01 -2.062840e-02 0.000000e+00
5.000000e+00 1.570796e-01 1.211919e+00 9.348350e-01 -2.062840e-02 0.000000e+00
5.000000e+00 3.141593e-01 1.211919e+00 9.348350e-01 -2.062840e-02 0.000000e+00
5.000000e+00 4.712389e-01 1.211919e+00 9.348350e-01 -2.062840e-02 0.000000e+00
5.000000e+00 6.283185e-01 1.211919e+00 9.348350e-01 -2.062840e-02 0.000000e+00
5.000000e+00 7.853982e-01 1.211919e+00 9.348350e-01 -2.062840e-02 0.000000e+00
5.000000e+00 9.424778e-01 1.211919e+00 9.348350e-01 -2.062840e-02 0.000000e+00
5.000000e+00 1.099557e+00 1.211919e+00 9.348350e-01 -2.062840e-02 0.000000e+00
5.000000e+00 1.256637e+00 1.211919e+00 9.348350e-01 -2.062840e-02 0.000000e+00
5.000000e+00 1.413717e+00 1.211919e+00 9.348350e-01 -2.062840e-02 0.000000e+00
5.000000e+00 1.570796e+00 1.211919e+00 9.348350e-01 -2.062840e-02 0.000000e+00
