   0.000000E+00  5.329193E-21  8.071246E+01  3.339154E-04
   5.000000E-03  5.240991E-14  8.444949E+01  1.200000E-02
   1.000000E-02  1.185901E-12  8.444949E+01  2.400000E-02
   1.500000E-02  7.352906E-12  8.444949E+01  3.600000E-02
   2.000000E-02  2.683387E-11  8.444949E+01  4.800000E-02
   2.500000E-02  7.324507E-11  8.444949E+01  6.000000E-02
   3.000000E-02  1.663773E-10  8.444949E+01  7.200000E-02
   3.500000E-02  3.329313E-10  8.444949E+01  8.400000E-02
   4.000000E-02  6.071812E-10  8.444949E+01  9.600000E-02
   4.500000E-02  1.031584E-09  8.444949E+01  1.080000E-01
   5.000000E-02  1.657347E-09  8.444949E+01  1.200000E-01
   5.500000E-02  2.544957E-09  8.444949E+01  1.320000E-01
   6.000000E-02  3.764688E-09  8.444949E+01  1.440000E-01
   6.500000E-02  5.397075E-09  8.444949E+01  1.560000E-01
   7.000000E-02  7.533374E-09  8.444949E+01  1.680000E-01
   7.500000E-02  1.027600E-08  8.444949E+01  1.800000E-01
   8.000000E-02  1.373894E-08  8.444949E+01  1.920000E-01
   8.500000E-02  1.804819E-08  8.444949E+01  2.040000E-01
   9.000000E-02  2.334209E-08  8.444949E+01  2.160000E-01
   9.500000E-02  2.977177E-08  8.444949E+01  2.280000E-01
   1.000000E-01  3.750148E-08  8.444949E+01  2.400000E-01
   1.050000E-01  4.670896E-08  8.444949E+01  2.520000E-01
   1.100000E-01  5.758581E-08  8.444949E+01  2.640000E-01
   1.150000E-01  7.033778E-08  8.444949E+01  2.760000E-01
   1.200000E-01  8.518517E-08  8.444949E+01  2.880000E-01
   1.250000E-01  1.023631E-07  8.444949E+01  3.000000E-01
   1.300000E-01  1.221219E-07  8.444949E+01  3.120000E-01
   1.350000E-01  1.447273E-07  8.444949E+01  3.240000E-01
   1.400000E-01  1.704608E-07  8.444949E+01  3.360000E-01
   1.450000E-01  1.996202E-07  8.444949E+01  3.480000E-01
   1.500000E-01  2.325193E-07  8.444949E+01  3.600000E-01
   1.550000E-01  2.694890E-07  8.444949E+01  3.720000E-01
   1.600000E-01  3.108768E-07  8.444949E+01  3.840000E-01
   1.650000E-01  3.570476E-07  8.444949E+01  3.960000E-01
   1.700000E-01  4.083838E-07  8.444949E+01  4.080000E-01
   1.750000E-01  4.652856E-07  8.444949E+01  4.200000E-01
   1.800000E-01  5.281711E-07  8.444949E+01  4.320000E-01
   1.850000E-01  5.974769E-07  8.444949E+01  4.440000E-01
   1.900000E-01  6.736582E-07  8.444949E+01  4.560000E-01
   1.950000E-01  7.571887E-07  8.444949E+01  4.680000E-01
   2.000000E-01  8.485616E-07  8.444949E+01  4.800000E-01
   2.050000E-01  9.482891E-07  8.444949E+01  4.920000E-01
   2.100000E-01  1.056903E-06  8.444949E+01  5.040000E-01
   2.150000E-01  1.174956E-06  8.444949E+01  5.160000E-01
   2.200000E-01  1.303018E-06  8.444949E+01  5.280000E-01
   2.250000E-01  1.441683E-06  8.444949E+01  5.400000E-01
   2.300000E-01  1.591562E-06  8.444949E+01  5.520000E-01
   2.350000E-01  1.753290E-06  8.444949E+01  5.640000E-01
   2.400000E-01  1.927520E-06  8.444949E+01  5.760000E-01
   2.450000E-01  2.114929E-06  8.444949E+01  5.880000E-01
   2.500000E-01  2.316213E-06  8.444949E+01  6.000000E-01
   2.550000E-01  2.532090E-06  8.444949E+01  6.120000E-01
   2.600000E-01  2.763303E-06  8.444949E+01  6.240000E-01
   2.650000E-01  3.010612E-06  8.444949E+01  6.360000E-01
   2.700000E-01  3.274804E-06  8.444949E+01  6.480000E-01
   2.750000E-01  3.556686E-06  8.444949E+01  6.600000E-01
   2.800000E-01  3.857088E-06  8.444949E+01  6.720000E-01
   2.850000E-01  4.176863E-06  8.444949E+01  6.840000E-01
   2.900000E-01  4.516889E-06  8.444949E+01  6.960000E-01
   2.950000E-01  4.878064E-06  8.444949E+01  7.080000E-01
   3.000000E-01  5.261312E-06  8.444949E+01  7.200000E-01
   3.050000E-01  5.667580E-06  8.444949E+01  7.320000E-01
   3.100000E-01  6.097840E-06  8.444949E+01  7.440000E-01
   3.150000E-01  6.553086E-06  8.444949E+01  7.560000E-01
   3.200000E-01  7.034339E-06  8.444949E+01  7.680000E-01
   3.250000E-01  7.542642E-06  8.444949E+01  7.800000E-01
   3.300000E-01  8.079065E-06  8.444950E+01  7.920000E-01
   3.350000E-01  8.644702E-06  8.444950E+01  8.040000E-01
   3.400000E-01  9.240671E-06  8.444950E+01  8.160000E-01
   3.450000E-01  9.868118E-06  8.444950E+01  8.280000E-01
   3.500000E-01  1.052821E-05  8.444950E+01  8.400000E-01
   3.550000E-01  1.122215E-05  8.444950E+01  8.520000E-01
   3.600000E-01  1.195115E-05  8.444950E+01  8.640000E-01
   3.650000E-01  1.271646E-05  8.444950E+01  8.760000E-01
   3.700000E-01  1.351936E-05  8.444950E+01  8.880000E-01
   3.750000E-01  1.436115E-05  8.444950E+01  9.000000E-01
   3.800000E-01  1.524315E-05  8.444950E+01  9.120000E-01
   3.850000E-01  1.616671E-05  8.444950E+01  9.240000E-01
   3.900000E-01  1.713323E-05  8.444950E+01  9.360000E-01
   3.950000E-01  1.814410E-05  8.444950E+01  9.480000E-01
   4.000000E-01  1.920076E-05  8.444950E+01  9.600000E-01
   4.050000E-01  2.030467E-05  8.444950E+01  9.720000E-01
   4.100000E-01  2.145733E-05  8.444950E+01  9.840000E-01
   4.150000E-01  2.266026E-05  8.444950E+01  9.960000E-01
   4.200000E-01  2.391499E-05  8.444950E+01  1.008000E+00
   4.250000E-01  2.522311E-05  8.444951E+01  1.020000E+00
   4.300000E-01  2.658621E-05  8.444951E+01  1.032000E+00
   4.350000E-01  2.800594E-05  8.444951E+01  1.044000E+00
   4.400000E-01  2.948394E-05  8.444951E+01  1.056000E+00
   4.450000E-01  3.102191E-05  8.444951E+01  1.068000E+00
   4.500000E-01  3.262156E-05  8.444951E+01  1.080000E+00
   4.550000E-01  3.428465E-05  8.444951E+01  1.092000E+00
   4.600000E-01  3.601295E-05  8.444951E+01  1.104000E+00
   4.650000E-01  3.780827E-05  8.444952E+01  1.116000E+00
   4.700000E-01  3.967243E-05  8.444952E+01  1.128000E+00
   4.750000E-01  4.160732E-05  8.444952E+01  1.140000E+00
   4.800000E-01  4.361482E-05  8.444952E+01  1.152000E+00
   4.850000E-01  4.569686E-05  8.444952E+01  1.164000E+00
   4.900000E-01  4.785539E-05  8.444952E+01  1.176000E+00
   4.950000E-01  5.009241E-05  8.444953E+01  1.188000E+00
   5.000000E-01  5.240993E-05  8.444953E+01  1.200000E+00
   5.050000E-01  5.480999E-05  8.444953E+01  1.212000E+00
   5.100000E-01  5.729469E-05  8.444953E+01  1.224000E+00
   5.150000E-01  5.986612E-05  8.444954E+01  1.236000E+00
   5.200000E-01  6.252643E-05  8.444954E+01  1.248000E+00
   5.250000E-01  6.527779E-05  8.444954E+01  1.260000E+00
   5.300000E-01  6.812241E-05  8.444955E+01  1.272000E+00
   5.350000E-01  7.106253E-05  8.444955E+01  1.284000E+00
   5.400000E-01  7.410040E-05  8.444955E+01  1.296000E+00
   5.450000E-01  7.723834E-05  8.444956E+01  1.308000E+00
   5.500000E-01  8.047867E-05  8.444956E+01  1.320000E+00
   5.550000E-01  8.382376E-05  8.444957E+01  1.332000E+00
   5.600000E-01  8.727600E-05  8.444957E+01  1.344000E+00
   5.650000E-01  9.083783E-05  8.444957E+01  1.356000E+00
   5.700000E-01  9.451171E-05  8.444958E+01  1.368000E+00
   5.750000E-01  9.830013E-05  8.444958E+01  1.380000E+00
   5.800000E-01  1.022056E-04  8.444959E+01  1.392000E+00
   5.850000E-01  1.062307E-04  8.444959E+01  1.404000E+00
   5.900000E-01  1.103781E-04  8.444960E+01  1.416000E+00
   5.950000E-01  1.146503E-04  8.444961E+01  1.428001E+00
   6.000000E-01  1.190500E-04  8.444961E+01  1.440001E+00
   6.050000E-01  1.235800E-04  8.444962E+01  1.452001E+00
   6.100000E-01  1.282429E-04  8.444963E+01  1.464001E+00
   6.150000E-01  1.330415E-04  8.444963E+01  1.476001E+00
   6.200000E-01  1.379786E-04  8.444964E+01  1.488001E+00
   6.250000E-01  1.430570E-04  8.444965E+01  1.500001E+00
   6.300000E-01  1.482797E-04  8.444966E+01  1.512001E+00
   6.350000E-01  1.536494E-04  8.444967E+01  1.524001E+00
   6.400000E-01  1.591692E-04  8.444968E+01  1.536001E+00
   6.450000E-01  1.648420E-04  8.444969E+01  1.548001E+00
   6.500000E-01  1.706709E-04  8.444970E+01  1.560001E+00
   6.550000E-01  1.766588E-04  8.444971E+01  1.572001E+00
   6.600000E-01  1.828088E-04  8.444972E+01  1.584001E+00
   6.650000E-01  1.891241E-04  8.444973E+01  1.596001E+00
   6.700000E-01  1.956078E-04  8.444974E+01  1.608001E+00
   6.750000E-01  2.022630E-04  8.444975E+01  1.620001E+00
   6.800000E-01  2.090931E-04  8.444976E+01  1.632001E+00
   6.850000E-01  2.161012E-04  8.444978E+01  1.644001E+00
   6.900000E-01  2.232907E-04  8.444979E+01  1.656002E+00
   6.950000E-01  2.306648E-04  8.444981E+01  1.668002E+00
   7.000000E-01  2.382270E-04  8.444982E+01  1.680002E+00
   7.050000E-01  2.459807E-04  8.444984E+01  1.692002E+00
   7.100000E-01  2.539292E-04  8.444985E+01  1.704002E+00
   7.150000E-01  2.620760E-04  8.444987E+01  1.716002E+00
   7.200000E-01  2.704247E-04  8.444989E+01  1.728002E+00
   7.250000E-01  2.789788E-04  8.444990E+01  1.740002E+00
   7.300000E-01  2.877420E-04  8.444992E+01  1.752002E+00
   7.350000E-01  2.967177E-04  8.444994E+01  1.764003E+00
   7.400000E-01  3.059097E-04  8.444996E+01  1.776003E+00
   7.450000E-01  3.153217E-04  8.444998E+01  1.788003E+00
   7.500000E-01  3.249574E-04  8.445001E+01  1.800003E+00
   7.550000E-01  3.348205E-04  8.445003E+01  1.812003E+00
   7.600000E-01  3.449150E-04  8.445005E+01  1.824003E+00
   7.650000E-01  3.552446E-04  8.445008E+01  1.836003E+00
   7.700000E-01  3.658132E-04  8.445010E+01  1.848004E+00
   7.750000E-01  3.766248E-04  8.445013E+01  1.860004E+00
   7.800000E-01  3.876833E-04  8.445015E+01  1.872004E+00
   7.850000E-01  3.989927E-04  8.445018E+01  1.884004E+00
   7.900000E-01  4.105571E-04  8.445021E+01  1.896004E+00
   7.950000E-01  4.223805E-04  8.445024E+01  1.908005E+00
   8.000000E-01  4.344671E-04  8.445027E+01  1.920005E+00
   8.050000E-01  4.468210E-04  8.445031E+01  1.932005E+00
   8.100000E-01  4.594464E-04  8.445034E+01  1.944005E+00
   8.150000E-01  4.723475E-04  8.445037E+01  1.956006E+00
   8.200000E-01  4.855287E-04  8.445041E+01  1.968006E+00
   8.250000E-01  4.989942E-04  8.445045E+01  1.980006E+00
   8.300000E-01  5.127484E-04  8.445048E+01  1.992006E+00
   8.350000E-01  5.267957E-04  8.445052E+01  2.004007E+00
   8.400000E-01  5.411405E-04  8.445056E+01  2.016007E+00
   8.450000E-01  5.557873E-04  8.445061E+01  2.028007E+00
   8.500000E-01  5.707406E-04  8.445065E+01  2.040008E+00
   8.550000E-01  5.860051E-04  8.445069E+01  2.052008E+00
   8.600000E-01  6.015851E-04  8.445074E+01  2.064008E+00
   8.650000E-01  6.174855E-04  8.445079E+01  2.076009E+00
   8.700000E-01  6.337108E-04  8.445084E+01  2.088009E+00
   8.750000E-01  6.502659E-04  8.445089E+01  2.100009E+00
   8.800000E-01  6.671554E-04  8.445094E+01  2.112010E+00
   8.850000E-01  6.843841E-04  8.445100E+01  2.124010E+00
   8.900000E-01  7.019570E-04  8.445105E+01  2.136011E+00
   8.950000E-01  7.198788E-04  8.445111E+01  2.148011E+00
   9.000000E-01  7.381545E-04  8.445117E+01  2.160012E+00
   9.050000E-01  7.567891E-04  8.445123E+01  2.172012E+00
   9.100000E-01  7.757876E-04  8.445130E+01  2.184013E+00
   9.150000E-01  7.951550E-04  8.445136E+01  2.196013E+00
   9.200000E-01  8.148964E-04  8.445143E+01  2.208014E+00
   9.250000E-01  8.350169E-04  8.445150E+01  2.220014E+00
   9.300000E-01  8.555218E-04  8.445157E+01  2.232015E+00
   9.350000E-01  8.764162E-04  8.445164E+01  2.244016E+00
   9.400000E-01  8.977054E-04  8.445172E+01  2.256016E+00
   9.450000E-01  9.193947E-04  8.445180E+01  2.268017E+00
   9.500000E-01  9.414894E-04  8.445188E+01  2.280018E+00
   9.550000E-01  9.639950E-04  8.445196E+01  2.292018E+00
   9.600000E-01  9.869168E-04  8.445205E+01  2.304019E+00
   9.650000E-01  1.010260E-03  8.445213E+01  2.316020E+00
   9.700000E-01  1.034031E-03  8.445222E+01  2.328021E+00
   9.750000E-01  1.058235E-03  8.445232E+01  2.340021E+00
   9.800000E-01  1.082877E-03  8.445241E+01  2.352022E+00
   9.850000E-01  1.107963E-03  8.445251E+01  2.364023E+00
   9.900000E-01  1.133498E-03  8.445261E+01  2.376024E+00
   9.950000E-01  1.159490E-03  8.445271E+01  2.388025E+00
   1.000000E+00  1.185942E-03  8.445282E+01  2.400026E+00
   1.005000E+00  1.212862E-03  8.445293E+01  2.412027E+00
   1.010000E+00  1.240254E-03  8.445304E+01  2.424028E+00
   1.015000E+00  1.268126E-03  8.445316E+01  2.436029E+00
   1.020000E+00  1.296482E-03  8.445328E+01  2.448030E+00
   1.025000E+00  1.325329E-03  8.445340E+01  2.460031E+00
   1.030000E+00  1.354672E-03  8.445353E+01  2.472032E+00
   1.035000E+00  1.384519E-03  8.445365E+01  2.484033E+00
   1.040000E+00  1.414875E-03  8.445379E+01  2.496035E+00
   1.045000E+00  1.445745E-03  8.445392E+01  2.508036E+00
   1.050000E+00  1.477138E-03  8.445406E+01  2.520037E+00
   1.055000E+00  1.509058E-03  8.445421E+01  2.532039E+00
   1.060000E+00  1.541512E-03  8.445435E+01  2.544040E+00
   1.065000E+00  1.574506E-03  8.445450E+01  2.556041E+00
   1.070000E+00  1.608047E-03  8.445466E+01  2.568043E+00
   1.075000E+00  1.642142E-03  8.445482E+01  2.580044E+00
   1.080000E+00  1.676796E-03  8.445498E+01  2.592046E+00
   1.085000E+00  1.712016E-03  8.445515E+01  2.604048E+00
   1.090000E+00  1.747810E-03  8.445532E+01  2.616049E+00
   1.095000E+00  1.784182E-03  8.445550E+01  2.628051E+00
   1.100000E+00  1.821141E-03  8.445568E+01  2.640053E+00
   1.105000E+00  1.858693E-03  8.445586E+01  2.652055E+00
   1.110000E+00  1.896844E-03  8.445605E+01  2.664057E+00
   1.115000E+00  1.935602E-03  8.445625E+01  2.676059E+00
   1.120000E+00  1.974973E-03  8.445644E+01  2.688061E+00
   1.125000E+00  2.014964E-03  8.445665E+01  2.700063E+00
   1.130000E+00  2.055582E-03  8.445686E+01  2.712065E+00
   1.135000E+00  2.096835E-03  8.445707E+01  2.724067E+00
   1.140000E+00  2.138729E-03  8.445729E+01  2.736069E+00
   1.145000E+00  2.181271E-03  8.445752E+01  2.748071E+00
   1.150000E+00  2.224468E-03  8.445775E+01  2.760074E+00
   1.155000E+00  2.268328E-03  8.445798E+01  2.772076E+00
   1.160000E+00  2.312858E-03  8.445823E+01  2.784079E+00
   1.165000E+00  2.358066E-03  8.445847E+01  2.796081E+00
   1.170000E+00  2.403957E-03  8.445873E+01  2.808084E+00
   1.175000E+00  2.450541E-03  8.445899E+01  2.820087E+00
   1.180000E+00  2.497824E-03  8.445925E+01  2.832090E+00
   1.185000E+00  2.545813E-03  8.445952E+01  2.844092E+00
   1.190000E+00  2.594517E-03  8.445980E+01  2.856095E+00
   1.195000E+00  2.643943E-03  8.446009E+01  2.868098E+00
   1.200000E+00  2.694099E-03  8.446038E+01  2.880102E+00
   1.205000E+00  2.744991E-03  8.446068E+01  2.892105E+00
   1.210000E+00  2.796629E-03  8.446098E+01  2.904108E+00
   1.215000E+00  2.849019E-03  8.446129E+01  2.916111E+00
   1.220000E+00  2.902169E-03  8.446161E+01  2.928115E+00
   1.225000E+00  2.956088E-03  8.446194E+01  2.940119E+00
   1.230000E+00  3.010783E-03  8.446227E+01  2.952122E+00
   1.235000E+00  3.066263E-03  8.446262E+01  2.964126E+00
   1.240000E+00  3.122534E-03  8.446297E+01  2.976130E+00
   1.245000E+00  3.179606E-03  8.446332E+01  2.988134E+00
   1.250000E+00  3.237487E-03  8.446369E+01  3.000138E+00
   1.255000E+00  3.296183E-03  8.446406E+01  3.012142E+00
   1.260000E+00  3.355705E-03  8.446444E+01  3.024146E+00
   1.265000E+00  3.416060E-03  8.446483E+01  3.036151E+00
   1.270000E+00  3.477256E-03  8.446523E+01  3.048155E+00
   1.275000E+00  3.539302E-03  8.446564E+01  3.060160E+00
   1.280000E+00  3.602206E-03  8.446605E+01  3.072165E+00
   1.285000E+00  3.665977E-03  8.446648E+01  3.084170E+00
   1.290000E+00  3.730622E-03  8.446691E+01  3.096175E+00
   1.295000E+00  3.796152E-03  8.446736E+01  3.108180E+00
   1.300000E+00  3.862573E-03  8.446781E+01  3.120185E+00
   1.305000E+00  3.929896E-03  8.446827E+01  3.132191E+00
   1.310000E+00  3.998128E-03  8.446875E+01  3.144196E+00
   1.315000E+00  4.067279E-03  8.446923E+01  3.156202E+00
   1.320000E+00  4.137357E-03  8.446972E+01  3.168208E+00
   1.325000E+00  4.208372E-03  8.447022E+01  3.180214E+00
   1.330000E+00  4.280331E-03  8.447074E+01  3.192220E+00
   1.335000E+00  4.353244E-03  8.447126E+01  3.204226E+00
   1.340000E+00  4.427121E-03  8.447180E+01  3.216232E+00
   1.345000E+00  4.501970E-03  8.447235E+01  3.228239E+00
   1.350000E+00  4.577800E-03  8.447290E+01  3.240246E+00
   1.355000E+00  4.654620E-03  8.447347E+01  3.252253E+00
   1.360000E+00  4.732440E-03  8.447405E+01  3.264260E+00
   1.365000E+00  4.811269E-03  8.447465E+01  3.276267E+00
   1.370000E+00  4.891117E-03  8.447525E+01  3.288274E+00
   1.375000E+00  4.971992E-03  8.447587E+01  3.300282E+00
   1.380000E+00  5.053905E-03  8.447650E+01  3.312290E+00
   1.385000E+00  5.136864E-03  8.447714E+01  3.324298E+00
   1.390000E+00  5.220879E-03  8.447780E+01  3.336306E+00
   1.395000E+00  5.305961E-03  8.447847E+01  3.348314E+00
   1.400000E+00  5.392118E-03  8.447915E+01  3.360323E+00
   1.405000E+00  5.479360E-03  8.447984E+01  3.372332E+00
   1.410000E+00  5.567697E-03  8.448055E+01  3.384340E+00
   1.415000E+00  5.657139E-03  8.448128E+01  3.396350E+00
   1.420000E+00  5.747696E-03  8.448201E+01  3.408359E+00
   1.425000E+00  5.839377E-03  8.448276E+01  3.420369E+00
   1.430000E+00  5.932193E-03  8.448353E+01  3.432378E+00
   1.435000E+00  6.026154E-03  8.448431E+01  3.444388E+00
   1.440000E+00  6.121270E-03  8.448511E+01  3.456399E+00
   1.445000E+00  6.217550E-03  8.448592E+01  3.468409E+00
   1.450000E+00  6.315006E-03  8.448675E+01  3.480420E+00
   1.455000E+00  6.413647E-03  8.448759E+01  3.492431E+00
   1.460000E+00  6.513484E-03  8.448845E+01  3.504442E+00
   1.465000E+00  6.614527E-03  8.448933E+01  3.516454E+00
   1.470000E+00  6.716786E-03  8.449022E+01  3.528465E+00
   1.475000E+00  6.820273E-03  8.449113E+01  3.540477E+00
   1.480000E+00  6.924997E-03  8.449205E+01  3.552490E+00
   1.485000E+00  7.030969E-03  8.449300E+01  3.564502E+00
   1.490000E+00  7.138200E-03  8.449396E+01  3.576515E+00
   1.495000E+00  7.246701E-03  8.449494E+01  3.588528E+00
   1.500000E+00  7.356482E-03  8.449594E+01  3.600542E+00
   1.505000E+00  7.467554E-03  8.449695E+01  3.612555E+00
   1.510000E+00  7.579928E-03  8.449799E+01  3.624569E+00
   1.515000E+00  7.693615E-03  8.449904E+01  3.636584E+00
   1.520000E+00  7.808626E-03  8.450011E+01  3.648598E+00
   1.525000E+00  7.924972E-03  8.450121E+01  3.660613E+00
   1.530000E+00  8.042664E-03  8.450232E+01  3.672628E+00
   1.535000E+00  8.161714E-03  8.450345E+01  3.684644E+00
   1.540000E+00  8.282132E-03  8.450461E+01  3.696660E+00
   1.545000E+00  8.403930E-03  8.450578E+01  3.708676E+00
   1.550000E+00  8.527119E-03  8.450697E+01  3.720693E+00
   1.555000E+00  8.651710E-03  8.450819E+01  3.732710E+00
   1.560000E+00  8.777716E-03  8.450943E+01  3.744727E+00
   1.565000E+00  8.905147E-03  8.451069E+01  3.756744E+00
   1.570000E+00  9.034015E-03  8.451197E+01  3.768763E+00
   1.575000E+00  9.164332E-03  8.451328E+01  3.780781E+00
   1.580000E+00  9.296110E-03  8.451461E+01  3.792800E+00
   1.585000E+00  9.429359E-03  8.451596E+01  3.804819E+00
   1.590000E+00  9.564093E-03  8.451733E+01  3.816838E+00
   1.595000E+00  9.700323E-03  8.451873E+01  3.828858E+00
   1.600000E+00  9.838061E-03  8.452016E+01  3.840879E+00
   1.605000E+00  9.977318E-03  8.452161E+01  3.852900E+00
   1.610000E+00  1.011811E-02  8.452308E+01  3.864921E+00
   1.615000E+00  1.026044E-02  8.452458E+01  3.876943E+00
   1.620000E+00  1.040433E-02  8.452610E+01  3.888965E+00
   1.625000E+00  1.054979E-02  8.452766E+01  3.900987E+00
   1.630000E+00  1.069683E-02  8.452923E+01  3.913010E+00
   1.635000E+00  1.084546E-02  8.453084E+01  3.925034E+00
   1.640000E+00  1.099570E-02  8.453247E+01  3.937058E+00
   1.645000E+00  1.114755E-02  8.453413E+01  3.949082E+00
   1.650000E+00  1.130104E-02  8.453582E+01  3.961107E+00
   1.655000E+00  1.145617E-02  8.453753E+01  3.973132E+00
   1.660000E+00  1.161296E-02  8.453928E+01  3.985158E+00
   1.665000E+00  1.177141E-02  8.454105E+01  3.997185E+00
   1.670000E+00  1.193155E-02  8.454285E+01  4.009212E+00
   1.675000E+00  1.209338E-02  8.454469E+01  4.021239E+00
   1.680000E+00  1.225692E-02  8.454655E+01  4.033267E+00
   1.685000E+00  1.242217E-02  8.454845E+01  4.045296E+00
   1.690000E+00  1.258917E-02  8.455037E+01  4.057325E+00
   1.695000E+00  1.275791E-02  8.455233E+01  4.069355E+00
   1.700000E+00  1.292840E-02  8.455432E+01  4.081385E+00
   1.705000E+00  1.310067E-02  8.455634E+01  4.093416E+00
   1.710000E+00  1.327473E-02  8.455840E+01  4.105447E+00
   1.715000E+00  1.345059E-02  8.456048E+01  4.117479E+00
   1.720000E+00  1.362826E-02  8.456261E+01  4.129512E+00
   1.725000E+00  1.380776E-02  8.456476E+01  4.141545E+00
   1.730000E+00  1.398909E-02  8.456695E+01  4.153579E+00
   1.735000E+00  1.417229E-02  8.456918E+01  4.165613E+00
   1.740000E+00  1.435734E-02  8.457144E+01  4.177649E+00
   1.745000E+00  1.454429E-02  8.457374E+01  4.189685E+00
   1.750000E+00  1.473312E-02  8.457608E+01  4.201721E+00
   1.755000E+00  1.492387E-02  8.457845E+01  4.213758E+00
   1.760000E+00  1.511654E-02  8.458086E+01  4.225796E+00
   1.765000E+00  1.531114E-02  8.458331E+01  4.237835E+00
   1.770000E+00  1.550770E-02  8.458579E+01  4.249874E+00
   1.775000E+00  1.570622E-02  8.458832E+01  4.261914E+00
   1.780000E+00  1.590672E-02  8.459088E+01  4.273955E+00
   1.785000E+00  1.610922E-02  8.459349E+01  4.285997E+00
   1.790000E+00  1.631373E-02  8.459613E+01  4.298039E+00
   1.795000E+00  1.652026E-02  8.459882E+01  4.310082E+00
   1.800000E+00  1.672883E-02  8.460155E+01  4.322126E+00
   1.805000E+00  1.693944E-02  8.460432E+01  4.334171E+00
   1.810000E+00  1.715213E-02  8.460713E+01  4.346216E+00
   1.815000E+00  1.736690E-02  8.460998E+01  4.358263E+00
   1.820000E+00  1.758377E-02  8.461288E+01  4.370310E+00
   1.825000E+00  1.780274E-02  8.461583E+01  4.382358E+00
   1.830000E+00  1.802385E-02  8.461882E+01  4.394407E+00
   1.835000E+00  1.824709E-02  8.462185E+01  4.406456E+00
   1.840000E+00  1.847249E-02  8.462493E+01  4.418507E+00
   1.845000E+00  1.870007E-02  8.462806E+01  4.430559E+00
   1.850000E+00  1.892983E-02  8.463123E+01  4.442611E+00
   1.855000E+00  1.916179E-02  8.463445E+01  4.454664E+00
   1.860000E+00  1.939597E-02  8.463772E+01  4.466719E+00
   1.865000E+00  1.963239E-02  8.464104E+01  4.478774E+00
   1.870000E+00  1.987105E-02  8.464441E+01  4.490830E+00
   1.875000E+00  2.011198E-02  8.464783E+01  4.502888E+00
   1.880000E+00  2.035519E-02  8.465130E+01  4.514946E+00
   1.885000E+00  2.060070E-02  8.465482E+01  4.527005E+00
   1.890000E+00  2.084852E-02  8.465839E+01  4.539065E+00
   1.895000E+00  2.109867E-02  8.466202E+01  4.551127E+00
   1.900000E+00  2.135116E-02  8.466570E+01  4.563189E+00
   1.905000E+00  2.160601E-02  8.466943E+01  4.575253E+00
   1.910000E+00  2.186324E-02  8.467321E+01  4.587317E+00
   1.915000E+00  2.212286E-02  8.467706E+01  4.599383E+00
   1.920000E+00  2.238489E-02  8.468095E+01  4.611450E+00
   1.925000E+00  2.264935E-02  8.468491E+01  4.623518E+00
   1.930000E+00  2.291624E-02  8.468892E+01  4.635587E+00
   1.935000E+00  2.318560E-02  8.469299E+01  4.647657E+00
   1.940000E+00  2.345743E-02  8.469712E+01  4.659729E+00
   1.945000E+00  2.373176E-02  8.470130E+01  4.671801E+00
   1.950000E+00  2.400859E-02  8.470555E+01  4.683875E+00
   1.955000E+00  2.428795E-02  8.470986E+01  4.695950E+00
   1.960000E+00  2.456985E-02  8.471422E+01  4.708027E+00
   1.965000E+00  2.485432E-02  8.471866E+01  4.720105E+00
   1.970000E+00  2.514136E-02  8.472315E+01  4.732184E+00
   1.975000E+00  2.543099E-02  8.472771E+01  4.744264E+00
   1.980000E+00  2.572324E-02  8.473233E+01  4.756345E+00
   1.985000E+00  2.601812E-02  8.473701E+01  4.768428E+00
   1.990000E+00  2.631564E-02  8.474177E+01  4.780513E+00
   1.995000E+00  2.661583E-02  8.474658E+01  4.792599E+00
   2.000000E+00  2.691870E-02  8.475147E+01  4.804686E+00
   2.005000E+00  2.722427E-02  8.475642E+01  4.816774E+00
   2.010000E+00  2.753256E-02  8.476145E+01  4.828864E+00
   2.015000E+00  2.784358E-02  8.476654E+01  4.840956E+00
   2.020000E+00  2.815736E-02  8.477170E+01  4.853049E+00
   2.025000E+00  2.847391E-02  8.477694E+01  4.865143E+00
   2.030000E+00  2.879325E-02  8.478224E+01  4.877239E+00
   2.035000E+00  2.911540E-02  8.478762E+01  4.889337E+00
   2.040000E+00  2.944037E-02  8.479307E+01  4.901436E+00
   2.045000E+00  2.976819E-02  8.479860E+01  4.913537E+00
   2.050000E+00  3.009888E-02  8.480420E+01  4.925639E+00
   2.055000E+00  3.043245E-02  8.480988E+01  4.937743E+00
   2.060000E+00  3.076892E-02  8.481564E+01  4.949849E+00
   2.065000E+00  3.110831E-02  8.482147E+01  4.961956E+00
   2.070000E+00  3.145064E-02  8.482739E+01  4.974065E+00
   2.075000E+00  3.179592E-02  8.483338E+01  4.986176E+00
   2.080000E+00  3.214419E-02  8.483945E+01  4.998288E+00
   2.085000E+00  3.249545E-02  8.484560E+01  5.010403E+00
   2.090000E+00  3.284973E-02  8.485184E+01  5.022519E+00
   2.095000E+00  3.320705E-02  8.485816E+01  5.034637E+00
   2.100000E+00  3.356742E-02  8.486456E+01  5.046756E+00
   2.105000E+00  3.393087E-02  8.487105E+01  5.058878E+00
   2.110000E+00  3.429741E-02  8.487763E+01  5.071001E+00
   2.115000E+00  3.466706E-02  8.488429E+01  5.083127E+00
   2.120000E+00  3.503986E-02  8.489104E+01  5.095254E+00
   2.125000E+00  3.541580E-02  8.489788E+01  5.107383E+00
   2.130000E+00  3.579492E-02  8.490481E+01  5.119515E+00
   2.135000E+00  3.617724E-02  8.491183E+01  5.131648E+00
   2.140000E+00  3.656277E-02  8.491894E+01  5.143783E+00
   2.145000E+00  3.695154E-02  8.492615E+01  5.155921E+00
   2.150000E+00  3.734356E-02  8.493344E+01  5.168060E+00
   2.155000E+00  3.773887E-02  8.494084E+01  5.180202E+00
   2.160000E+00  3.813747E-02  8.494833E+01  5.192346E+00
   2.165000E+00  3.853939E-02  8.495591E+01  5.204492E+00
   2.170000E+00  3.894465E-02  8.496360E+01  5.216640E+00
   2.175000E+00  3.935327E-02  8.497138E+01  5.228791E+00
   2.180000E+00  3.976528E-02  8.497926E+01  5.240943E+00
   2.185000E+00  4.018069E-02  8.498725E+01  5.253098E+00
   2.190000E+00  4.059952E-02  8.499534E+01  5.265256E+00
   2.195000E+00  4.102180E-02  8.500353E+01  5.277415E+00
   2.200000E+00  4.144756E-02  8.501182E+01  5.289577E+00
   2.205000E+00  4.187680E-02  8.502022E+01  5.301742E+00
   2.210000E+00  4.230956E-02  8.502873E+01  5.313909E+00
   2.215000E+00  4.274585E-02  8.503734E+01  5.326078E+00
   2.220000E+00  4.318569E-02  8.504606E+01  5.338250E+00
   2.225000E+00  4.362912E-02  8.505490E+01  5.350425E+00
   2.230000E+00  4.407615E-02  8.506384E+01  5.362602E+00
   2.235000E+00  4.452681E-02  8.507290E+01  5.374781E+00
   2.240000E+00  4.498111E-02  8.508207E+01  5.386963E+00
   2.245000E+00  4.543908E-02  8.509135E+01  5.399148E+00
   2.250000E+00  4.590074E-02  8.510075E+01  5.411336E+00
   2.255000E+00  4.636612E-02  8.511027E+01  5.423526E+00
   2.260000E+00  4.683524E-02  8.511991E+01  5.435719E+00
   2.265000E+00  4.730812E-02  8.512966E+01  5.447915E+00
   2.270000E+00  4.778479E-02  8.513954E+01  5.460114E+00
   2.275000E+00  4.826527E-02  8.514954E+01  5.472315E+00
   2.280000E+00  4.874958E-02  8.515966E+01  5.484520E+00
   2.285000E+00  4.923775E-02  8.516991E+01  5.496727E+00
   2.290000E+00  4.972980E-02  8.518028E+01  5.508938E+00
   2.295000E+00  5.022576E-02  8.519078E+01  5.521151E+00
   2.300000E+00  5.072564E-02  8.520141E+01  5.533368E+00
   2.305000E+00  5.122948E-02  8.521217E+01  5.545587E+00
   2.310000E+00  5.173730E-02  8.522306E+01  5.557810E+00
   2.315000E+00  5.224912E-02  8.523408E+01  5.570036E+00
   2.320000E+00  5.276497E-02  8.524523E+01  5.582265E+00
   2.325000E+00  5.328487E-02  8.525653E+01  5.594497E+00
   2.330000E+00  5.380885E-02  8.526795E+01  5.606732E+00
   2.335000E+00  5.433693E-02  8.527952E+01  5.618971E+00
   2.340000E+00  5.486915E-02  8.529122E+01  5.631213E+00
   2.345000E+00  5.540551E-02  8.530307E+01  5.643459E+00
   2.350000E+00  5.594606E-02  8.531505E+01  5.655708E+00
   2.355000E+00  5.649081E-02  8.532718E+01  5.667960E+00
   2.360000E+00  5.703980E-02  8.533946E+01  5.680216E+00
   2.365000E+00  5.759304E-02  8.535188E+01  5.692476E+00
   2.370000E+00  5.815057E-02  8.536445E+01  5.704739E+00
   2.375000E+00  5.871241E-02  8.537717E+01  5.717005E+00
   2.380000E+00  5.927858E-02  8.539004E+01  5.729276E+00
   2.385000E+00  5.984912E-02  8.540307E+01  5.741550E+00
   2.390000E+00  6.042405E-02  8.541624E+01  5.753828E+00
   2.395000E+00  6.100340E-02  8.542957E+01  5.766110E+00
   2.400000E+00  6.158720E-02  8.544306E+01  5.778395E+00
   2.405000E+00  6.217547E-02  8.545671E+01  5.790685E+00
   2.410000E+00  6.276823E-02  8.547052E+01  5.802978E+00
   2.415000E+00  6.336553E-02  8.548449E+01  5.815275E+00
   2.420000E+00  6.396739E-02  8.549862E+01  5.827577E+00
   2.425000E+00  6.457382E-02  8.551292E+01  5.839882E+00
   2.430000E+00  6.518488E-02  8.552738E+01  5.852192E+00
   2.435000E+00  6.580057E-02  8.554202E+01  5.864505E+00
   2.440000E+00  6.642093E-02  8.555682E+01  5.876823E+00
   2.445000E+00  6.704599E-02  8.557179E+01  5.889146E+00
   2.450000E+00  6.767578E-02  8.558694E+01  5.901472E+00
   2.455000E+00  6.831033E-02  8.560226E+01  5.913803E+00
   2.460000E+00  6.894966E-02  8.561776E+01  5.926138E+00
   2.465000E+00  6.959381E-02  8.563344E+01  5.938478E+00
   2.470000E+00  7.024281E-02  8.564930E+01  5.950822E+00
   2.475000E+00  7.089668E-02  8.566533E+01  5.963171E+00
   2.480000E+00  7.155545E-02  8.568156E+01  5.975525E+00
   2.485000E+00  7.221917E-02  8.569796E+01  5.987883E+00
   2.490000E+00  7.288785E-02  8.571456E+01  6.000246E+00
   2.495000E+00  7.356152E-02  8.573134E+01  6.012613E+00
   2.500000E+00  7.424023E-02  8.574832E+01  6.024986E+00
   2.505000E+00  7.492399E-02  8.576549E+01  6.037363E+00
   2.510000E+00  7.561285E-02  8.578285E+01  6.049745E+00
   2.515000E+00  7.630683E-02  8.580041E+01  6.062133E+00
   2.520000E+00  7.700596E-02  8.581816E+01  6.074525E+00
   2.525000E+00  7.771028E-02  8.583612E+01  6.086922E+00
   2.530000E+00  7.841981E-02  8.585428E+01  6.099325E+00
   2.535000E+00  7.913460E-02  8.587264E+01  6.111732E+00
   2.540000E+00  7.985467E-02  8.589121E+01  6.124145E+00
   2.545000E+00  8.058006E-02  8.590999E+01  6.136564E+00
   2.550000E+00  8.131079E-02  8.592897E+01  6.148987E+00
   2.555000E+00  8.204691E-02  8.594817E+01  6.161416E+00
   2.560000E+00  8.278845E-02  8.596759E+01  6.173851E+00
   2.565000E+00  8.353543E-02  8.598721E+01  6.186291E+00
   2.570000E+00  8.428790E-02  8.600706E+01  6.198737E+00
   2.575000E+00  8.504589E-02  8.602713E+01  6.211188E+00
   2.580000E+00  8.580942E-02  8.604742E+01  6.223646E+00
   2.585000E+00  8.657855E-02  8.606793E+01  6.236109E+00
   2.590000E+00  8.735330E-02  8.608867E+01  6.248577E+00
   2.595000E+00  8.813370E-02  8.610964E+01  6.261052E+00
   2.600000E+00  8.891980E-02  8.613084E+01  6.273533E+00
   2.605000E+00  8.971162E-02  8.615227E+01  6.286020E+00
   2.610000E+00  9.050921E-02  8.617394E+01  6.298513E+00
   2.615000E+00  9.131260E-02  8.619585E+01  6.311012E+00
   2.620000E+00  9.212183E-02  8.621799E+01  6.323517E+00
   2.625000E+00  9.293693E-02  8.624038E+01  6.336029E+00
   2.630000E+00  9.375794E-02  8.626301E+01  6.348547E+00
   2.635000E+00  9.458490E-02  8.628589E+01  6.361071E+00
   2.640000E+00  9.541784E-02  8.630901E+01  6.373602E+00
   2.645000E+00  9.625680E-02  8.633239E+01  6.386140E+00
   2.650000E+00  9.710183E-02  8.635602E+01  6.398684E+00
   2.655000E+00  9.795296E-02  8.637991E+01  6.411235E+00
   2.660000E+00  9.881022E-02  8.640405E+01  6.423793E+00
   2.665000E+00  9.967366E-02  8.642846E+01  6.436357E+00
   2.670000E+00  1.005433E-01  8.645313E+01  6.448929E+00
   2.675000E+00  1.014192E-01  8.647806E+01  6.461507E+00
   2.680000E+00  1.023014E-01  8.650327E+01  6.474093E+00
   2.685000E+00  1.031900E-01  8.652874E+01  6.486685E+00
   2.690000E+00  1.040849E-01  8.655449E+01  6.499285E+00
   2.695000E+00  1.049862E-01  8.658051E+01  6.511893E+00
   2.700000E+00  1.058940E-01  8.660681E+01  6.524507E+00
   2.705000E+00  1.068083E-01  8.663339E+01  6.537129E+00
   2.710000E+00  1.077291E-01  8.666025E+01  6.549759E+00
   2.715000E+00  1.086565E-01  8.668740E+01  6.562396E+00
   2.720000E+00  1.095906E-01  8.671484E+01  6.575041E+00
   2.725000E+00  1.105313E-01  8.674257E+01  6.587693E+00
   2.730000E+00  1.114787E-01  8.677060E+01  6.600354E+00
   2.735000E+00  1.124329E-01  8.679892E+01  6.613022E+00
   2.740000E+00  1.133938E-01  8.682754E+01  6.625699E+00
   2.745000E+00  1.143616E-01  8.685646E+01  6.638383E+00
   2.750000E+00  1.153363E-01  8.688569E+01  6.651075E+00
   2.755000E+00  1.163179E-01  8.691523E+01  6.663776E+00
   2.760000E+00  1.173065E-01  8.694507E+01  6.676485E+00
   2.765000E+00  1.183021E-01  8.697523E+01  6.689203E+00
   2.770000E+00  1.193048E-01  8.700571E+01  6.701929E+00
   2.775000E+00  1.203146E-01  8.703651E+01  6.714664E+00
   2.780000E+00  1.213316E-01  8.706763E+01  6.727407E+00
   2.785000E+00  1.223557E-01  8.709907E+01  6.740159E+00
   2.790000E+00  1.233871E-01  8.713085E+01  6.752920E+00
   2.795000E+00  1.244258E-01  8.716295E+01  6.765689E+00
   2.800000E+00  1.254719E-01  8.719539E+01  6.778468E+00
   2.805000E+00  1.265253E-01  8.722817E+01  6.791256E+00
   2.810000E+00  1.275862E-01  8.726128E+01  6.804053E+00
   2.815000E+00  1.286546E-01  8.729474E+01  6.816859E+00
   2.820000E+00  1.297305E-01  8.732855E+01  6.829675E+00
   2.825000E+00  1.308140E-01  8.736271E+01  6.842500E+00
   2.830000E+00  1.319052E-01  8.739722E+01  6.855334E+00
   2.835000E+00  1.330041E-01  8.743209E+01  6.868179E+00
   2.840000E+00  1.341107E-01  8.746732E+01  6.881033E+00
   2.845000E+00  1.352251E-01  8.750291E+01  6.893897E+00
   2.850000E+00  1.363473E-01  8.753886E+01  6.906770E+00
   2.855000E+00  1.374775E-01  8.757519E+01  6.919654E+00
   2.860000E+00  1.386156E-01  8.761189E+01  6.932548E+00
   2.865000E+00  1.397617E-01  8.764897E+01  6.945452E+00
   2.870000E+00  1.409159E-01  8.768642E+01  6.958367E+00
   2.875000E+00  1.420782E-01  8.772427E+01  6.971292E+00
   2.880000E+00  1.432487E-01  8.776249E+01  6.984227E+00
   2.885000E+00  1.444274E-01  8.780111E+01  6.997173E+00
   2.890000E+00  1.456144E-01  8.784012E+01  7.010130E+00
   2.895000E+00  1.468097E-01  8.787954E+01  7.023097E+00
   2.900000E+00  1.480134E-01  8.791935E+01  7.036076E+00
   2.905000E+00  1.492256E-01  8.795956E+01  7.049065E+00
   2.910000E+00  1.504463E-01  8.800019E+01  7.062066E+00
   2.915000E+00  1.516756E-01  8.804123E+01  7.075078E+00
   2.920000E+00  1.529135E-01  8.808268E+01  7.088101E+00
   2.925000E+00  1.541600E-01  8.812456E+01  7.101135E+00
   2.930000E+00  1.554154E-01  8.816686E+01  7.114182E+00
   2.935000E+00  1.566795E-01  8.820959E+01  7.127239E+00
   2.940000E+00  1.579525E-01  8.825274E+01  7.140309E+00
   2.945000E+00  1.592344E-01  8.829634E+01  7.153391E+00
   2.950000E+00  1.605254E-01  8.834037E+01  7.166484E+00
   2.955000E+00  1.618254E-01  8.838485E+01  7.179590E+00
   2.960000E+00  1.631345E-01  8.842978E+01  7.192708E+00
   2.965000E+00  1.644528E-01  8.847515E+01  7.205838E+00
   2.970000E+00  1.657803E-01  8.852099E+01  7.218981E+00
   2.975000E+00  1.671172E-01  8.856728E+01  7.232136E+00
   2.980000E+00  1.684634E-01  8.861404E+01  7.245304E+00
   2.985000E+00  1.698191E-01  8.866127E+01  7.258484E+00
   2.990000E+00  1.711843E-01  8.870897E+01  7.271678E+00
   2.995000E+00  1.725590E-01  8.875714E+01  7.284885E+00
   3.000000E+00  1.739434E-01  8.880580E+01  7.298105E+00
   3.005000E+00  1.753376E-01  8.885495E+01  7.311338E+00
   3.010000E+00  1.767415E-01  8.890458E+01  7.324584E+00
   3.015000E+00  1.781553E-01  8.895471E+01  7.337844E+00
   3.020000E+00  1.795790E-01  8.900534E+01  7.351118E+00
   3.025000E+00  1.810127E-01  8.905648E+01  7.364405E+00
   3.030000E+00  1.824565E-01  8.910812E+01  7.377707E+00
   3.035000E+00  1.839104E-01  8.916028E+01  7.391022E+00
   3.040000E+00  1.853745E-01  8.921295E+01  7.404352E+00
   3.045000E+00  1.868489E-01  8.926615E+01  7.417695E+00
   3.050000E+00  1.883337E-01  8.931987E+01  7.431054E+00
   3.055000E+00  1.898290E-01  8.937413E+01  7.444426E+00
   3.060000E+00  1.913347E-01  8.942892E+01  7.457814E+00
   3.065000E+00  1.928511E-01  8.948426E+01  7.471216E+00
   3.070000E+00  1.943781E-01  8.954014E+01  7.484633E+00
   3.075000E+00  1.959159E-01  8.959658E+01  7.498065E+00
   3.080000E+00  1.974645E-01  8.965357E+01  7.511513E+00
   3.085000E+00  1.990240E-01  8.971113E+01  7.524976E+00
   3.090000E+00  2.005946E-01  8.976925E+01  7.538454E+00
   3.095000E+00  2.021762E-01  8.982795E+01  7.551948E+00
   3.100000E+00  2.037689E-01  8.988722E+01  7.565457E+00
   3.105000E+00  2.053729E-01  8.994708E+01  7.578983E+00
   3.110000E+00  2.069882E-01  9.000752E+01  7.592524E+00
   3.115000E+00  2.086150E-01  9.006856E+01  7.606082E+00
   3.120000E+00  2.102532E-01  9.013020E+01  7.619656E+00
   3.125000E+00  2.119031E-01  9.019245E+01  7.633246E+00
   3.130000E+00  2.135646E-01  9.025530E+01  7.646853E+00
   3.135000E+00  2.152378E-01  9.031877E+01  7.660477E+00
   3.140000E+00  2.169229E-01  9.038287E+01  7.674118E+00
   3.145000E+00  2.186200E-01  9.044759E+01  7.687775E+00
   3.150000E+00  2.203291E-01  9.051295E+01  7.701450E+00
   3.155000E+00  2.220503E-01  9.057894E+01  7.715142E+00
   3.160000E+00  2.237838E-01  9.064558E+01  7.728852E+00
   3.165000E+00  2.255295E-01  9.071287E+01  7.742579E+00
   3.170000E+00  2.272877E-01  9.078082E+01  7.756324E+00
   3.175000E+00  2.290584E-01  9.084943E+01  7.770088E+00
   3.180000E+00  2.308417E-01  9.091872E+01  7.783869E+00
   3.185000E+00  2.326376E-01  9.098867E+01  7.797668E+00
   3.190000E+00  2.344464E-01  9.105931E+01  7.811486E+00
   3.195000E+00  2.362681E-01  9.113064E+01  7.825322E+00
   3.200000E+00  2.381028E-01  9.120266E+01  7.839177E+00
   3.205000E+00  2.399507E-01  9.127539E+01  7.853051E+00
   3.210000E+00  2.418117E-01  9.134882E+01  7.866944E+00
   3.215000E+00  2.436860E-01  9.142297E+01  7.880857E+00
   3.220000E+00  2.455738E-01  9.149783E+01  7.894788E+00
   3.225000E+00  2.474751E-01  9.157343E+01  7.908739E+00
   3.230000E+00  2.493901E-01  9.164976E+01  7.922710E+00
   3.235000E+00  2.513188E-01  9.172683E+01  7.936701E+00
   3.240000E+00  2.532613E-01  9.180465E+01  7.950712E+00
   3.245000E+00  2.552179E-01  9.188322E+01  7.964743E+00
   3.250000E+00  2.571885E-01  9.196256E+01  7.978794E+00
   3.255000E+00  2.591733E-01  9.204267E+01  7.992866E+00
   3.260000E+00  2.611725E-01  9.212355E+01  8.006958E+00
   3.265000E+00  2.631861E-01  9.220522E+01  8.021072E+00
   3.270000E+00  2.652142E-01  9.228768E+01  8.035206E+00
   3.275000E+00  2.672570E-01  9.237093E+01  8.049362E+00
   3.280000E+00  2.693146E-01  9.245500E+01  8.063539E+00
   3.285000E+00  2.713871E-01  9.253988E+01  8.077738E+00
   3.290000E+00  2.734747E-01  9.262558E+01  8.091958E+00
   3.295000E+00  2.755775E-01  9.271210E+01  8.106201E+00
   3.300000E+00  2.776955E-01  9.279947E+01  8.120465E+00
   3.305000E+00  2.798289E-01  9.288768E+01  8.134752E+00
   3.310000E+00  2.819779E-01  9.297675E+01  8.149061E+00
   3.315000E+00  2.841426E-01  9.306667E+01  8.163393E+00
   3.320000E+00  2.863231E-01  9.315747E+01  8.177748E+00
   3.325000E+00  2.885196E-01  9.324914E+01  8.192126E+00
   3.330000E+00  2.907321E-01  9.334170E+01  8.206527E+00
   3.335000E+00  2.929609E-01  9.343515E+01  8.220951E+00
   3.340000E+00  2.952060E-01  9.352950E+01  8.235400E+00
   3.345000E+00  2.974676E-01  9.362477E+01  8.249871E+00
   3.350000E+00  2.997459E-01  9.372096E+01  8.264367E+00
   3.355000E+00  3.020410E-01  9.381807E+01  8.278887E+00
   3.360000E+00  3.043529E-01  9.391613E+01  8.293432E+00
   3.365000E+00  3.066820E-01  9.401513E+01  8.308001E+00
   3.370000E+00  3.090283E-01  9.411508E+01  8.322594E+00
   3.375000E+00  3.113920E-01  9.421600E+01  8.337213E+00
   3.380000E+00  3.137732E-01  9.431790E+01  8.351857E+00
   3.385000E+00  3.161721E-01  9.442077E+01  8.366526E+00
   3.390000E+00  3.185889E-01  9.452465E+01  8.381221E+00
   3.395000E+00  3.210236E-01  9.462952E+01  8.395941E+00
   3.400000E+00  3.234765E-01  9.473541E+01  8.410688E+00
   3.405000E+00  3.259477E-01  9.484231E+01  8.425460E+00
   3.410000E+00  3.284375E-01  9.495025E+01  8.440259E+00
   3.415000E+00  3.309458E-01  9.505923E+01  8.455085E+00
   3.420000E+00  3.334730E-01  9.516927E+01  8.469937E+00
   3.425000E+00  3.360192E-01  9.528036E+01  8.484816E+00
   3.430000E+00  3.385845E-01  9.539253E+01  8.499723E+00
   3.435000E+00  3.411692E-01  9.550578E+01  8.514657E+00
   3.440000E+00  3.437733E-01  9.562013E+01  8.529618E+00
   3.445000E+00  3.463972E-01  9.573558E+01  8.544608E+00
   3.450000E+00  3.490409E-01  9.585214E+01  8.559625E+00
   3.455000E+00  3.517047E-01  9.596983E+01  8.574671E+00
   3.460000E+00  3.543887E-01  9.608865E+01  8.589745E+00
   3.465000E+00  3.570931E-01  9.620863E+01  8.604848E+00
   3.470000E+00  3.598182E-01  9.632976E+01  8.619979E+00
   3.475000E+00  3.625640E-01  9.645206E+01  8.635140E+00
   3.480000E+00  3.653309E-01  9.657554E+01  8.650331E+00
   3.485000E+00  3.681189E-01  9.670022E+01  8.665550E+00
   3.490000E+00  3.709283E-01  9.682611E+01  8.680800E+00
   3.495000E+00  3.737593E-01  9.695321E+01  8.696080E+00
   3.500000E+00  3.766121E-01  9.708154E+01  8.711389E+00
   3.505000E+00  3.794869E-01  9.721111E+01  8.726730E+00
   3.510000E+00  3.823839E-01  9.734193E+01  8.742101E+00
   3.515000E+00  3.853034E-01  9.747402E+01  8.757503E+00
   3.520000E+00  3.882454E-01  9.760739E+01  8.772936E+00
   3.525000E+00  3.912104E-01  9.774205E+01  8.788400E+00
   3.530000E+00  3.941984E-01  9.787802E+01  8.803897E+00
   3.535000E+00  3.972096E-01  9.801530E+01  8.819425E+00
   3.540000E+00  4.002445E-01  9.815391E+01  8.834985E+00
   3.545000E+00  4.033030E-01  9.829387E+01  8.850577E+00
   3.550000E+00  4.063855E-01  9.843518E+01  8.866202E+00
   3.555000E+00  4.094923E-01  9.857787E+01  8.881860E+00
   3.560000E+00  4.126235E-01  9.872193E+01  8.897550E+00
   3.565000E+00  4.157794E-01  9.886740E+01  8.913275E+00
   3.570000E+00  4.189602E-01  9.901428E+01  8.929032E+00
   3.575000E+00  4.221662E-01  9.916259E+01  8.944823E+00
   3.580000E+00  4.253976E-01  9.931234E+01  8.960649E+00
   3.585000E+00  4.286547E-01  9.946354E+01  8.976508E+00
   3.590000E+00  4.319377E-01  9.961622E+01  8.992402E+00
   3.595000E+00  4.352470E-01  9.977038E+01  9.008331E+00
   3.600000E+00  4.385827E-01  9.992604E+01  9.024295E+00
   3.605000E+00  4.419451E-01  1.000832E+02  9.040294E+00
   3.610000E+00  4.453345E-01  1.002419E+02  9.056328E+00
   3.615000E+00  4.487512E-01  1.004022E+02  9.072399E+00
   3.620000E+00  4.521954E-01  1.005640E+02  9.088505E+00
   3.625000E+00  4.556675E-01  1.007274E+02  9.104647E+00
   3.630000E+00  4.591676E-01  1.008924E+02  9.120826E+00
   3.635000E+00  4.626962E-01  1.010590E+02  9.137041E+00
   3.640000E+00  4.662534E-01  1.012272E+02  9.153294E+00
   3.645000E+00  4.698396E-01  1.013971E+02  9.169584E+00
   3.650000E+00  4.734552E-01  1.015686E+02  9.185911E+00
   3.655000E+00  4.771003E-01  1.017418E+02  9.202276E+00
   3.660000E+00  4.807753E-01  1.019168E+02  9.218679E+00
   3.665000E+00  4.844805E-01  1.020934E+02  9.235121E+00
   3.670000E+00  4.882162E-01  1.022717E+02  9.251600E+00
   3.675000E+00  4.919828E-01  1.024518E+02  9.268119E+00
   3.680000E+00  4.957805E-01  1.026337E+02  9.284677E+00
   3.685000E+00  4.996098E-01  1.028174E+02  9.301274E+00
   3.690000E+00  5.034709E-01  1.030029E+02  9.317910E+00
   3.695000E+00  5.073641E-01  1.031901E+02  9.334587E+00
   3.700000E+00  5.112899E-01  1.033793E+02  9.351303E+00
   3.705000E+00  5.152485E-01  1.035703E+02  9.368060E+00
   3.710000E+00  5.192404E-01  1.037632E+02  9.384858E+00
   3.715000E+00  5.232658E-01  1.039579E+02  9.401696E+00
   3.720000E+00  5.273251E-01  1.041546E+02  9.418576E+00
   3.725000E+00  5.314188E-01  1.043533E+02  9.435497E+00
   3.730000E+00  5.355471E-01  1.045539E+02  9.452460E+00
   3.735000E+00  5.397105E-01  1.047565E+02  9.469464E+00
   3.740000E+00  5.439093E-01  1.049611E+02  9.486511E+00
   3.745000E+00  5.481439E-01  1.051677E+02  9.503601E+00
   3.750000E+00  5.524148E-01  1.053764E+02  9.520733E+00
   3.755000E+00  5.567222E-01  1.055871E+02  9.537908E+00
   3.760000E+00  5.610667E-01  1.058000E+02  9.555127E+00
   3.765000E+00  5.654486E-01  1.060149E+02  9.572389E+00
   3.770000E+00  5.698684E-01  1.062320E+02  9.589695E+00
   3.775000E+00  5.743264E-01  1.064512E+02  9.607046E+00
   3.780000E+00  5.788231E-01  1.066727E+02  9.624440E+00
   3.785000E+00  5.833589E-01  1.068963E+02  9.641880E+00
   3.790000E+00  5.879343E-01  1.071222E+02  9.659364E+00
   3.795000E+00  5.925498E-01  1.073503E+02  9.676894E+00
   3.800000E+00  5.972057E-01  1.075807E+02  9.694469E+00
   3.805000E+00  6.019025E-01  1.078134E+02  9.712090E+00
   3.810000E+00  6.066407E-01  1.080484E+02  9.729757E+00
   3.815000E+00  6.114208E-01  1.082858E+02  9.747471E+00
   3.820000E+00  6.162432E-01  1.085256E+02  9.765231E+00
   3.825000E+00  6.211085E-01  1.087678E+02  9.783038E+00
   3.830000E+00  6.260171E-01  1.090124E+02  9.800892E+00
   3.835000E+00  6.309695E-01  1.092594E+02  9.818794E+00
   3.840000E+00  6.359663E-01  1.095090E+02  9.836743E+00
   3.845000E+00  6.410079E-01  1.097611E+02  9.854741E+00
   3.850000E+00  6.460949E-01  1.100157E+02  9.872787E+00
   3.855000E+00  6.512277E-01  1.102729E+02  9.890881E+00
   3.860000E+00  6.564071E-01  1.105327E+02  9.909024E+00
   3.865000E+00  6.616334E-01  1.107951E+02  9.927217E+00
   3.870000E+00  6.669072E-01  1.110601E+02  9.945459E+00
   3.875000E+00  6.722292E-01  1.113279E+02  9.963750E+00
   3.880000E+00  6.775998E-01  1.115983E+02  9.982092E+00
   3.885000E+00  6.830197E-01  1.118716E+02  1.000048E+01
   3.890000E+00  6.884894E-01  1.121476E+02  1.001893E+01
   3.895000E+00  6.940096E-01  1.124264E+02  1.003742E+01
   3.900000E+00  6.995808E-01  1.127080E+02  1.005596E+01
   3.905000E+00  7.052036E-01  1.129925E+02  1.007456E+01
   3.910000E+00  7.108787E-01  1.132799E+02  1.009321E+01
   3.915000E+00  7.166068E-01  1.135703E+02  1.011191E+01
   3.920000E+00  7.223884E-01  1.138636E+02  1.013066E+01
   3.925000E+00  7.282242E-01  1.141599E+02  1.014946E+01
   3.930000E+00  7.341149E-01  1.144593E+02  1.016832E+01
   3.935000E+00  7.400611E-01  1.147618E+02  1.018723E+01
   3.940000E+00  7.460635E-01  1.150673E+02  1.020619E+01
   3.945000E+00  7.521229E-01  1.153760E+02  1.022521E+01
   3.950000E+00  7.582398E-01  1.156879E+02  1.024428E+01
   3.955000E+00  7.644151E-01  1.160030E+02  1.026340E+01
   3.960000E+00  7.706495E-01  1.163213E+02  1.028258E+01
   3.965000E+00  7.769436E-01  1.166430E+02  1.030182E+01
   3.970000E+00  7.832983E-01  1.169679E+02  1.032111E+01
   3.975000E+00  7.897142E-01  1.172963E+02  1.034045E+01
   3.980000E+00  7.961923E-01  1.176280E+02  1.035985E+01
   3.985000E+00  8.027331E-01  1.179632E+02  1.037931E+01
   3.990000E+00  8.093376E-01  1.183019E+02  1.039882E+01
   3.995000E+00  8.160066E-01  1.186441E+02  1.041838E+01
   4.000000E+00  8.227408E-01  1.189898E+02  1.043801E+01
   4.005000E+00  8.295411E-01  1.193392E+02  1.045769E+01
   4.010000E+00  8.364083E-01  1.196922E+02  1.047743E+01
   4.015000E+00  8.433433E-01  1.200490E+02  1.049722E+01
   4.020000E+00  8.503470E-01  1.204094E+02  1.051708E+01
   4.025000E+00  8.574203E-01  1.207737E+02  1.053699E+01
   4.030000E+00  8.645640E-01  1.211418E+02  1.055696E+01
   4.035000E+00  8.717790E-01  1.215137E+02  1.057699E+01
   4.040000E+00  8.790663E-01  1.218896E+02  1.059707E+01
   4.045000E+00  8.864269E-01  1.222694E+02  1.061722E+01
   4.050000E+00  8.938616E-01  1.226532E+02  1.063742E+01
   4.055000E+00  9.013715E-01  1.230411E+02  1.065769E+01
   4.060000E+00  9.089575E-01  1.234331E+02  1.067801E+01
   4.065000E+00  9.166206E-01  1.238293E+02  1.069840E+01
   4.070000E+00  9.243620E-01  1.242297E+02  1.071884E+01
   4.075000E+00  9.321825E-01  1.246343E+02  1.073934E+01
   4.080000E+00  9.400832E-01  1.250432E+02  1.075991E+01
   4.085000E+00  9.480653E-01  1.254565E+02  1.078054E+01
   4.090000E+00  9.561297E-01  1.258742E+02  1.080122E+01
   4.095000E+00  9.642776E-01  1.262964E+02  1.082197E+01
   4.100000E+00  9.725102E-01  1.267231E+02  1.084278E+01
   4.105000E+00  9.808285E-01  1.271544E+02  1.086366E+01
   4.110000E+00  9.892337E-01  1.275903E+02  1.088459E+01
   4.115000E+00  9.977270E-01  1.280309E+02  1.090559E+01
   4.120000E+00  1.006310E+00  1.284762E+02  1.092665E+01
   4.125000E+00  1.014983E+00  1.289264E+02  1.094777E+01
   4.130000E+00  1.023748E+00  1.293814E+02  1.096895E+01
   4.135000E+00  1.032605E+00  1.298413E+02  1.099020E+01
   4.140000E+00  1.041557E+00  1.303062E+02  1.101152E+01
   4.145000E+00  1.050605E+00  1.307762E+02  1.103289E+01
   4.150000E+00  1.059749E+00  1.312512E+02  1.105433E+01
   4.155000E+00  1.068992E+00  1.317315E+02  1.107583E+01
   4.160000E+00  1.078334E+00  1.322169E+02  1.109740E+01
   4.165000E+00  1.087777E+00  1.327077E+02  1.111904E+01
   4.170000E+00  1.097323E+00  1.332038E+02  1.114073E+01
   4.175000E+00  1.106972E+00  1.337054E+02  1.116250E+01
   4.180000E+00  1.116727E+00  1.342124E+02  1.118432E+01
   4.185000E+00  1.126588E+00  1.347251E+02  1.120622E+01
   4.190000E+00  1.136557E+00  1.352433E+02  1.122817E+01
   4.195000E+00  1.146637E+00  1.357673E+02  1.125020E+01
   4.200000E+00  1.156827E+00  1.362971E+02  1.127229E+01
   4.205000E+00  1.167130E+00  1.368327E+02  1.129444E+01
   4.210000E+00  1.177548E+00  1.373742E+02  1.131667E+01
   4.215000E+00  1.188082E+00  1.379218E+02  1.133896E+01
   4.220000E+00  1.198734E+00  1.384754E+02  1.136131E+01
   4.225000E+00  1.209505E+00  1.390352E+02  1.138373E+01
   4.230000E+00  1.220397E+00  1.396012E+02  1.140622E+01
   4.235000E+00  1.231413E+00  1.401735E+02  1.142878E+01
   4.240000E+00  1.242552E+00  1.407522E+02  1.145140E+01
   4.245000E+00  1.253819E+00  1.413374E+02  1.147410E+01
   4.250000E+00  1.265214E+00  1.419292E+02  1.149685E+01
   4.255000E+00  1.276738E+00  1.425276E+02  1.151968E+01
   4.260000E+00  1.288395E+00  1.431328E+02  1.154257E+01
   4.265000E+00  1.300187E+00  1.437447E+02  1.156554E+01
   4.270000E+00  1.312114E+00  1.443636E+02  1.158857E+01
   4.275000E+00  1.324179E+00  1.449895E+02  1.161167E+01
   4.280000E+00  1.336384E+00  1.456224E+02  1.163483E+01
   4.285000E+00  1.348731E+00  1.462626E+02  1.165807E+01
   4.290000E+00  1.361222E+00  1.469100E+02  1.168137E+01
   4.295000E+00  1.373860E+00  1.475648E+02  1.170475E+01
   4.300000E+00  1.386646E+00  1.482270E+02  1.172819E+01
   4.305000E+00  1.399583E+00  1.488968E+02  1.175170E+01
   4.310000E+00  1.412673E+00  1.495743E+02  1.177528E+01
   4.315000E+00  1.425919E+00  1.502595E+02  1.179893E+01
   4.320000E+00  1.439322E+00  1.509527E+02  1.182265E+01
   4.325000E+00  1.452885E+00  1.516537E+02  1.184644E+01
   4.330000E+00  1.466610E+00  1.523629E+02  1.187030E+01
   4.335000E+00  1.480501E+00  1.530802E+02  1.189422E+01
   4.340000E+00  1.494558E+00  1.538059E+02  1.191822E+01
   4.345000E+00  1.508786E+00  1.545399E+02  1.194229E+01
   4.350000E+00  1.523186E+00  1.552825E+02  1.196642E+01
   4.355000E+00  1.537762E+00  1.560337E+02  1.199063E+01
   4.360000E+00  1.552515E+00  1.567936E+02  1.201491E+01
   4.365000E+00  1.567449E+00  1.575625E+02  1.203925E+01
   4.370000E+00  1.582567E+00  1.583403E+02  1.206367E+01
   4.375000E+00  1.597871E+00  1.591272E+02  1.208815E+01
   4.380000E+00  1.613364E+00  1.599233E+02  1.211271E+01
   4.385000E+00  1.629049E+00  1.607288E+02  1.213734E+01
   4.390000E+00  1.644929E+00  1.615438E+02  1.216203E+01
   4.395000E+00  1.661007E+00  1.623684E+02  1.218680E+01
   4.400000E+00  1.677287E+00  1.632027E+02  1.221164E+01
   4.405000E+00  1.693771E+00  1.640470E+02  1.223654E+01
   4.410000E+00  1.710462E+00  1.649012E+02  1.226152E+01
   4.415000E+00  1.727365E+00  1.657656E+02  1.228657E+01
   4.420000E+00  1.744482E+00  1.666403E+02  1.231169E+01
   4.425000E+00  1.761817E+00  1.675254E+02  1.233687E+01
   4.430000E+00  1.779372E+00  1.684211E+02  1.236213E+01
   4.435000E+00  1.797153E+00  1.693275E+02  1.238746E+01
   4.440000E+00  1.815161E+00  1.702448E+02  1.241286E+01
   4.445000E+00  1.833402E+00  1.711732E+02  1.243833E+01
   4.450000E+00  1.851878E+00  1.721127E+02  1.246386E+01
   4.455000E+00  1.870594E+00  1.730635E+02  1.248947E+01
   4.460000E+00  1.889553E+00  1.740259E+02  1.251515E+01
   4.465000E+00  1.908759E+00  1.749999E+02  1.254090E+01
   4.470000E+00  1.928217E+00  1.759857E+02  1.256672E+01
   4.475000E+00  1.947930E+00  1.769836E+02  1.259261E+01
   4.480000E+00  1.967903E+00  1.779936E+02  1.261856E+01
   4.485000E+00  1.988140E+00  1.790159E+02  1.264459E+01
   4.490000E+00  2.008644E+00  1.800508E+02  1.267069E+01
   4.495000E+00  2.029422E+00  1.810983E+02  1.269685E+01
   4.500000E+00  2.050476E+00  1.821587E+02  1.272309E+01
   4.505000E+00  2.071812E+00  1.832322E+02  1.274940E+01
   4.510000E+00  2.093435E+00  1.843189E+02  1.277577E+01
   4.515000E+00  2.115348E+00  1.854190E+02  1.280221E+01
   4.520000E+00  2.137558E+00  1.865328E+02  1.282873E+01
   4.525000E+00  2.160068E+00  1.876604E+02  1.285531E+01
   4.530000E+00  2.182885E+00  1.888020E+02  1.288196E+01
   4.535000E+00  2.206012E+00  1.899579E+02  1.290868E+01
   4.540000E+00  2.229456E+00  1.911282E+02  1.293546E+01
   4.545000E+00  2.253222E+00  1.923131E+02  1.296232E+01
   4.550000E+00  2.277315E+00  1.935129E+02  1.298924E+01
   4.555000E+00  2.301741E+00  1.947278E+02  1.301624E+01
   4.560000E+00  2.326505E+00  1.959580E+02  1.304330E+01
   4.565000E+00  2.351613E+00  1.972037E+02  1.307042E+01
   4.570000E+00  2.377071E+00  1.984652E+02  1.309762E+01
   4.575000E+00  2.402885E+00  1.997427E+02  1.312488E+01
   4.580000E+00  2.429062E+00  2.010364E+02  1.315221E+01
   4.585000E+00  2.455607E+00  2.023466E+02  1.317961E+01
   4.590000E+00  2.482527E+00  2.036735E+02  1.320707E+01
   4.595000E+00  2.509828E+00  2.050174E+02  1.323460E+01
   4.600000E+00  2.537518E+00  2.063785E+02  1.326220E+01
   4.605000E+00  2.565602E+00  2.077571E+02  1.328986E+01
   4.610000E+00  2.594088E+00  2.091535E+02  1.331759E+01
   4.615000E+00  2.622982E+00  2.105679E+02  1.334539E+01
   4.620000E+00  2.652293E+00  2.120005E+02  1.337325E+01
   4.625000E+00  2.682026E+00  2.134517E+02  1.340117E+01
   4.630000E+00  2.712191E+00  2.149218E+02  1.342916E+01
   4.635000E+00  2.742794E+00  2.164111E+02  1.345722E+01
   4.640000E+00  2.773843E+00  2.179197E+02  1.348534E+01
   4.645000E+00  2.805346E+00  2.194481E+02  1.351353E+01
   4.650000E+00  2.837312E+00  2.209965E+02  1.354178E+01
   4.655000E+00  2.869748E+00  2.225653E+02  1.357009E+01
   4.660000E+00  2.902663E+00  2.241548E+02  1.359847E+01
   4.665000E+00  2.936066E+00  2.257652E+02  1.362691E+01
   4.670000E+00  2.969965E+00  2.273969E+02  1.365541E+01
   4.675000E+00  3.004370E+00  2.290503E+02  1.368398E+01
   4.680000E+00  3.039289E+00  2.307257E+02  1.371261E+01
   4.685000E+00  3.074733E+00  2.324234E+02  1.374130E+01
   4.690000E+00  3.110710E+00  2.341438E+02  1.377005E+01
   4.695000E+00  3.147230E+00  2.358872E+02  1.379887E+01
   4.700000E+00  3.184304E+00  2.376540E+02  1.382774E+01
   4.705000E+00  3.221942E+00  2.394446E+02  1.385668E+01
   4.710000E+00  3.260153E+00  2.412594E+02  1.388568E+01
   4.715000E+00  3.298950E+00  2.430986E+02  1.391474E+01
   4.720000E+00  3.338342E+00  2.449629E+02  1.394386E+01
   4.725000E+00  3.378340E+00  2.468524E+02  1.397304E+01
   4.730000E+00  3.418957E+00  2.487677E+02  1.400228E+01
   4.735000E+00  3.460203E+00  2.507092E+02  1.403157E+01
   4.740000E+00  3.502090E+00  2.526772E+02  1.406093E+01
   4.745000E+00  3.544631E+00  2.546722E+02  1.409035E+01
   4.750000E+00  3.587838E+00  2.566947E+02  1.411982E+01
   4.755000E+00  3.631724E+00  2.587451E+02  1.414935E+01
   4.760000E+00  3.676301E+00  2.608238E+02  1.417894E+01
   4.765000E+00  3.721582E+00  2.629314E+02  1.420859E+01
   4.770000E+00  3.767582E+00  2.650683E+02  1.423829E+01
   4.775000E+00  3.814313E+00  2.672349E+02  1.426805E+01
   4.780000E+00  3.861791E+00  2.694318E+02  1.429787E+01
   4.785000E+00  3.910029E+00  2.716595E+02  1.432774E+01
   4.790000E+00  3.959042E+00  2.739185E+02  1.435766E+01
   4.795000E+00  1.000000E+00  1.000000E-05  0.000000E+00
   4.800000E+00  1.000000E+00  1.000000E-05  0.000000E+00
   4.805000E+00  1.000000E+00  1.000000E-05  0.000000E+00
   4.810000E+00  1.000000E+00  1.000000E-05  0.000000E+00
   4.815000E+00  1.000000E+00  1.000000E-05  0.000000E+00
   4.820000E+00  1.000000E+00  1.000000E-05  0.000000E+00
   4.825000E+00  1.000000E+00  1.000000E-05  0.000000E+00
   4.830000E+00  1.000000E+00  1.000000E-05  0.000000E+00
   4.835000E+00  1.000000E+00  1.000000E-05  0.000000E+00
   4.840000E+00  1.000000E+00  1.000000E-05  0.000000E+00
   4.845000E+00  1.000000E+00  1.000000E-05  0.000000E+00
   4.850000E+00  1.000000E+00  1.000000E-05  0.000000E+00
   4.855000E+00  1.000000E+00  1.000000E-05  0.000000E+00
   4.860000E+00  1.000000E+00  1.000000E-05  0.000000E+00
   4.865000E+00  1.000000E+00  1.000000E-05  0.000000E+00
   4.870000E+00  1.000000E+00  1.000000E-05  0.000000E+00
   4.875000E+00  1.000000E+00  1.000000E-05  0.000000E+00
   4.880000E+00  1.000000E+00  1.000000E-05  0.000000E+00
   4.885000E+00  1.000000E+00  1.000000E-05  0.000000E+00
   4.890000E+00  1.000000E+00  1.000000E-05  0.000000E+00
   4.895000E+00  1.000000E+00  1.000000E-05  0.000000E+00
   4.900000E+00  1.000000E+00  1.000000E-05  0.000000E+00
   4.905000E+00  1.000000E+00  1.000000E-05  0.000000E+00
   4.910000E+00  1.000000E+00  1.000000E-05  0.000000E+00
   4.915000E+00  1.000000E+00  1.000000E-05  0.000000E+00
   4.920000E+00  1.000000E+00  1.000000E-05  0.000000E+00
   4.925000E+00  1.000000E+00  1.000000E-05  0.000000E+00
   4.930000E+00  1.000000E+00  1.000000E-05  0.000000E+00
   4.935000E+00  1.000000E+00  1.000000E-05  0.000000E+00
   4.940000E+00  1.000000E+00  1.000000E-05  0.000000E+00
   4.945000E+00  1.000000E+00  1.000000E-05  0.000000E+00
   4.950000E+00  1.000000E+00  1.000000E-05  0.000000E+00
   4.955000E+00  1.000000E+00  1.000000E-05  0.000000E+00
   4.960000E+00  1.000000E+00  1.000000E-05  0.000000E+00
   4.965000E+00  1.000000E+00  1.000000E-05  0.000000E+00
   4.970000E+00  1.000000E+00  1.000000E-05  0.000000E+00
   4.975000E+00  1.000000E+00  1.000000E-05  0.000000E+00
   4.980000E+00  1.000000E+00  1.000000E-05  0.000000E+00
   4.985000E+00  1.000000E+00  1.000000E-05  0.000000E+00
   4.990000E+00  1.000000E+00  1.000000E-05  0.000000E+00
   4.995000E+00  1.000000E+00  1.000000E-05  0.000000E+00
   5.000000E+00  1.000000E+00  1.000000E-05  0.000000E+00
   5.005000E+00  1.000000E+00  1.000000E-05  0.000000E+00
   5.010000E+00  1.000000E+00  1.000000E-05  0.000000E+00
   5.015000E+00  1.000000E+00  1.000000E-05  0.000000E+00
   5.020000E+00  1.000000E+00  1.000000E-05  0.000000E+00
   5.025000E+00  1.000000E+00  1.000000E-05  0.000000E+00
   5.030000E+00  1.000000E+00  1.000000E-05  0.000000E+00
   5.035000E+00  1.000000E+00  1.000000E-05  0.000000E+00
   5.040000E+00  1.000000E+00  1.000000E-05  0.000000E+00
   5.045000E+00  1.000000E+00  1.000000E-05  0.000000E+00
   5.050000E+00  1.000000E+00  1.000000E-05  0.000000E+00
   5.055000E+00  1.000000E+00  1.000000E-05  0.000000E+00
   5.060000E+00  1.000000E+00  1.000000E-05  0.000000E+00
   5.065000E+00  1.000000E+00  1.000000E-05  0.000000E+00
   5.070000E+00  1.000000E+00  1.000000E-05  0.000000E+00
   5.075000E+00  1.000000E+00  1.000000E-05  0.000000E+00
   5.080000E+00  1.000000E+00  1.000000E-05  0.000000E+00
   5.085000E+00  1.000000E+00  1.000000E-05  0.000000E+00
   5.090000E+00  1.000000E+00  1.000000E-05  0.000000E+00
   5.095000E+00  1.000000E+00  1.000000E-05  0.000000E+00
   5.100000E+00  1.000000E+00  1.000000E-05  0.000000E+00
   5.105000E+00  1.000000E+00  1.000000E-05  0.000000E+00
   5.110000E+00  1.000000E+00  1.000000E-05  0.000000E+00
   5.115000E+00  1.000000E+00  1.000000E-05  0.000000E+00
   5.120000E+00  1.000000E+00  1.000000E-05  0.000000E+00
   5.125000E+00  1.000000E+00  1.000000E-05  0.000000E+00
   5.130000E+00  1.000000E+00  1.000000E-05  0.000000E+00
   5.135000E+00  1.000000E+00  1.000000E-05  0.000000E+00
   5.140000E+00  1.000000E+00  1.000000E-05  0.000000E+00
   5.145000E+00  1.000000E+00  1.000000E-05  0.000000E+00
   5.150000E+00  1.000000E+00  1.000000E-05  0.000000E+00
   5.155000E+00  1.000000E+00  1.000000E-05  0.000000E+00
   5.160000E+00  1.000000E+00  1.000000E-05  0.000000E+00
   5.165000E+00  1.000000E+00  1.000000E-05  0.000000E+00
   5.170000E+00  1.000000E+00  1.000000E-05  0.000000E+00
   5.175000E+00  1.000000E+00  1.000000E-05  0.000000E+00
   5.180000E+00  1.000000E+00  1.000000E-05  0.000000E+00
   5.185000E+00  1.000000E+00  1.000000E-05  0.000000E+00
   5.190000E+00  1.000000E+00  1.000000E-05  0.000000E+00
   5.195000E+00  1.000000E+00  1.000000E-05  0.000000E+00
   5.200000E+00  1.000000E+00  1.000000E-05  0.000000E+00
   5.205000E+00  1.000000E+00  1.000000E-05  0.000000E+00
   5.210000E+00  1.000000E+00  1.000000E-05  0.000000E+00
   5.215000E+00  1.000000E+00  1.000000E-05  0.000000E+00
   5.220000E+00  1.000000E+00  1.000000E-05  0.000000E+00
   5.225000E+00  1.000000E+00  1.000000E-05  0.000000E+00
   5.230000E+00  1.000000E+00  1.000000E-05  0.000000E+00
   5.235000E+00  1.000000E+00  1.000000E-05  0.000000E+00
   5.240000E+00  1.000000E+00  1.000000E-05  0.000000E+00
   5.245000E+00  1.000000E+00  1.000000E-05  0.000000E+00
   5.250000E+00  1.000000E+00  1.000000E-05  0.000000E+00
   5.255000E+00  1.000000E+00  1.000000E-05  0.000000E+00
   5.260000E+00  1.000000E+00  1.000000E-05  0.000000E+00
   5.265000E+00  1.000000E+00  1.000000E-05  0.000000E+00
   5.270000E+00  1.000000E+00  1.000000E-05  0.000000E+00
   5.275000E+00  1.000000E+00  1.000000E-05  0.000000E+00
   5.280000E+00  1.000000E+00  1.000000E-05  0.000000E+00
   5.285000E+00  1.000000E+00  1.000000E-05  0.000000E+00
   5.290000E+00  1.000000E+00  1.000000E-05  0.000000E+00
   5.295000E+00  1.000000E+00  1.000000E-05  0.000000E+00
   5.300000E+00  1.000000E+00  1.000000E-05  0.000000E+00
   5.305000E+00  1.000000E+00  1.000000E-05  0.000000E+00
   5.310000E+00  1.000000E+00  1.000000E-05  0.000000E+00
   5.315000E+00  1.000000E+00  1.000000E-05  0.000000E+00
   5.320000E+00  1.000000E+00  1.000000E-05  0.000000E+00
   5.325000E+00  1.000000E+00  1.000000E-05  0.000000E+00
   5.330000E+00  1.000000E+00  1.000000E-05  0.000000E+00
   5.335000E+00  1.000000E+00  1.000000E-05  0.000000E+00
   5.340000E+00  1.000000E+00  1.000000E-05  0.000000E+00
   5.345000E+00  1.000000E+00  1.000000E-05  0.000000E+00
   5.350000E+00  1.000000E+00  1.000000E-05  0.000000E+00
   5.355000E+00  1.000000E+00  1.000000E-05  0.000000E+00
   5.360000E+00  1.000000E+00  1.000000E-05  0.000000E+00
   5.365000E+00  1.000000E+00  1.000000E-05  0.000000E+00
   5.370000E+00  1.000000E+00  1.000000E-05  0.000000E+00
   5.375000E+00  1.000000E+00  1.000000E-05  0.000000E+00
   5.380000E+00  1.000000E+00  1.000000E-05  0.000000E+00
   5.385000E+00  1.000000E+00  1.000000E-05  0.000000E+00
   5.390000E+00  1.000000E+00  1.000000E-05  0.000000E+00
   5.395000E+00  1.000000E+00  1.000000E-05  0.000000E+00
   5.400000E+00  1.000000E+00  1.000000E-05  0.000000E+00
   5.405000E+00  1.000000E+00  1.000000E-05  0.000000E+00
   5.410000E+00  1.000000E+00  1.000000E-05  0.000000E+00
   5.415000E+00  1.000000E+00  1.000000E-05  0.000000E+00
   5.420000E+00  1.000000E+00  1.000000E-05  0.000000E+00
   5.425000E+00  1.000000E+00  1.000000E-05  0.000000E+00
   5.430000E+00  1.000000E+00  1.000000E-05  0.000000E+00
   5.435000E+00  1.000000E+00  1.000000E-05  0.000000E+00
   5.440000E+00  1.000000E+00  1.000000E-05  0.000000E+00
   5.445000E+00  1.000000E+00  1.000000E-05  0.000000E+00
   5.450000E+00  1.000000E+00  1.000000E-05  0.000000E+00
   5.455000E+00  1.000000E+00  1.000000E-05  0.000000E+00
   5.460000E+00  1.000000E+00  1.000000E-05  0.000000E+00
   5.465000E+00  1.000000E+00  1.000000E-05  0.000000E+00
   5.470000E+00  1.000000E+00  1.000000E-05  0.000000E+00
   5.475000E+00  1.000000E+00  1.000000E-05  0.000000E+00
   5.480000E+00  1.000000E+00  1.000000E-05  0.000000E+00
   5.485000E+00  1.000000E+00  1.000000E-05  0.000000E+00
   5.490000E+00  1.000000E+00  1.000000E-05  0.000000E+00
   5.495000E+00  1.000000E+00  1.000000E-05  0.000000E+00
   5.500000E+00  1.000000E+00  1.000000E-05  0.000000E+00
   5.505000E+00  1.000000E+00  1.000000E-05  0.000000E+00
   5.510000E+00  1.000000E+00  1.000000E-05  0.000000E+00
   5.515000E+00  1.000000E+00  1.000000E-05  0.000000E+00
   5.520000E+00  1.000000E+00  1.000000E-05  0.000000E+00
   5.525000E+00  1.000000E+00  1.000000E-05  0.000000E+00
   5.530000E+00  1.000000E+00  1.000000E-05  0.000000E+00
   5.535000E+00  1.000000E+00  1.000000E-05  0.000000E+00
   5.540000E+00  1.000000E+00  1.000000E-05  0.000000E+00
   5.545000E+00  1.000000E+00  1.000000E-05  0.000000E+00
   5.550000E+00  1.000000E+00  1.000000E-05  0.000000E+00
   5.555000E+00  1.000000E+00  1.000000E-05  0.000000E+00
   5.560000E+00  1.000000E+00  1.000000E-05  0.000000E+00
   5.565000E+00  1.000000E+00  1.000000E-05  0.000000E+00
   5.570000E+00  1.000000E+00  1.000000E-05  0.000000E+00
   5.575000E+00  1.000000E+00  1.000000E-05  0.000000E+00
   5.580000E+00  1.000000E+00  1.000000E-05  0.000000E+00
   5.585000E+00  1.000000E+00  1.000000E-05  0.000000E+00
   5.590000E+00  1.000000E+00  1.000000E-05  0.000000E+00
   5.595000E+00  1.000000E+00  1.000000E-05  0.000000E+00
   5.600000E+00  1.000000E+00  1.000000E-05  0.000000E+00
   5.605000E+00  1.000000E+00  1.000000E-05  0.000000E+00
   5.610000E+00  1.000000E+00  1.000000E-05  0.000000E+00
   5.615000E+00  1.000000E+00  1.000000E-05  0.000000E+00
   5.620000E+00  1.000000E+00  1.000000E-05  0.000000E+00
   5.625000E+00  1.000000E+00  1.000000E-05  0.000000E+00
   5.630000E+00  1.000000E+00  1.000000E-05  0.000000E+00
   5.635000E+00  1.000000E+00  1.000000E-05  0.000000E+00
   5.640000E+00  1.000000E+00  1.000000E-05  0.000000E+00
   5.645000E+00  1.000000E+00  1.000000E-05  0.000000E+00
   5.650000E+00  1.000000E+00  1.000000E-05  0.000000E+00
   5.655000E+00  1.000000E+00  1.000000E-05  0.000000E+00
   5.660000E+00  1.000000E+00  1.000000E-05  0.000000E+00
   5.665000E+00  1.000000E+00  1.000000E-05  0.000000E+00
   5.670000E+00  1.000000E+00  1.000000E-05  0.000000E+00
   5.675000E+00  1.000000E+00  1.000000E-05  0.000000E+00
   5.680000E+00  1.000000E+00  1.000000E-05  0.000000E+00
   5.685000E+00  1.000000E+00  1.000000E-05  0.000000E+00
   5.690000E+00  1.000000E+00  1.000000E-05  0.000000E+00
   5.695000E+00  1.000000E+00  1.000000E-05  0.000000E+00
   5.700000E+00  1.000000E+00  1.000000E-05  0.000000E+00
   5.705000E+00  1.000000E+00  1.000000E-05  0.000000E+00
   5.710000E+00  1.000000E+00  1.000000E-05  0.000000E+00
   5.715000E+00  1.000000E+00  1.000000E-05  0.000000E+00
   5.720000E+00  1.000000E+00  1.000000E-05  0.000000E+00
   5.725000E+00  1.000000E+00  1.000000E-05  0.000000E+00
   5.730000E+00  1.000000E+00  1.000000E-05  0.000000E+00
   5.735000E+00  1.000000E+00  1.000000E-05  0.000000E+00
   5.740000E+00  1.000000E+00  1.000000E-05  0.000000E+00
   5.745000E+00  1.000000E+00  1.000000E-05  0.000000E+00
   5.750000E+00  1.000000E+00  1.000000E-05  0.000000E+00
   5.755000E+00  1.000000E+00  1.000000E-05  0.000000E+00
   5.760000E+00  1.000000E+00  1.000000E-05  0.000000E+00
   5.765000E+00  1.000000E+00  1.000000E-05  0.000000E+00
   5.770000E+00  1.000000E+00  1.000000E-05  0.000000E+00
   5.775000E+00  1.000000E+00  1.000000E-05  0.000000E+00
   5.780000E+00  1.000000E+00  1.000000E-05  0.000000E+00
   5.785000E+00  1.000000E+00  1.000000E-05  0.000000E+00
   5.790000E+00  1.000000E+00  1.000000E-05  0.000000E+00
   5.795000E+00  1.000000E+00  1.000000E-05  0.000000E+00
   5.800000E+00  1.000000E+00  1.000000E-05  0.000000E+00
   5.805000E+00  1.000000E+00  1.000000E-05  0.000000E+00
   5.810000E+00  1.000000E+00  1.000000E-05  0.000000E+00
   5.815000E+00  1.000000E+00  1.000000E-05  0.000000E+00
   5.820000E+00  1.000000E+00  1.000000E-05  0.000000E+00
   5.825000E+00  1.000000E+00  1.000000E-05  0.000000E+00
   5.830000E+00  1.000000E+00  1.000000E-05  0.000000E+00
   5.835000E+00  1.000000E+00  1.000000E-05  0.000000E+00
   5.840000E+00  1.000000E+00  1.000000E-05  0.000000E+00
   5.845000E+00  1.000000E+00  1.000000E-05  0.000000E+00
   5.850000E+00  1.000000E+00  1.000000E-05  0.000000E+00
   5.855000E+00  1.000000E+00  1.000000E-05  0.000000E+00
   5.860000E+00  1.000000E+00  1.000000E-05  0.000000E+00
   5.865000E+00  1.000000E+00  1.000000E-05  0.000000E+00
   5.870000E+00  1.000000E+00  1.000000E-05  0.000000E+00
   5.875000E+00  1.000000E+00  1.000000E-05  0.000000E+00
   5.880000E+00  1.000000E+00  1.000000E-05  0.000000E+00
   5.885000E+00  1.000000E+00  1.000000E-05  0.000000E+00
   5.890000E+00  1.000000E+00  1.000000E-05  0.000000E+00
   5.895000E+00  1.000000E+00  1.000000E-05  0.000000E+00
   5.900000E+00  1.000000E+00  1.000000E-05  0.000000E+00
   5.905000E+00  1.000000E+00  1.000000E-05  0.000000E+00
   5.910000E+00  1.000000E+00  1.000000E-05  0.000000E+00
   5.915000E+00  1.000000E+00  1.000000E-05  0.000000E+00
   5.920000E+00  1.000000E+00  1.000000E-05  0.000000E+00
   5.925000E+00  1.000000E+00  1.000000E-05  0.000000E+00
   5.930000E+00  1.000000E+00  1.000000E-05  0.000000E+00
   5.935000E+00  1.000000E+00  1.000000E-05  0.000000E+00
   5.940000E+00  1.000000E+00  1.000000E-05  0.000000E+00
   5.945000E+00  1.000000E+00  1.000000E-05  0.000000E+00
   5.950000E+00  1.000000E+00  1.000000E-05  0.000000E+00
   5.955000E+00  1.000000E+00  1.000000E-05  0.000000E+00
   5.960000E+00  1.000000E+00  1.000000E-05  0.000000E+00
   5.965000E+00  1.000000E+00  1.000000E-05  0.000000E+00
   5.970000E+00  1.000000E+00  1.000000E-05  0.000000E+00
   5.975000E+00  1.000000E+00  1.000000E-05  0.000000E+00
   5.980000E+00  1.000000E+00  1.000000E-05  0.000000E+00
   5.985000E+00  1.000000E+00  1.000000E-05  0.000000E+00
   5.990000E+00  1.000000E+00  1.000000E-05  0.000000E+00
   5.995000E+00  1.000000E+00  1.000000E-05  0.000000E+00
   6.000000E+00  1.000000E+00  1.000000E-05  0.000000E+00
   6.005000E+00  1.000000E+00  1.000000E-05  0.000000E+00
   6.010000E+00  1.000000E+00  1.000000E-05  0.000000E+00
   6.015000E+00  1.000000E+00  1.000000E-05  0.000000E+00
   6.020000E+00  1.000000E+00  1.000000E-05  0.000000E+00
   6.025000E+00  1.000000E+00  1.000000E-05  0.000000E+00
   6.030000E+00  1.000000E+00  1.000000E-05  0.000000E+00
   6.035000E+00  1.000000E+00  1.000000E-05  0.000000E+00
   6.040000E+00  1.000000E+00  1.000000E-05  0.000000E+00
   6.045000E+00  1.000000E+00  1.000000E-05  0.000000E+00
   6.050000E+00  1.000000E+00  1.000000E-05  0.000000E+00
   6.055000E+00  1.000000E+00  1.000000E-05  0.000000E+00
   6.060000E+00  1.000000E+00  1.000000E-05  0.000000E+00
   6.065000E+00  1.000000E+00  1.000000E-05  0.000000E+00
   6.070000E+00  1.000000E+00  1.000000E-05  0.000000E+00
   6.075000E+00  1.000000E+00  1.000000E-05  0.000000E+00
   6.080000E+00  1.000000E+00  1.000000E-05  0.000000E+00
   6.085000E+00  1.000000E+00  1.000000E-05  0.000000E+00
   6.090000E+00  1.000000E+00  1.000000E-05  0.000000E+00
   6.095000E+00  1.000000E+00  1.000000E-05  0.000000E+00
   6.100000E+00  1.000000E+00  1.000000E-05  0.000000E+00
   6.105000E+00  1.000000E+00  1.000000E-05  0.000000E+00
   6.110000E+00  1.000000E+00  1.000000E-05  0.000000E+00
   6.115000E+00  1.000000E+00  1.000000E-05  0.000000E+00
   6.120000E+00  1.000000E+00  1.000000E-05  0.000000E+00
   6.125000E+00  1.000000E+00  1.000000E-05  0.000000E+00
   6.130000E+00  1.000000E+00  1.000000E-05  0.000000E+00
   6.135000E+00  1.000000E+00  1.000000E-05  0.000000E+00
   6.140000E+00  1.000000E+00  1.000000E-05  0.000000E+00
   6.145000E+00  1.000000E+00  1.000000E-05  0.000000E+00
   6.150000E+00  1.000000E+00  1.000000E-05  0.000000E+00
   6.155000E+00  1.000000E+00  1.000000E-05  0.000000E+00
   6.160000E+00  1.000000E+00  1.000000E-05  0.000000E+00
   6.165000E+00  1.000000E+00  1.000000E-05  0.000000E+00
   6.170000E+00  1.000000E+00  1.000000E-05  0.000000E+00
   6.175000E+00  1.000000E+00  1.000000E-05  0.000000E+00
   6.180000E+00  1.000000E+00  1.000000E-05  0.000000E+00
   6.185000E+00  1.000000E+00  1.000000E-05  0.000000E+00
   6.190000E+00  1.000000E+00  1.000000E-05  0.000000E+00
   6.195000E+00  1.000000E+00  1.000000E-05  0.000000E+00
   6.200000E+00  1.000000E+00  1.000000E-05  0.000000E+00
   6.205000E+00  1.000000E+00  1.000000E-05  0.000000E+00
   6.210000E+00  1.000000E+00  1.000000E-05  0.000000E+00
   6.215000E+00  1.000000E+00  1.000000E-05  0.000000E+00
   6.220000E+00  1.000000E+00  1.000000E-05  0.000000E+00
   6.225000E+00  1.000000E+00  1.000000E-05  0.000000E+00
   6.230000E+00  1.000000E+00  1.000000E-05  0.000000E+00
   6.235000E+00  1.000000E+00  1.000000E-05  0.000000E+00
   6.240000E+00  1.000000E+00  1.000000E-05  0.000000E+00
   6.245000E+00  1.000000E+00  1.000000E-05  0.000000E+00
   6.250000E+00  1.000000E+00  1.000000E-05  0.000000E+00
   6.255000E+00  1.000000E+00  1.000000E-05  0.000000E+00
   6.260000E+00  1.000000E+00  1.000000E-05  0.000000E+00
   6.265000E+00  1.000000E+00  1.000000E-05  0.000000E+00
   6.270000E+00  1.000000E+00  1.000000E-05  0.000000E+00
   6.275000E+00  1.000000E+00  1.000000E-05  0.000000E+00
   6.280000E+00  1.000000E+00  1.000000E-05  0.000000E+00
   6.285000E+00  1.000000E+00  1.000000E-05  0.000000E+00
   6.290000E+00  1.000000E+00  1.000000E-05  0.000000E+00
   6.295000E+00  1.000000E+00  1.000000E-05  0.000000E+00
   6.300000E+00  1.000000E+00  1.000000E-05  0.000000E+00
   6.305000E+00  1.000000E+00  1.000000E-05  0.000000E+00
   6.310000E+00  1.000000E+00  1.000000E-05  0.000000E+00
   6.315000E+00  1.000000E+00  1.000000E-05  0.000000E+00
   6.320000E+00  1.000000E+00  1.000000E-05  0.000000E+00
   6.325000E+00  1.000000E+00  1.000000E-05  0.000000E+00
   6.330000E+00  1.000000E+00  1.000000E-05  0.000000E+00
   6.335000E+00  1.000000E+00  1.000000E-05  0.000000E+00
   6.340000E+00  1.000000E+00  1.000000E-05  0.000000E+00
   6.345000E+00  1.000000E+00  1.000000E-05  0.000000E+00
   6.350000E+00  1.000000E+00  1.000000E-05  0.000000E+00
   6.355000E+00  1.000000E+00  1.000000E-05  0.000000E+00
   6.360000E+00  1.000000E+00  1.000000E-05  0.000000E+00
   6.365000E+00  1.000000E+00  1.000000E-05  0.000000E+00
   6.370000E+00  1.000000E+00  1.000000E-05  0.000000E+00
   6.375000E+00  1.000000E+00  1.000000E-05  0.000000E+00
   6.380000E+00  1.000000E+00  1.000000E-05  0.000000E+00
   6.385000E+00  1.000000E+00  1.000000E-05  0.000000E+00
   6.390000E+00  1.000000E+00  1.000000E-05  0.000000E+00
   6.395000E+00  1.000000E+00  1.000000E-05  0.000000E+00
   6.400000E+00  1.000000E+00  1.000000E-05  0.000000E+00
   6.405000E+00  1.000000E+00  1.000000E-05  0.000000E+00
   6.410000E+00  1.000000E+00  1.000000E-05  0.000000E+00
   6.415000E+00  1.000000E+00  1.000000E-05  0.000000E+00
   6.420000E+00  1.000000E+00  1.000000E-05  0.000000E+00
   6.425000E+00  1.000000E+00  1.000000E-05  0.000000E+00
   6.430000E+00  1.000000E+00  1.000000E-05  0.000000E+00
   6.435000E+00  1.000000E+00  1.000000E-05  0.000000E+00
   6.440000E+00  1.000000E+00  1.000000E-05  0.000000E+00
   6.445000E+00  1.000000E+00  1.000000E-05  0.000000E+00
   6.450000E+00  1.000000E+00  1.000000E-05  0.000000E+00
   6.455000E+00  1.000000E+00  1.000000E-05  0.000000E+00
   6.460000E+00  1.000000E+00  1.000000E-05  0.000000E+00
   6.465000E+00  1.000000E+00  1.000000E-05  0.000000E+00
   6.470000E+00  1.000000E+00  1.000000E-05  0.000000E+00
   6.475000E+00  1.000000E+00  1.000000E-05  0.000000E+00
   6.480000E+00  1.000000E+00  1.000000E-05  0.000000E+00
   6.485000E+00  1.000000E+00  1.000000E-05  0.000000E+00
   6.490000E+00  1.000000E+00  1.000000E-05  0.000000E+00
   6.495000E+00  1.000000E+00  1.000000E-05  0.000000E+00
   6.500000E+00  1.000000E+00  1.000000E-05  0.000000E+00
   6.505000E+00  1.000000E+00  1.000000E-05  0.000000E+00
   6.510000E+00  1.000000E+00  1.000000E-05  0.000000E+00
   6.515000E+00  1.000000E+00  1.000000E-05  0.000000E+00
   6.520000E+00  1.000000E+00  1.000000E-05  0.000000E+00
   6.525000E+00  1.000000E+00  1.000000E-05  0.000000E+00
   6.530000E+00  1.000000E+00  1.000000E-05  0.000000E+00
   6.535000E+00  1.000000E+00  1.000000E-05  0.000000E+00
   6.540000E+00  1.000000E+00  1.000000E-05  0.000000E+00
   6.545000E+00  1.000000E+00  1.000000E-05  0.000000E+00
   6.550000E+00  1.000000E+00  1.000000E-05  0.000000E+00
   6.555000E+00  1.000000E+00  1.000000E-05  0.000000E+00
   6.560000E+00  1.000000E+00  1.000000E-05  0.000000E+00
   6.565000E+00  1.000000E+00  1.000000E-05  0.000000E+00
   6.570000E+00  1.000000E+00  1.000000E-05  0.000000E+00
   6.575000E+00  1.000000E+00  1.000000E-05  0.000000E+00
   6.580000E+00  1.000000E+00  1.000000E-05  0.000000E+00
   6.585000E+00  1.000000E+00  1.000000E-05  0.000000E+00
   6.590000E+00  1.000000E+00  1.000000E-05  0.000000E+00
   6.595000E+00  1.000000E+00  1.000000E-05  0.000000E+00
   6.600000E+00  1.000000E+00  1.000000E-05  0.000000E+00
   6.605000E+00  1.000000E+00  1.000000E-05  0.000000E+00
   6.610000E+00  1.000000E+00  1.000000E-05  0.000000E+00
   6.615000E+00  1.000000E+00  1.000000E-05  0.000000E+00
   6.620000E+00  1.000000E+00  1.000000E-05  0.000000E+00
   6.625000E+00  1.000000E+00  1.000000E-05  0.000000E+00
   6.630000E+00  1.000000E+00  1.000000E-05  0.000000E+00
   6.635000E+00  1.000000E+00  1.000000E-05  0.000000E+00
   6.640000E+00  1.000000E+00  1.000000E-05  0.000000E+00
   6.645000E+00  1.000000E+00  1.000000E-05  0.000000E+00
   6.650000E+00  1.000000E+00  1.000000E-05  0.000000E+00
   6.655000E+00  1.000000E+00  1.000000E-05  0.000000E+00
   6.660000E+00  1.000000E+00  1.000000E-05  0.000000E+00
   6.665000E+00  1.000000E+00  1.000000E-05  0.000000E+00
   6.670000E+00  1.000000E+00  1.000000E-05  0.000000E+00
   6.675000E+00  1.000000E+00  1.000000E-05  0.000000E+00
   6.680000E+00  1.000000E+00  1.000000E-05  0.000000E+00
   6.685000E+00  1.000000E+00  1.000000E-05  0.000000E+00
   6.690000E+00  1.000000E+00  1.000000E-05  0.000000E+00
   6.695000E+00  1.000000E+00  1.000000E-05  0.000000E+00
   6.700000E+00  1.000000E+00  1.000000E-05  0.000000E+00
   6.705000E+00  1.000000E+00  1.000000E-05  0.000000E+00
   6.710000E+00  1.000000E+00  1.000000E-05  0.000000E+00
   6.715000E+00  1.000000E+00  1.000000E-05  0.000000E+00
   6.720000E+00  1.000000E+00  1.000000E-05  0.000000E+00
   6.725000E+00  1.000000E+00  1.000000E-05  0.000000E+00
   6.730000E+00  1.000000E+00  1.000000E-05  0.000000E+00
   6.735000E+00  1.000000E+00  1.000000E-05  0.000000E+00
   6.740000E+00  1.000000E+00  1.000000E-05  0.000000E+00
   6.745000E+00  1.000000E+00  1.000000E-05  0.000000E+00
   6.750000E+00  1.000000E+00  1.000000E-05  0.000000E+00
   6.755000E+00  1.000000E+00  1.000000E-05  0.000000E+00
   6.760000E+00  1.000000E+00  1.000000E-05  0.000000E+00
   6.765000E+00  1.000000E+00  1.000000E-05  0.000000E+00
   6.770000E+00  1.000000E+00  1.000000E-05  0.000000E+00
   6.775000E+00  1.000000E+00  1.000000E-05  0.000000E+00
   6.780000E+00  1.000000E+00  1.000000E-05  0.000000E+00
   6.785000E+00  1.000000E+00  1.000000E-05  0.000000E+00
   6.790000E+00  1.000000E+00  1.000000E-05  0.000000E+00
   6.795000E+00  1.000000E+00  1.000000E-05  0.000000E+00
   6.800000E+00  1.000000E+00  1.000000E-05  0.000000E+00
   6.805000E+00  1.000000E+00  1.000000E-05  0.000000E+00
   6.810000E+00  1.000000E+00  1.000000E-05  0.000000E+00
   6.815000E+00  1.000000E+00  1.000000E-05  0.000000E+00
   6.820000E+00  1.000000E+00  1.000000E-05  0.000000E+00
   6.825000E+00  1.000000E+00  1.000000E-05  0.000000E+00
   6.830000E+00  1.000000E+00  1.000000E-05  0.000000E+00
   6.835000E+00  1.000000E+00  1.000000E-05  0.000000E+00
   6.840000E+00  1.000000E+00  1.000000E-05  0.000000E+00
   6.845000E+00  1.000000E+00  1.000000E-05  0.000000E+00
   6.850000E+00  1.000000E+00  1.000000E-05  0.000000E+00
   6.855000E+00  1.000000E+00  1.000000E-05  0.000000E+00
   6.860000E+00  1.000000E+00  1.000000E-05  0.000000E+00
   6.865000E+00  1.000000E+00  1.000000E-05  0.000000E+00
   6.870000E+00  1.000000E+00  1.000000E-05  0.000000E+00
   6.875000E+00  1.000000E+00  1.000000E-05  0.000000E+00
   6.880000E+00  1.000000E+00  1.000000E-05  0.000000E+00
   6.885000E+00  1.000000E+00  1.000000E-05  0.000000E+00
   6.890000E+00  1.000000E+00  1.000000E-05  0.000000E+00
   6.895000E+00  1.000000E+00  1.000000E-05  0.000000E+00
   6.900000E+00  1.000000E+00  1.000000E-05  0.000000E+00
   6.905000E+00  1.000000E+00  1.000000E-05  0.000000E+00
   6.910000E+00  1.000000E+00  1.000000E-05  0.000000E+00
   6.915000E+00  1.000000E+00  1.000000E-05  0.000000E+00
   6.920000E+00  1.000000E+00  1.000000E-05  0.000000E+00
   6.925000E+00  1.000000E+00  1.000000E-05  0.000000E+00
   6.930000E+00  1.000000E+00  1.000000E-05  0.000000E+00
   6.935000E+00  1.000000E+00  1.000000E-05  0.000000E+00
   6.940000E+00  1.000000E+00  1.000000E-05  0.000000E+00
   6.945000E+00  1.000000E+00  1.000000E-05  0.000000E+00
   6.950000E+00  1.000000E+00  1.000000E-05  0.000000E+00
   6.955000E+00  1.000000E+00  1.000000E-05  0.000000E+00
   6.960000E+00  1.000000E+00  1.000000E-05  0.000000E+00
   6.965000E+00  1.000000E+00  1.000000E-05  0.000000E+00
   6.970000E+00  1.000000E+00  1.000000E-05  0.000000E+00
   6.975000E+00  1.000000E+00  1.000000E-05  0.000000E+00
   6.980000E+00  1.000000E+00  1.000000E-05  0.000000E+00
   6.985000E+00  1.000000E+00  1.000000E-05  0.000000E+00
   6.990000E+00  1.000000E+00  1.000000E-05  0.000000E+00
   6.995000E+00  1.000000E+00  1.000000E-05  0.000000E+00
   7.000000E+00  1.000000E+00  1.000000E-05  0.000000E+00
   7.005000E+00  1.000000E+00  1.000000E-05  0.000000E+00
   7.010000E+00  1.000000E+00  1.000000E-05  0.000000E+00
   7.015000E+00  1.000000E+00  1.000000E-05  0.000000E+00
   7.020000E+00  1.000000E+00  1.000000E-05  0.000000E+00
   7.025000E+00  1.000000E+00  1.000000E-05  0.000000E+00
   7.030000E+00  1.000000E+00  1.000000E-05  0.000000E+00
   7.035000E+00  1.000000E+00  1.000000E-05  0.000000E+00
   7.040000E+00  1.000000E+00  1.000000E-05  0.000000E+00
   7.045000E+00  1.000000E+00  1.000000E-05  0.000000E+00
   7.050000E+00  1.000000E+00  1.000000E-05  0.000000E+00
   7.055000E+00  1.000000E+00  1.000000E-05  0.000000E+00
   7.060000E+00  1.000000E+00  1.000000E-05  0.000000E+00
   7.065000E+00  1.000000E+00  1.000000E-05  0.000000E+00
   7.070000E+00  1.000000E+00  1.000000E-05  0.000000E+00
   7.075000E+00  1.000000E+00  1.000000E-05  0.000000E+00
   7.080000E+00  1.000000E+00  1.000000E-05  0.000000E+00
   7.085000E+00  1.000000E+00  1.000000E-05  0.000000E+00
   7.090000E+00  1.000000E+00  1.000000E-05  0.000000E+00
   7.095000E+00  1.000000E+00  1.000000E-05  0.000000E+00
   7.100000E+00  1.000000E+00  1.000000E-05  0.000000E+00
   7.105000E+00  1.000000E+00  1.000000E-05  0.000000E+00
   7.110000E+00  1.000000E+00  1.000000E-05  0.000000E+00
   7.115000E+00  1.000000E+00  1.000000E-05  0.000000E+00
   7.120000E+00  1.000000E+00  1.000000E-05  0.000000E+00
   7.125000E+00  1.000000E+00  1.000000E-05  0.000000E+00
   7.130000E+00  1.000000E+00  1.000000E-05  0.000000E+00
   7.135000E+00  1.000000E+00  1.000000E-05  0.000000E+00
   7.140000E+00  1.000000E+00  1.000000E-05  0.000000E+00
   7.145000E+00  1.000000E+00  1.000000E-05  0.000000E+00
   7.150000E+00  1.000000E+00  1.000000E-05  0.000000E+00
   7.155000E+00  1.000000E+00  1.000000E-05  0.000000E+00
   7.160000E+00  1.000000E+00  1.000000E-05  0.000000E+00
   7.165000E+00  1.000000E+00  1.000000E-05  0.000000E+00
   7.170000E+00  1.000000E+00  1.000000E-05  0.000000E+00
   7.175000E+00  1.000000E+00  1.000000E-05  0.000000E+00
   7.180000E+00  1.000000E+00  1.000000E-05  0.000000E+00
   7.185000E+00  1.000000E+00  1.000000E-05  0.000000E+00
   7.190000E+00  1.000000E+00  1.000000E-05  0.000000E+00
   7.195000E+00  1.000000E+00  1.000000E-05  0.000000E+00
   7.200000E+00  1.000000E+00  1.000000E-05  0.000000E+00
   7.205000E+00  1.000000E+00  1.000000E-05  0.000000E+00
   7.210000E+00  1.000000E+00  1.000000E-05  0.000000E+00
   7.215000E+00  1.000000E+00  1.000000E-05  0.000000E+00
   7.220000E+00  1.000000E+00  1.000000E-05  0.000000E+00
   7.225000E+00  1.000000E+00  1.000000E-05  0.000000E+00
   7.230000E+00  1.000000E+00  1.000000E-05  0.000000E+00
   7.235000E+00  1.000000E+00  1.000000E-05  0.000000E+00
   7.240000E+00  1.000000E+00  1.000000E-05  0.000000E+00
   7.245000E+00  1.000000E+00  1.000000E-05  0.000000E+00
   7.250000E+00  1.000000E+00  1.000000E-05  0.000000E+00
   7.255000E+00  1.000000E+00  1.000000E-05  0.000000E+00
   7.260000E+00  1.000000E+00  1.000000E-05  0.000000E+00
   7.265000E+00  1.000000E+00  1.000000E-05  0.000000E+00
   7.270000E+00  1.000000E+00  1.000000E-05  0.000000E+00
   7.275000E+00  1.000000E+00  1.000000E-05  0.000000E+00
   7.280000E+00  1.000000E+00  1.000000E-05  0.000000E+00
   7.285000E+00  1.000000E+00  1.000000E-05  0.000000E+00
   7.290000E+00  1.000000E+00  1.000000E-05  0.000000E+00
   7.295000E+00  1.000000E+00  1.000000E-05  0.000000E+00
   7.300000E+00  1.000000E+00  1.000000E-05  0.000000E+00
   7.305000E+00  1.000000E+00  1.000000E-05  0.000000E+00
   7.310000E+00  1.000000E+00  1.000000E-05  0.000000E+00
   7.315000E+00  1.000000E+00  1.000000E-05  0.000000E+00
   7.320000E+00  1.000000E+00  1.000000E-05  0.000000E+00
   7.325000E+00  1.000000E+00  1.000000E-05  0.000000E+00
   7.330000E+00  1.000000E+00  1.000000E-05  0.000000E+00
   7.335000E+00  1.000000E+00  1.000000E-05  0.000000E+00
   7.340000E+00  1.000000E+00  1.000000E-05  0.000000E+00
   7.345000E+00  1.000000E+00  1.000000E-05  0.000000E+00
   7.350000E+00  1.000000E+00  1.000000E-05  0.000000E+00
   7.355000E+00  1.000000E+00  1.000000E-05  0.000000E+00
   7.360000E+00  1.000000E+00  1.000000E-05  0.000000E+00
   7.365000E+00  1.000000E+00  1.000000E-05  0.000000E+00
   7.370000E+00  1.000000E+00  1.000000E-05  0.000000E+00
   7.375000E+00  1.000000E+00  1.000000E-05  0.000000E+00
   7.380000E+00  1.000000E+00  1.000000E-05  0.000000E+00
   7.385000E+00  1.000000E+00  1.000000E-05  0.000000E+00
   7.390000E+00  1.000000E+00  1.000000E-05  0.000000E+00
   7.395000E+00  1.000000E+00  1.000000E-05  0.000000E+00
   7.400000E+00  1.000000E+00  1.000000E-05  0.000000E+00
   7.405000E+00  1.000000E+00  1.000000E-05  0.000000E+00
   7.410000E+00  1.000000E+00  1.000000E-05  0.000000E+00
   7.415000E+00  1.000000E+00  1.000000E-05  0.000000E+00
   7.420000E+00  1.000000E+00  1.000000E-05  0.000000E+00
   7.425000E+00  1.000000E+00  1.000000E-05  0.000000E+00
   7.430000E+00  1.000000E+00  1.000000E-05  0.000000E+00
   7.435000E+00  1.000000E+00  1.000000E-05  0.000000E+00
   7.440000E+00  1.000000E+00  1.000000E-05  0.000000E+00
   7.445000E+00  1.000000E+00  1.000000E-05  0.000000E+00
   7.450000E+00  1.000000E+00  1.000000E-05  0.000000E+00
   7.455000E+00  1.000000E+00  1.000000E-05  0.000000E+00
   7.460000E+00  1.000000E+00  1.000000E-05  0.000000E+00
   7.465000E+00  1.000000E+00  1.000000E-05  0.000000E+00
   7.470000E+00  1.000000E+00  1.000000E-05  0.000000E+00
   7.475000E+00  1.000000E+00  1.000000E-05  0.000000E+00
   7.480000E+00  1.000000E+00  1.000000E-05  0.000000E+00
   7.485000E+00  1.000000E+00  1.000000E-05  0.000000E+00
   7.490000E+00  1.000000E+00  1.000000E-05  0.000000E+00
   7.495000E+00  1.000000E+00  1.000000E-05  0.000000E+00
   7.500000E+00  1.000000E+00  1.000000E-05  0.000000E+00
   7.505000E+00  1.000000E+00  1.000000E-05  0.000000E+00
   7.510000E+00  1.000000E+00  1.000000E-05  0.000000E+00
   7.515000E+00  1.000000E+00  1.000000E-05  0.000000E+00
   7.520000E+00  1.000000E+00  1.000000E-05  0.000000E+00
   7.525000E+00  1.000000E+00  1.000000E-05  0.000000E+00
   7.530000E+00  1.000000E+00  1.000000E-05  0.000000E+00
   7.535000E+00  1.000000E+00  1.000000E-05  0.000000E+00
   7.540000E+00  1.000000E+00  1.000000E-05  0.000000E+00
   7.545000E+00  1.000000E+00  1.000000E-05  0.000000E+00
   7.550000E+00  1.000000E+00  1.000000E-05  0.000000E+00
   7.555000E+00  1.000000E+00  1.000000E-05  0.000000E+00
   7.560000E+00  1.000000E+00  1.000000E-05  0.000000E+00
   7.565000E+00  1.000000E+00  1.000000E-05  0.000000E+00
   7.570000E+00  1.000000E+00  1.000000E-05  0.000000E+00
   7.575000E+00  1.000000E+00  1.000000E-05  0.000000E+00
   7.580000E+00  1.000000E+00  1.000000E-05  0.000000E+00
   7.585000E+00  1.000000E+00  1.000000E-05  0.000000E+00
   7.590000E+00  1.000000E+00  1.000000E-05  0.000000E+00
   7.595000E+00  1.000000E+00  1.000000E-05  0.000000E+00
   7.600000E+00  1.000000E+00  1.000000E-05  0.000000E+00
   7.605000E+00  1.000000E+00  1.000000E-05  0.000000E+00
   7.610000E+00  1.000000E+00  1.000000E-05  0.000000E+00
   7.615000E+00  1.000000E+00  1.000000E-05  0.000000E+00
   7.620000E+00  1.000000E+00  1.000000E-05  0.000000E+00
   7.625000E+00  1.000000E+00  1.000000E-05  0.000000E+00
   7.630000E+00  1.000000E+00  1.000000E-05  0.000000E+00
   7.635000E+00  1.000000E+00  1.000000E-05  0.000000E+00
   7.640000E+00  1.000000E+00  1.000000E-05  0.000000E+00
   7.645000E+00  1.000000E+00  1.000000E-05  0.000000E+00
   7.650000E+00  1.000000E+00  1.000000E-05  0.000000E+00
   7.655000E+00  1.000000E+00  1.000000E-05  0.000000E+00
   7.660000E+00  1.000000E+00  1.000000E-05  0.000000E+00
   7.665000E+00  1.000000E+00  1.000000E-05  0.000000E+00
   7.670000E+00  1.000000E+00  1.000000E-05  0.000000E+00
   7.675000E+00  1.000000E+00  1.000000E-05  0.000000E+00
   7.680000E+00  1.000000E+00  1.000000E-05  0.000000E+00
   7.685000E+00  1.000000E+00  1.000000E-05  0.000000E+00
   7.690000E+00  1.000000E+00  1.000000E-05  0.000000E+00
   7.695000E+00  1.000000E+00  1.000000E-05  0.000000E+00
   7.700000E+00  1.000000E+00  1.000000E-05  0.000000E+00
   7.705000E+00  1.000000E+00  1.000000E-05  0.000000E+00
   7.710000E+00  1.000000E+00  1.000000E-05  0.000000E+00
   7.715000E+00  1.000000E+00  1.000000E-05  0.000000E+00
   7.720000E+00  1.000000E+00  1.000000E-05  0.000000E+00
   7.725000E+00  1.000000E+00  1.000000E-05  0.000000E+00
   7.730000E+00  1.000000E+00  1.000000E-05  0.000000E+00
   7.735000E+00  1.000000E+00  1.000000E-05  0.000000E+00
   7.740000E+00  1.000000E+00  1.000000E-05  0.000000E+00
   7.745000E+00  1.000000E+00  1.000000E-05  0.000000E+00
   7.750000E+00  1.000000E+00  1.000000E-05  0.000000E+00
   7.755000E+00  1.000000E+00  1.000000E-05  0.000000E+00
   7.760000E+00  1.000000E+00  1.000000E-05  0.000000E+00
   7.765000E+00  1.000000E+00  1.000000E-05  0.000000E+00
   7.770000E+00  1.000000E+00  1.000000E-05  0.000000E+00
   7.775000E+00  1.000000E+00  1.000000E-05  0.000000E+00
   7.780000E+00  1.000000E+00  1.000000E-05  0.000000E+00
   7.785000E+00  1.000000E+00  1.000000E-05  0.000000E+00
   7.790000E+00  1.000000E+00  1.000000E-05  0.000000E+00
   7.795000E+00  1.000000E+00  1.000000E-05  0.000000E+00
   7.800000E+00  1.000000E+00  1.000000E-05  0.000000E+00
   7.805000E+00  1.000000E+00  1.000000E-05  0.000000E+00
   7.810000E+00  1.000000E+00  1.000000E-05  0.000000E+00
   7.815000E+00  1.000000E+00  1.000000E-05  0.000000E+00
   7.820000E+00  1.000000E+00  1.000000E-05  0.000000E+00
   7.825000E+00  1.000000E+00  1.000000E-05  0.000000E+00
   7.830000E+00  1.000000E+00  1.000000E-05  0.000000E+00
   7.835000E+00  1.000000E+00  1.000000E-05  0.000000E+00
   7.840000E+00  1.000000E+00  1.000000E-05  0.000000E+00
   7.845000E+00  1.000000E+00  1.000000E-05  0.000000E+00
   7.850000E+00  1.000000E+00  1.000000E-05  0.000000E+00
   7.855000E+00  1.000000E+00  1.000000E-05  0.000000E+00
   7.860000E+00  1.000000E+00  1.000000E-05  0.000000E+00
   7.865000E+00  1.000000E+00  1.000000E-05  0.000000E+00
   7.870000E+00  1.000000E+00  1.000000E-05  0.000000E+00
   7.875000E+00  1.000000E+00  1.000000E-05  0.000000E+00
   7.880000E+00  1.000000E+00  1.000000E-05  0.000000E+00
   7.885000E+00  1.000000E+00  1.000000E-05  0.000000E+00
   7.890000E+00  1.000000E+00  1.000000E-05  0.000000E+00
   7.895000E+00  1.000000E+00  1.000000E-05  0.000000E+00
   7.900000E+00  1.000000E+00  1.000000E-05  0.000000E+00
   7.905000E+00  1.000000E+00  1.000000E-05  0.000000E+00
   7.910000E+00  1.000000E+00  1.000000E-05  0.000000E+00
   7.915000E+00  1.000000E+00  1.000000E-05  0.000000E+00
   7.920000E+00  1.000000E+00  1.000000E-05  0.000000E+00
   7.925000E+00  1.000000E+00  1.000000E-05  0.000000E+00
   7.930000E+00  1.000000E+00  1.000000E-05  0.000000E+00
   7.935000E+00  1.000000E+00  1.000000E-05  0.000000E+00
   7.940000E+00  1.000000E+00  1.000000E-05  0.000000E+00
   7.945000E+00  1.000000E+00  1.000000E-05  0.000000E+00
   7.950000E+00  1.000000E+00  1.000000E-05  0.000000E+00
   7.955000E+00  1.000000E+00  1.000000E-05  0.000000E+00
   7.960000E+00  1.000000E+00  1.000000E-05  0.000000E+00
   7.965000E+00  1.000000E+00  1.000000E-05  0.000000E+00
   7.970000E+00  1.000000E+00  1.000000E-05  0.000000E+00
   7.975000E+00  1.000000E+00  1.000000E-05  0.000000E+00
   7.980000E+00  1.000000E+00  1.000000E-05  0.000000E+00
   7.985000E+00  1.000000E+00  1.000000E-05  0.000000E+00
   7.990000E+00  1.000000E+00  1.000000E-05  0.000000E+00
   7.995000E+00  1.000000E+00  1.000000E-05  0.000000E+00
   8.000000E+00  1.000000E+00  1.000000E-05  0.000000E+00
