10.0 1.1033484426927715 0.0064087350271761975 0.006304541890519242
9.9878125 1.1034786382760404 0.006423626932258685 0.006319067413860308
9.975625 1.1036091619210016 0.006438570790957232 0.0063336431713102775
9.9634375 1.10374001486765 0.006453566845163285 0.006348269394663017
9.95125 1.1038711983622285 0.006468615338177388 0.006362946317050265
9.9390625 1.1040027136572732 0.006483716514719023 0.006377674172950885
9.926875 1.1041345620116438 0.006498870620936597 0.006392453198200264
9.9146875 1.104266744690571 0.006514077904417419 0.00640728362999968
9.9025 1.1043992629656934 0.006529338614197816 0.006422165706925828
9.8903125 1.1045321181150987 0.006544653000773334 0.006437099668940404
9.878125 1.1046653114233624 0.0065600213161090045 0.006452085757399758
9.8659375 1.1047988441815946 0.006575443813649677 0.006467124215064607
9.85375 1.1049327176874761 0.006590920748330478 0.006482215286109864
9.8415625 1.1050669332453031 0.006606452376587329 0.006497359216134527
9.829375 1.1052014921660271 0.006622038956367575 0.006512556252171672
9.8171875 1.1053363957672993 0.0066376807471406635 0.006527806642698475
9.805 1.105471645373514 0.0066533780099089284 0.006543110637646359
9.7928125 1.105607242315848 0.006669131007218506 0.006558468488411245
9.780625 1.1057431879323083 0.006684940003170262 0.006573880447863815
9.7684375 1.1058794835677737 0.00670080526343087 0.006589346770359925
9.75625 1.1060161305740406 0.00671672705524394 0.006604867711751056
9.7440625 1.1061531303098626 0.006732705647441318 0.006620443529394931
9.731875 1.1062904841410035 0.006748741310454346 0.006636074482166083
9.7196875 1.106428193440274 0.006764834316325366 0.006651760830466662
9.7075 1.106566259587583 0.006780984938719187 0.006667502836237215
9.6953125 1.1067046839699823 0.006797193452934743 0.006683300762967605
9.683125 1.1068434679817094 0.006813460135916817 0.006699154875708056
9.6709375 1.106982613024237 0.006829785266267848 0.006715065441080201
9.65875 1.1071221205063242 0.0068461691242598256 0.006731032727288268
9.6465625 1.107261991844054 0.00686261199184635 0.0067470570041304
9.634375 1.1074022284608862 0.006879114152674745 0.006763138543010023
9.6221875 1.1075428317877096 0.00689567589209824 0.006779277616947268
9.61 1.1076838032628815 0.006912297497188348 0.006795474500590602
9.5978125 1.1078251443322846 0.00692897925674724 0.00681172947022843
9.585625 1.1079668564493712 0.006945721461320321 0.0068280428038009
9.5734375 1.1081089410752134 0.006962524403208857 0.006844414780911747
9.56125 1.1082513996785563 0.0069793883764827 0.006860845682840225
9.5490625 1.1083942337358634 0.006996313676993171 0.006877335792553208
9.536875 1.108537444731374 0.007013300602385992 0.006893885394717294
9.5246875 1.108681034157144 0.007030349452114412 0.006910494775711148
9.5125 1.10882500351311 0.007047460527452321 0.006927164223637764
9.5003125 1.1089693543071284 0.0070646341315076175 0.006943894028337035
9.488125 1.1091140880550416 0.007081870569235544 0.006960684481398227
9.4759375 1.109259206280718 0.007099170147452282 0.0069775358761727455
9.46375 1.109404710516112 0.007116533174848563 0.006994448507786887
9.4515625 1.1095506023013177 0.007133959962003403 0.007011422673154708
9.439375 1.109696883184621 0.007151450821398005 0.0070284586709910704
9.4271875 1.1098435547225518 0.007169006067429774 0.007045556801824765
9.415 1.1099906184799444 0.007186626016426382 0.007062717368011697
9.4028125 1.11013807602999 0.00720431098666002 0.007079940673748234
9.390625 1.1102859289542921 0.007222061298361778 0.007097227025084689
9.3784375 1.110434178842922 0.007239877273736112 0.007114576729938876
9.36625 1.1105828272944793 0.007257759236975439 0.0071319900981097655
9.3540625 1.110731875916145 0.00727570751427489 0.007149467441291327
9.341875 1.1108813263237391 0.0072937224338471725 0.007167009073086431
9.3296875 1.1110311801417823 0.007311804325937536 0.007184615309020878
9.3175 1.1111814390035506 0.007329953522838925 0.007202286466557578
9.3053125 1.1113321045511382 0.007348170358907193 0.007220022865110806
9.293125 1.1114831784355124 0.007366455170576521 0.007237824826060634
9.2809375 1.1116346623165774 0.007384808296374913 0.0072556926727674375
9.26875 1.1117865578632324 0.007403230076939865 0.0072736267305865635
9.2565625 1.1119388667534342 0.007421720855034141 0.007291627326883104
9.244375 1.1120915906742574 0.007440280975561704 0.007309694791046798
9.2321875 1.1122447313219577 0.007458910785583785 0.007327829454507071
9.22 1.1123982904020313 0.007477610634335104 0.007346031650748226
9.2078125 1.1125522696292818 0.007496380873240201 0.0073643017153247085
9.195625 1.1127066707278825 0.0075152218559299214 0.00738263998587654
9.1834375 1.1128614954314366 0.007534133938258102 0.007401046802144928
9.17125 1.113016745483048 0.0075531174783183015 0.007419522505987911
9.1590625 1.1131724226353812 0.0075721728364607725 0.007438067441396243
9.146875 1.1133285286507306 0.00759130037530951 0.007456681954509324
9.1346875 1.1134850653010822 0.007610500459779533 0.007475366393631381
9.1225 1.1136420343681854 0.007629773457094221 0.007494121109247659
9.1103125 1.1137994376436176 0.007649119736802889 0.007512946454040866
9.098125 1.1139572769288482 0.007668539670798482 0.007531842782907716
9.0859375 1.1141155540353151 0.007688033633335403 0.00755081045297559
9.07375 1.1142742707844895 0.007707602001047534 0.007569849823619384
9.0615625 1.1144334290079407 0.007727245152966452 0.007588961256478531
9.049375 1.1145930305474152 0.007746963470539698 0.00760814511547408
9.0371875 1.1147530772548984 0.007766757337649327 0.007627401766826031
9.025 1.1149135709926938 0.0077866271406305376 0.007646731579070737
9.0128125 1.1150745136334894 0.007806573268290526 0.007666134923078515
9.000625 1.1152359070604303 0.00782659611192749 0.007685612172071419
8.9884375 1.1153977531671941 0.007846696065349776 0.0077051637016411064
8.97625 1.1155600538580668 0.007866873524895221 0.0077247898897669035
8.9640625 1.115722811048008 0.007887128889450722 0.007744491116834099
8.951875 1.1158860266627366 0.00790746256047185 0.007764267765652248
8.9396875 1.1160497026387979 0.007927874942002788 0.007784120221473791
8.9275 1.1162138409236428 0.00794836644069636 0.00780404887201275
8.9153125 1.1163784434757074 0.007968937465834236 0.007824054107463603
8.903125 1.1165435122644864 0.007989588429347385 0.007844136320520364
8.8909375 1.1167090492706122 0.008010319745836646 0.007864295906395794
8.87875 1.1168750564859333 0.00803113183259355 0.007884533262840823
8.8665625 1.1170415359135981 0.008052025109621238 0.00790484879016408
8.854375 1.1172084895681247 0.008072999999655722 0.007925242891251733
8.8421875 1.1173759194754949 0.008094056928187123 0.007945715971587289
8.83 1.117543827673224 0.008115196323481344 0.007966268439271834
8.8178125 1.1177122162104502 0.00813641861660174 0.007986900705044233
8.805625 1.1178810871480147 0.008157724241431111 0.00800761318230165
8.7934375 1.1180504425585442 0.008179113634693844 0.008028406287120192
8.78125 1.1182202845265392 0.008200587235978253 0.00804928043827575
8.7690625 1.1183906151484546 0.008222145487759167 0.008070236057265055
8.756875 1.1185614365327872 0.008243788835420688 0.008091273568326902
8.7446875 1.1187327508001608 0.008265517727279173 0.008112393398463575
8.7325 1.1189045600834189 0.008287332614606386 0.008133595977462414
8.7203125 1.1190768665277027 0.008309233951652985 0.008154881737917728
8.708124999999999 1.119249672290551 0.008331222195672054 0.008176251115252713
8.6959375 1.119422979541978 0.00835329780694302 0.008197704547741746
8.68375 1.1195967904645763 0.008375461248795636 0.008219242476532723
8.6715625 1.1197711072535952 0.008397712987634353 0.008240865345669774
8.659375 1.1199459321170453 0.008420053492962728 0.008262573602115996
8.6471875 1.1201212672757774 0.008442483237408288 0.008284367695776621
8.635 1.1202971149635885 0.008465002696747364 0.008306248079522132
8.6228125 1.1204734774273064 0.008487612349930411 0.008328215209211867
8.610625 1.1206503569268933 0.00851031267910735 0.008350269543717582
8.5984375 1.1208277557355315 0.008533104169653338 0.008372411544947483
8.58625 1.1210056761397318 0.008555987310194581 0.008394641677870232
8.5740625 1.1211841204394213 0.008578962592634588 0.008416960410539392
8.561875 1.1213630909480454 0.008602030512180529 0.008439368214117974
8.5496875 1.1215425899926716 0.008625191567369876 0.008461865562903213
8.5375 1.1217226199140808 0.00864844626009735 0.00848445293435165
8.5253125 1.1219031830668762 0.008671795095642042 0.008507130809104379
8.513125 1.1220842818195784 0.008695238582694881 0.008529899671012591
8.5009375 1.1222659185547368 0.008718777233386227 0.00855276000716325
8.48875 1.1224480956690253 0.008742411563313885 0.00857571230790514
8.4765625 1.1226308155733506 0.008766142091571272 0.00859875706687508
8.464375 1.1228140806929585 0.00878996934077589 0.008621894781024392
8.4521875 1.1229978934675384 0.008813893837098075 0.00864512595064564
8.44 1.1231822563513316 0.008837916110290018 0.008668451079399604
8.4278125 1.1233671718132414 0.008862036693715018 0.008691870674342485
8.415625 1.1235526423369386 0.00888625612437712 0.008715385245953455
8.403437499999999 1.123738670420978 0.008910574942950899 0.008738995308162334
8.39125 1.1239252585789024 0.00893499369381165 0.008762701378377657
8.3790625 1.1241124093393629 0.008959512925065787 0.008786503977514916
8.366875 1.1243001252462241 0.008984133188581604 0.008810403630025136
8.3546875 1.1244884088586862 0.009008855040020242 0.008834400863923664
8.3425 1.1246772627513941 0.00903367903886705 0.008858496210819283
8.3303125 1.1248666895145605 0.009058605748463143 0.008882690205943533
8.318125 1.1250566917540765 0.00908363573603741 0.008906983388180438
8.3059375 1.125247272091634 0.009108769572738684 0.00893137630009638
8.29375 1.1254384331648473 0.00913400783366829 0.008955869487970315
8.2815625 1.1256301776273683 0.009159351097912933 0.00898046350182432
8.269375 1.1258225081490145 0.009184799948577849 0.009005158895454347
8.2571875 1.1260154274158891 0.009210354972820311 0.009029956226461347
8.245 1.1262089381305032 0.009236016761883495 0.00905485605628268
8.2328125 1.1264030430119034 0.009261785911130574 0.009079858950223773
8.220625 1.1265977447957998 0.009287663020079254 0.009104965477490153
8.2084375 1.1267930462346905 0.009313648692436583 0.009130176211219742
8.19625 1.1269889500979922 0.009339743536134133 0.009155491728515496
8.1840625 1.1271854591721697 0.00936594816336349 0.009180912610478324
8.171875 1.1273825762608651 0.009392263190612156 0.0092064394422404
8.1596875 1.127580304185034 0.009418689238699731 0.009232072812998687
8.1475 1.1277786457830765 0.009445226932814493 0.009257813316048871
8.1353125 1.1279776039109726 0.009471876902550332 0.009283661548819615
8.123125 1.1281771814424164 0.009498639781944065 0.009309618112907123
8.1109375 1.1283773812689588 0.00952551620951306 0.009335683614110036
8.098749999999999 1.1285782063001388 0.009552506828293323 0.009361858662464728
8.0865625 1.1287796594636292 0.009579612285877882 0.009388143872280855
8.074375 1.1289817437053753 0.0096068332344556 0.009414539862177345
8.0621875 1.1291844619897382 0.009634170330850336 0.009441047255118663
8.05 1.129387817299636 0.009661624236560576 0.009467666678451529
8.0378125 1.1295918126366955 0.009689195617799318 0.009494398763941848
8.025625 1.12979645102139 0.00971688514553451 0.009521244147812179
8.0134375 1.1300017354931942 0.00974469349552979 0.009548203470779447
8.00125 1.1302076691107321 0.00977262134838565 0.009575277378093064
7.989062499999999 1.1304142549519232 0.0098006693895811 0.009602466519573485
7.976875 1.130621496114142 0.009828838309515567 0.009629771549651011
7.9646875 1.1308293957143642 0.00985712880355144 0.009657193127405157
7.952500000000001 1.1310379568893294 0.00988554157205684 0.009684731916604229
7.9403125 1.1312471827956887 0.009914077320448994 0.009712388585745468
7.928125 1.131457076610172 0.009942736759237885 0.009740163808095427
7.9159375 1.131667641529741 0.009971520604070479 0.009768058261730878
7.9037500000000005 1.1318788807717517 0.010000429575775346 0.0097960726295801
7.8915625 1.132090797574118 0.010029464400407709 0.009824207599464535
7.879375 1.1323033951954773 0.010058625809294956 0.009852463864140869
7.8671875 1.1325166769153514 0.010087914539082693 0.009880842121343623
7.855 1.1327306460343207 0.010117331331781153 0.009909343073828035
7.8428125 1.1329453058741836 0.010146876934812192 0.00993796742941354
7.8306249999999995 1.133160659778137 0.010176552101056627 0.009966715901027491
7.8184375 1.1333767111109423 0.0102063575889022 0.009995589206749483
7.80625 1.1335934632591014 0.010236294162291947 0.010024588069856072
7.7940625 1.1338109196310309 0.010266362590773103 0.01005371321886593
7.781874999999999 1.134029083657241 0.01029656364954647 0.010082965387585463
7.7696875 1.1342479587905137 0.010326898119516335 0.01011234531515492
7.7575 1.1344675485060822 0.010357366787340885 0.010141853746094947
7.7453125 1.1346878563018163 0.010387970445483135 0.010171491430353617
7.733124999999999 1.1349088856984035 0.010418709892262401 0.010201259123353935
7.7209375 1.1351306402395365 0.010449585931906286 0.010231157586041874
7.70875 1.1353531234920997 0.010480599374603232 0.010261187584934836
7.6965625 1.1355763390463625 0.010511751036555567 0.010291349892170632
7.684374999999999 1.135800290516166 0.010543041740033177 0.01032164528555701
7.6721875 1.13602498153912 0.010574472313427664 0.010352074548621611
7.66 1.1362504157767968 0.01060604359130712 0.010382638470662519
7.647812500000001 1.1364765969149278 0.010637756414471473 0.010413337846799302
7.635625 1.136703528663605 0.010669611630008347 0.010444173478024532
7.6234375 1.1369312147574775 0.010701610091349616 0.010475146171255941
7.61125 1.1371596589559634 0.010733752658328412 0.010506256739388965
7.5990625000000005 1.137388865043442 0.010766040197236924 0.010537506001350068
7.586875 1.137618836829476 0.010798473580884562 0.010568894782150319
7.5746875 1.1378495781490061 0.010831053688656984 0.010600423912939817
7.5625 1.1380810928625744 0.010863781406575531 0.01063209423106245
7.5503125 1.1383133848565308 0.010896657627357453 0.01066390658011139
7.538125 1.1385464580432514 0.010929683250476671 0.010695861809985078
7.5259374999999995 1.1387803163613524 0.010962859182225258 0.010727960776943853
7.51375 1.139014963775918 0.010996186335775458 0.010760204343667068
7.5015625 1.1392504042787137 0.01102966563124253 0.010792593379310959
7.489375 1.1394866418884158 0.011063297995748126 0.010825128759567017
7.477187499999999 1.1397236806508373 0.011097084363484385 0.010857811366720975
7.465 1.139961524639156 0.011131025675778736 0.01089064208971247
7.4528125 1.140200177954146 0.011165122881159376 0.010923621824195309
7.440625 1.140439644724412 0.01119937693542145 0.010956751472598347
7.428437499999999 1.1406799291066245 0.011233788801693935 0.010990031944187061
7.41625 1.1409210352857564 0.011268359450507276 0.011023464155125753
7.4040625 1.1411629674753287 0.011303089859861682 0.011057049028540359
7.391875 1.1414057299176483 0.011337981015296256 0.011090787494582055
7.379687499999999 1.1416493268840586 0.01137303390995876 0.011124680490491388
7.3675 1.141893762675185 0.011408249544676223 0.011158728960663203
7.3553125 1.142139041621183 0.011443628928026328 0.011192933856712276
7.343125000000001 1.1423851680819987 0.01147917307640943 0.01122729613753949
7.3309375 1.1426321464476177 0.011514883014121556 0.011261816769398943
7.31875 1.1428799811383294 0.011550759773428019 0.011296496725965577
7.3065625 1.1431286766049842 0.011586804394637967 0.01133133698840368
7.2943750000000005 1.1433782373292576 0.011623017926179705 0.011366338545436068
7.2821875 1.1436286678239211 0.01165940142467677 0.01140150239341397
7.27 1.143879972633107 0.011695955955024963 0.011436829536387751
7.2578125 1.1441321563325841 0.01173268259047011 0.011472320986178322
7.245625 1.1443852235300311 0.011769582412686774 0.011507977762449408
7.2334375 1.1446391788653119 0.011806656511857807 0.011543800892780556
7.2212499999999995 1.1448940270107628 0.011843905986754681 0.011579791412740877
7.2090625 1.145149772671473 0.011881331944818843 0.011615950365963678
7.196875 1.1454064205855694 0.011918935502243934 0.011652278804221922
7.1846875 1.1456639755245088 0.011956717784058865 0.011688777787504418
7.172499999999999 1.1459224422933727 0.011994679924211831 0.011725448384092889
7.1603125 1.146181825731159 0.012032823065655318 0.011762291670639925
7.148125 1.146442130711084 0.012071148360431985 0.011799308732247736
7.1359375 1.1467033621408822 0.012109656969761571 0.011836500662547824
7.123749999999999 1.1469655249631163 0.012148350064128663 0.011873868563781422
7.1115625 1.1472286241554805 0.012187228823371577 0.011911413546880975
7.099375 1.1474926647311168 0.012226294436772148 0.011949136731552405
7.0871875 1.1477576517389267 0.012265548103146567 0.011987039246358331
7.074999999999999 1.1480235902638938 0.012304991030937197 0.012025122228802183
7.0628125 1.148290485427402 0.012344624438305469 0.0120633868254133
7.050625 1.1485583423875634 0.012384449553225815 0.012101834191832929
7.0384375 1.1488271663395473 0.012424467613580625 0.012140465492901167
7.02625 1.149096962515912 0.012464679867256315 0.012179281902744934
7.0140625 1.1493677361869408 0.012505087572240486 0.01221828460486688
7.001875 1.1496394926609823 0.012545691996720152 0.012257474792235292
6.9896875000000005 1.1499122372847936 0.012586494419181122 0.012296853667375018
6.9775 1.1501859754438868 0.012627496128508494 0.012336422442459421
6.9653125 1.1504607125628825 0.012668698424088264 0.012376182339403309
6.953125 1.1507364541058622 0.012710102615910148 0.012416134589956983
6.9409375 1.1510132055767262 0.012751710024671594 0.012456280435801336
6.92875 1.151290972519558 0.012793521981882895 0.01249662112864397
6.9165624999999995 1.1515697605189896 0.012835539829973597 0.012537157930316444
6.904375 1.1518495752005733 0.012877764922400078 0.012577892112872609
6.8921875 1.152130422231154 0.012920198623754407 0.012618824958688086
6.88 1.1524123073192498 0.012962842309874418 0.012659957760560822
6.867812499999999 1.1526952362154346 0.013005697367955068 0.012701291821812826
6.855625 1.1529792147127231 0.013048765196661108 0.012742828456393074
6.8434375 1.153264248646966 0.013092047206241016 0.01278456898898154
6.83125 1.1535503438972419 0.013135544818642306 0.012826514755094486
6.819062499999999 1.153837506386256 0.013179259467628145 0.012868667101190927
6.806875 1.154125742080753 0.013223192598895265 0.012911027384780215
6.7946875 1.1544150569919156 0.013267345670193423 0.012953596974531094
6.7825 1.154705457175784 0.013311720151446082 0.012996377250381781
6.770312499999999 1.1549969487336709 0.013356317524872605 0.013039369603651454
6.758125 1.1552895378125905 0.013401139285111783 0.013082575437152882
6.7459375 1.1555832306056746 0.013446186939347016 0.013125996165306643
6.73375 1.1558780333526184 0.013491462007432673 0.013169633214256259
6.7215625 1.156173952340106 0.013536966022022224 0.013213488021985053
6.709375 1.1564709939022606 0.013582700528697688 0.013257562038434112
6.6971875 1.1567691644210858 0.013628667086100719 0.013301856725621739
6.6850000000000005 1.1570684703269247 0.01367486726606516 0.013346373557764217
6.6728125 1.157368918098906 0.013721302653751334 0.013391114021398162
6.660625 1.15767051426542 0.013767974847781646 0.013436079615503997
6.6484375 1.157973265404574 0.013814885460378118 0.013481271851631216
6.63625 1.1582771781446761 0.013862036117501312 0.013526692254024846
6.6240625 1.1585822591647026 0.01390942845899111 0.013572342359753613
6.6118749999999995 1.1588885151947914 0.013957064138708985 0.013618223718839398
6.5996875 1.159195953016728 0.014004944824682113 0.013664337894388397
6.5875 1.1595045794644372 0.014053072199249223 0.013710686462723795
6.5753125 1.1598144014244876 0.014101447959208112 0.013757271013519952
6.563124999999999 1.1601254258365992 0.014150073815964951 0.013804093149938176
6.5509375 1.160437659694152 0.014198951495685468 0.0138511544887642
6.53875 1.1607511100447052 0.014248082739447927 0.01389845666054725
6.5265625 1.1610657839905232 0.014297469303397911 0.013946001309740726
6.514374999999999 1.1613816886891069 0.014347112958904978 0.013993790094844551
6.5021875 1.1616988313537244 0.014397015492721365 0.014041824688549398
6.49 1.1620172192539597 0.014447178707142433 0.014090106777882411
6.4778125 1.1623368597162616 0.014497604420169168 0.014138638064354784
6.465624999999999 1.1626577601244918 0.014548294465672703 0.014187420264111192
6.4534375 1.1629799279204984 0.014599250693560713 0.014236455108080814
6.44125 1.1633033706046745 0.014650474969946032 0.014285744342130419
6.4290625 1.1636280957365384 0.014701969177317196 0.014335289727219116
6.416874999999999 1.1639541109353166 0.01475373521471111 0.014385093039555033
6.4046875 1.1642814238805288 0.014805774997887945 0.014435156070753973
6.3925 1.1646100423125856 0.014858090459508066 0.014485480627999887
6.3803125000000005 1.1649399740333937 0.014910683549311202 0.014536068534207346
6.368125 1.1652712269069618 0.014963556234297843 0.014586921628186004
6.3559375 1.1656038088600233 0.015016710498912851 0.01463804176480701
6.34375 1.1659377278826535 0.015070148345231455 0.014689430815171605
6.3315625 1.166272992028912 0.015123871793147357 0.01474109066678153
6.319375 1.166609609417473 0.015177882880563461 0.014793023223711815
6.3071874999999995 1.1669475882322768 0.015232183663584739 0.014845230406785469
6.295 1.167286936723185 0.015286776216713654 0.014897714153750446
6.2828125 1.1676276632066442 0.015341662633047985 0.014950476419458712
6.270625 1.1679697760663557 0.015396845024481154 0.015003519176047603
6.258437499999999 1.1683132837539556 0.015452325521905026 0.015056844413123358
6.24625 1.1686581947897001 0.015508106275415382 0.015110454137947003
6.2340625 1.1690045177631672 0.015564189454519822 0.015164350375622422
6.221875 1.169352261333953 0.015620577248348479 0.015218535169286958
6.209687499999999 1.1697014342323915 0.01567727186586723 0.015273010580304162
6.1975 1.170052045260269 0.0157342755360938 0.015327778688459193
6.1853125 1.1704041032915622 0.015791590508316408 0.01538284159215641
6.173125 1.1707576172731715 0.01584921905231541 0.015438201408619677
6.160937499999999 1.1711125962256734 0.015907163458587583 0.015493860274094981
6.14875 1.1714690492440751 0.015965426038573427 0.01554982034405575
6.1365625 1.1718269854985826 0.016024009124887304 0.015606083793410696
6.124375 1.1721864142353784 0.01608291507155055 0.01566265281671425
6.112187499999999 1.172547344777406 0.01614214625422757 0.015719529628379712
6.1 1.1729097865251639 0.016201705070465026 0.015776716462895118
6.0878125 1.1732737489575151 0.016261593939934062 0.01583421557504175
6.0756250000000005 1.1736392416324999 0.016321815304675684 0.01589202924011554
6.0634375 1.1740062741881658 0.01638237162934926 0.015950159754151157
6.05125 1.1743748563433978 0.016443265401484403 0.016008609434149137
6.0390625 1.174744997898767 0.016504499131735986 0.01606738061830578
6.026875 1.1751167087373926 0.016566075354142482 0.016126475666245976
6.0146875 1.175489998825803 0.016627996626387812 0.01618589695925916
6.0024999999999995 1.1758648782148209 0.016690265530066417 0.016245646900538098
5.9903125 1.1762413570404469 0.01675288467095203 0.01630572791542099
5.9781249999999995 1.1766194455247692 0.016815856679269752 0.016366142451636444
5.9659375 1.1769991539768687 0.016879184209971903 0.0164268929795518
5.953749999999999 1.1773804927937488 0.016942869943017372 0.016487981992424607
5.9415625 1.1777634724612678 0.017006916583654726 0.016549412006657344
5.929375 1.1781481035550883 0.01707132686270906 0.016611185562055503
5.9171875 1.1785343967416424 0.01713610353687257 0.016673305222088906
5.905 1.1789223627790948 0.017201249388999147 0.016735773574156662
5.8928125 1.1793120125183347 0.017266767228402712 0.016798593229855358
5.880625 1.1797033569039743 0.017332659891159622 0.016861766825250826
5.8684375 1.1800964069753532 0.017398930240415174 0.016925297021153623
5.85625 1.1804911738675705 0.017465581166694 0.016989186503397837
5.8440625 1.1808876688125132 0.017532615588214926 0.017053437983123927
5.831875 1.181285903139915 0.017600036451209732 0.017118054197064896
5.8196875 1.1816858882784131 0.017667846730246527 0.017183037907836655
5.8075 1.1820876357566306 0.01773604942855719 0.017248391904231893
5.7953125 1.1824911572042678 0.017804647578369453 0.01731411900151802
5.783125 1.1828964643532085 0.01787364424124335 0.017380222041739026
5.7709375 1.1833035690386395 0.017943042508412315 0.017446703894021403
5.75875 1.1837124832001882 0.018012845501128836 0.017513567454884055
5.7465625 1.1841232188830737 0.018083056371014865 0.017580815648552413
5.734375 1.1845357882392689 0.018153678300417034 0.0176484514272768
5.7221874999999995 1.1849502035286856 0.018224714502766658 0.017716477771654967
5.71 1.1853664771203707 0.018296168222944675 0.017784897690959006
5.6978124999999995 1.1857846214937173 0.01836804273765169 0.017853714223466727
5.685625 1.1862046492396956 0.01844034135578297 0.01792293043679739
5.6734374999999995 1.1866265730620984 0.018513067418808718 0.017992549428252076
5.66125 1.1870504057787985 0.018586224301159558 0.018062574325158672
5.649062499999999 1.187476160323036 0.018659815410617286 0.018133008285221398
5.636875 1.1879038497447085 0.018733844188711126 0.018203854496875237
5.6246875 1.1883334872116853 0.018808314111119502 0.018275116179645192
5.6125 1.188765086011139 0.01888322868807732 0.01834679658451038
5.6003125 1.1891986595508979 0.018958591464788913 0.018418898994273025
5.588125 1.1896342213608109 0.01903440602184689 0.018491426723932728
5.5759375 1.190071785094133 0.01911067597565671 0.018564383121065724
5.56375 1.1905113645289311 0.01918740497886732 0.0186377715662094
5.5515625 1.1909529735695112 0.019264596720807693 0.01871159547325204
5.539375 1.1913966262478581 0.019342254927929726 0.018785858289828088
5.5271875 1.1918423367251012 0.019420383364257155 0.01886056349771878
5.515 1.1922901192929973 0.01949898583184105 0.018935714613258367
5.5028125 1.1927399883754364 0.01957806617122152 0.01901131518774596
5.490625 1.1931919585299635 0.01965762826189624 0.019087368807863155
5.4784375 1.193646044449329 0.019737676022795334 0.019163879096097385
5.46625 1.1941022609630507 0.019818213412763387 0.019240849711171393
5.4540625 1.1945606230390091 0.019899244431047947 0.019318284348478366
5.441875 1.1950211457850524 0.019980773117795406 0.019396186740523645
5.4296875 1.1954838444506355 0.020062803554553664 0.019474560657372166
5.4174999999999995 1.1959487344284743 0.020145339864782248 0.019553409907102595
5.4053125 1.1964158312562254 0.020228386214369645 0.01963273833626759
5.3931249999999995 1.1968851506181903 0.02031194681215817 0.019712549830360793
5.3809375 1.197356708347045 0.020396025910476352 0.01979284831429021
5.3687499999999995 1.1978305204255872 0.020480627805679157 0.01987363775285862
5.3565625 1.198306602988516 0.020565756838695912 0.019954922151250484
5.344374999999999 1.1987849723242345 0.020651417395586305 0.020036705555526068
5.3321875 1.199265644876676 0.020737613908104413 0.0201189920531224
5.32 1.1997486372471569 0.02082435085427109 0.020201785773361666
5.3078125 1.2002339661962602 0.020911632758954548 0.02028509088796659
5.295625 1.2007216486457384 0.020999464194459663 0.02036891161158349
5.2834375 1.2012117016804484 0.021087849781125854 0.02045325220231276
5.27125 1.2017041425503168 0.02117679418793366 0.020538116962246913
5.2590625 1.202198988672328 0.0212663021331205 0.0206235102380166
5.246875 1.2026962576325437 0.021356378384805363 0.0207094364213444
5.2346875 1.2031959671881507 0.021447027761622852 0.020795899949606744
5.2225 1.2036981352695417 0.021538255133366567 0.020882905306403868
5.2103125 1.2042027799824209 0.021630065421642218 0.02097045702213833
5.198125 1.204709919609943 0.02172246360053032 0.021058559674601737
5.1859375 1.2052195726148882 0.021815454697258863 0.021147217889570153
5.17375 1.2057317576418602 0.021909043792886097 0.021236436341408295
5.1615625 1.2062464935195218 0.02200323602299355 0.021326219753682586
5.149375 1.2067637992628626 0.022098036578389463 0.021416572899783198
5.1371875 1.2072836940755016 0.022193450705822824 0.021507500603555316
5.125 1.207806197352022 0.0222894837087082 0.021599007739939696
5.1128124999999995 1.2083313286803372 0.022386140947861673 0.021691099235622933
5.100625 1.208859107844102 0.022483427842247685 0.02178378006969699
5.0884374999999995 1.2093895548251488 0.022581349869737543 0.021877055274328996
5.07625 1.2099226898059678 0.02267991256787924 0.021970929935440673
5.0640624999999995 1.2104585331722195 0.022779121534679248 0.02206540919339821
5.051875 1.2109971055152897 0.022878982429396073 0.022160498243712207
5.039687499999999 1.2115384276348746 0.022979500973346285 0.02225620233774848
5.0275 1.2120825205416175 0.02308068295072256 0.022352526783449133
5.015312499999999 1.2126294054597764 0.023182534209424645 0.022449476946064834
5.003125 1.2131791038299289 0.023285060661903112 0.022547058248898126
4.9909375 1.2137316373117315 0.023388268286015996 0.0226452761740578
4.97875 1.2142870277867053 0.023492163125899006 0.022744136263224978
4.9665625 1.2148452973610793 0.023596751292848942 0.02284364411843058
4.954375 1.2154064683686634 0.023702038966221233 0.02294380540284495
4.9421875 1.215970563373774 0.02380803239434124 0.02304462584157928
4.93 1.216537605174206 0.023914737895429916 0.023146111222499443
4.9178125 1.2171076168042403 0.024022161858544052 0.023248267397052318
4.905625 1.2176806215377107 0.024130310744531206 0.02335110028110479
4.8934375 1.2182566428911126 0.024239191086999692 0.02345461585579557
4.88125 1.2188357046267513 0.02434880949330414 0.02355882016840058
4.8690625 1.2194178307559609 0.024459172645546142 0.023663719333211066
4.856875 1.2200030455423483 0.024570287301591463 0.0237693195324261
4.8446875 1.2205913735051104 0.02468216029610274 0.02387562701705823
4.8325 1.2211828394223847 0.024794798541589266 0.023982648107853922
4.8203125 1.2217774683346694 0.024908209029472998 0.024090389196227736
4.8081249999999995 1.222375285548281 0.025022398831172188 0.024198856745211737
4.7959375 1.2229763166388803 0.02513737509920193 0.024308057290419318
4.7837499999999995 1.2235805874550514 0.025253145068292644 0.02441799744102436
4.7715625 1.2241881241219257 0.025369716056526704 0.024528683880755995
4.7593749999999995 1.2247989530448824 0.02548709546649321 0.024640123368908782
4.7471875 1.2254131009132978 0.025605290786461517 0.024752322741368963
4.734999999999999 1.2260305947043497 0.025724309591574093 0.024865288911657266
4.7228125 1.2266514616868966 0.025844159545058375 0.024979028871987833
4.710624999999999 1.2272757294254082 0.02596484839945874 0.02509354969434443
4.6984375 1.227903425783966 0.026086383997888395 0.025208858531573546
4.68625 1.2285345789303233 0.026208774275302004 0.025324962618495265
4.6740625 1.2291692173400326 0.02633202725978914 0.02544186927303185
4.661875 1.229807369800647 0.02645615107388884 0.025559585897354256
4.6496875 1.2304490654159803 0.026581153935926277 0.025678119979047582
4.6375 1.2310943336104434 0.026707044161371127 0.025797479092294903
4.6253125 1.2317432041334482 0.026833830164218832 0.025917670899080637
4.613125 1.2323957070638873 0.026961520458394558 0.026038703150413126
4.6009375 1.233051872814685 0.02709012365918073 0.026160583687567438
4.58875 1.2337117321374242 0.027219648484668346 0.026283320443348124
4.5765625 1.234375316127053 0.027350103757232583 0.026406921443372807
4.564375 1.2350426562266639 0.027481498405033212 0.026531394807376752
4.5521875 1.235713784232358 0.02761384146354032 0.02665674875053889
4.54 1.2363887322981884 0.027747142077085615 0.026782991584829535
4.5278125 1.2370675329411862 0.027881409500440154 0.02691013172038059
4.515625 1.237750219046471 0.028016653100418645 0.027038177666878136
4.5034374999999995 1.2384368238724501 0.0281528823575112 0.02716713803497831
4.49125 1.2391273810561028 0.02829010686754262 0.027297021537746543
4.4790624999999995 1.2398219246183533 0.028428336343360384 0.027427836992121004
4.466875 1.2405204889695427 0.02856758061655109 0.02755959332040013
4.4546874999999995 1.241223108914982 0.02870784963918682 0.027692299551755443
4.4425 1.2419298196606088 0.0288491534856012 0.027825964823769478
4.430312499999999 1.2426406568187436 0.02899150235419619 0.027960598383999558
4.418125 1.2433556564139299 0.02913490656928029 0.028096209591568225
4.405937499999999 1.2440748548889002 0.029279376582938197 0.028232807918780037
4.39375 1.2447982891106155 0.02942492297693348 0.028370402952766337
4.3815625 1.2455259963764367 0.02957155646464391 0.028509004397157412
4.369375 1.2462580144203816 0.029719287893030983 0.02864862207378358
4.3571875 1.2469943814195095 0.02986812824464353 0.028789265924404783
4.345 1.2477351360004003 0.030018088639656937 0.028930946012470343
4.3328125 1.2484803172457632 0.03016918033794778 0.0290736725249083
4.320625 1.2492299647011489 0.030321414741205498 0.029217455773946018
4.3084375 1.2499841183817857 0.030474803395081063 0.02936230619896178
4.29625 1.2507428187795397 0.03062935799137396 0.02950823436836855
4.2840625 1.2515061068699915 0.03078509037025791 0.029655250981530264
4.271875 1.2522740241196433 0.03094201252254641 0.029803366870711504
4.2596875 1.2530466124932562 0.03110013659199848 0.029952593003060798
4.2475 1.2538239144613124 0.03125947487766611 0.030102940482628956
4.2353125 1.2546059730076158 0.031420039836283484 0.030254420552422282
4.223125 1.2553928316370315 0.03158184408469949 0.030407044596492058
4.2109375 1.256184534383362 0.03174490040235386 0.030560824142060437
4.1987499999999995 1.2569811258173618 0.03190922173379858 0.03071577086168429
4.1865625 1.25778265105491 0.03207482119126446 0.030871896575456605
4.1743749999999995 1.2585891557653148 0.03224171205727503 0.03102921325324754
4.1621875 1.2594006861797864 0.03240990778730755 0.031187733016984704
4.1499999999999995 1.2602172891000545 0.03257942201250307 0.03134746814297432
4.1378125 1.2610390119071475 0.03275026854242605 0.03150843106426369
4.125624999999999 1.2618659025703312 0.032922461367874765 0.03167063437304605
4.1134375 1.2626980096562188 0.033096014663743394 0.03183409082310825
4.101249999999999 1.2635353823380435 0.0332709427919372 0.031998813332322795
4.0890625 1.2643780704051046 0.03344726030434162 0.03216481498518452
4.076874999999999 1.2652261242723932 0.03362498194584661 0.032332109035393346
4.0646875 1.2660795949903954 0.03380412265742716 0.0325007089084835
4.0525 1.2669385342550796 0.03398469757928166 0.032670628204500854
4.0403125 1.2678029944180729 0.03416672205402882 0.03284188070072878
4.028125 1.2686730284970267 0.03435021162996474 0.03301448035446384
4.0159375 1.269548690186182 0.03453518206438137 0.033188441305842385
4.00375 1.2704300338671366 0.034721649326947435 0.033363777880718745
3.9915624999999997 1.2713171146198128 0.034909629603153726 0.033540504593596754
3.979375 1.272209988233635 0.03509913929782355 0.033718636150615135
3.9671874999999996 1.2731087112189292 0.03529019503869015 0.033898187452588144
3.955 1.2740133408185295 0.03548281368004241 0.034079173598102676
3.9428124999999996 1.2749239350196229 0.03567701230644029 0.034261609886672824
3.930625 1.2758405525658056 0.03587280823650189 0.034445511821953545
3.9184374999999996 1.2767632529693966 0.03607021902676289 0.03463089511501399
3.90625 1.2776920965239666 0.036269262475611096 0.034817775687672595
3.8940624999999995 1.2786271443171295 0.03646995662729685 0.03500616967589465
3.881875 1.279568458243574 0.036672319776021325 0.03519609343325399
3.8696874999999995 1.2805161010183608 0.03687637047010448 0.03538756353446001
3.8575 1.281470136190471 0.037082127516234395 0.03558059677895161
3.8453124999999995 1.2824306281566349 0.03728960998379979 0.035775210194559384
3.833125 1.2833976421754212 0.03749883720930769 0.03597142104123763
3.8209374999999994 1.284371244381624 0.03770982880088788 0.03616924681486752
3.80875 1.2853515018009194 0.03792260464288657 0.03636870525113334
3.7965624999999994 1.2863384823648263 0.03813718490055106 0.036569814329473115
3.784375 1.287332254925973 0.03835359002480694 0.036772592277105
3.7721874999999994 1.2883328892736519 0.03857184075713135 0.036977057573132244
3.76 1.289340456149715 0.03879195813452255 0.03718322895272662
3.7478125 1.2903550272647677 0.0390139634945701 0.03739112541139416
3.7356249999999998 1.2913766753147138 0.039237878480625966 0.037600766209323074
3.7234375 1.2924054739976214 0.039463725047080525 0.037812170875817154
3.7112499999999997 1.293441498030948 0.0396915254647448 0.03802535921381584
3.6990625 1.294484823169107 0.03992130232634211 0.038240351304503095
3.6868749999999997 1.2955355262214123 0.04015307855211099 0.038457167512006944
3.6746875 1.2965936850703785 0.0403868773955227 0.03867582848819201
3.6624999999999996 1.297659378690416 0.04062272244911545 0.03889635517754687
3.6503125 1.2987326871669056 0.0408606376504483 0.03911876882216846
3.6381249999999996 1.2998136917156737 0.041100647288177805 0.03934309096684613
3.6259375 1.3009024747028815 0.04134277600825964 0.03956934346424668
3.6137499999999996 1.3019991196653327 0.04158704882027877 0.0397975484802037
3.6015625 1.3031037113312032 0.04183349110391107 0.04002772849911305
3.5893749999999995 1.3042163356412153 0.04208212861551955 0.04025990632943733
3.5771875 1.3053370797702661 0.04233298749488797 0.04049410510932105
3.5649999999999995 1.306466032149511 0.042586094272095976 0.040730348312320204
3.5528125 1.3076032824889239 0.04284147587453826 0.040968659753247844
3.5406249999999995 1.3087489218003454 0.04309915963409203 0.04120906359413917
3.5284375 1.3099030424210203 0.04335917329443567 0.041451584350338376
3.5162499999999994 1.3110657380376525 0.04362154501852294 0.041696246896710545
3.5040625 1.3122371037109801 0.04388630339621568 0.0419430764739809
3.4918749999999994 1.3134172359008847 0.04415347745208 0.042192098695205384
3.4796875 1.3146062324920518 0.044423096653348676 0.04244333955237462
3.4674999999999994 1.3158041928201953 0.04469519091805503 0.04269682542315526
3.4553125 1.3170112176988602 0.044969790623341555 0.04295258307777133
3.443125 1.3182274094468112 0.04524692661394857 0.043210639686029735
3.4309374999999998 1.3194528719160434 0.04552663021088626 0.04347102282449223
3.41875 1.3206877105204047 0.04580893322029553 0.04373376048379839
3.4065624999999997 1.3219320322648551 0.04609386794250257 0.04399888107614325
3.394375 1.3231859457754063 0.04638146718127035 0.044266413442911635
3.3821874999999997 1.3244495613297005 0.04667176425325468 0.044536386862476095
3.37 1.3257229908883104 0.04696479299766718 0.04480883105815899
3.3578124999999996 1.327006348126732 0.04726058778615271 0.045083776206365535
3.345625 1.328299748468112 0.04755918353288493 0.045361252944889977
3.3334374999999996 1.3296033091167225 0.04786061570488699 0.04564129238140068
3.32125 1.3309171490922007 0.04816492033258195 0.04592392610210731
3.3090624999999996 1.3322413892645835 0.0484721340205796 0.04620918618061544
3.296875 1.3335761523901424 0.0487822939587053 0.046497105186972726
3.2846874999999995 1.3349215631480558 0.04909543793327754 0.04678771619691199
3.2725 1.3362777481779329 0.049411604338639996 0.0470810528012952
3.2603124999999995 1.3376448361182174 0.049730832188955416 0.04737714911576431
3.248125 1.3390229576454824 0.05005316113026778 0.047676039790603746
3.2359374999999995 1.3404122455146679 0.05037863145283956 0.047977760020819535
3.22375 1.3418128346002454 0.05070728410377202 0.0482823455564415
3.2115624999999994 1.3432248619383844 0.051039160699915036 0.04858983271305291
3.199375 1.3446484667701024 0.05137430354107497 0.048900258382554414
3.1871874999999994 1.346083790585459 0.05171275562352802 0.049213660044167884
3.175 1.3475309771688047 0.052054560653847164 0.04953007577568597
3.1628124999999994 1.3489901726451212 0.052399763063051476 0.04984954426497432
3.150625 1.3504615255274823 0.052748408021085866 0.050172104821732365
3.1384374999999993 1.35194518676567 0.05310054145164067 0.050497797389519754
3.1262499999999998 1.3534413097959688 0.053456210047319895 0.05082666255805509
3.1140625 1.3549500505921848 0.053815461285167836 0.05115874157579431
3.1018749999999997 1.3564715677179167 0.05417834344256354 0.051494076362795696
3.0896875 1.358006022380111 0.05454490561349332 0.051832709523879236
3.0774999999999997 1.359553578483951 0.05491519772521177 0.0521746843620881
3.0653125 1.3611144026891084 0.05528927055530135 0.05252004489245974
3.0531249999999996 1.362688664467392 0.05566717574914273 0.05286883585611587
3.0409375 1.3642765361618494 0.05604896583780579 0.05322110273467834
3.0287499999999996 1.365878193047354 0.0564346942563742 0.053576891765020944
3.0165625 1.3674938133927204 0.05682441536271468 0.05393624995436506
3.0043749999999996 1.3691235785243954 0.05721818445670445 0.05429922509572934
2.9921875 1.3707676728917715 0.05761605779992856 0.05466586578374211
2.9799999999999995 1.3724262841341786 0.0580180926358611 0.055036221430826544
2.9678125 1.3740996031495851 0.058424347210543716 0.055410342283769086
2.9556249999999995 1.375787824165069 0.05883488079377624 0.05578827944068162
2.9434375 1.3774911448091327 0.05924975370083195 0.056170084868366575
2.9312499999999995 1.3792097661858767 0.05966902731471557 0.0565558114200986
2.9190625 1.380943892951118 0.06009276410897685 0.05694551285383219
2.9068749999999994 1.3826937333905132 0.060521027671097065 0.057339243850847564
2.8946875 1.3844594994997226 0.060953882726464875 0.057737060034847534
2.8824999999999994 1.3862414070667093 0.061391395162958516 0.05813901799151718
2.8703125 1.3880396757562123 0.06183363205615176 0.05854517528855946
2.8581249999999994 1.389854529196481 0.062280661695162574 0.05895559049622039
2.8459375 1.3916861950683301 0.06273255360916227 0.059370323208316735
2.8337499999999993 1.3935349051965866 0.0631893785945661 0.059789434063781774
2.8215624999999998 1.3954008956440203 0.06365120874292347 0.060212984768741686
2.809375 1.3972844068078 0.06411811746953132 0.06064103811914064
2.7971874999999997 1.3991856835186045 0.06459017954278899 0.06107365802392681
2.785 1.4011049751424312 0.06506747111431928 0.06151090952881781
2.7728124999999997 1.4030425356852048 0.06555006974987812 0.06195285884066188
2.760625 1.404998623900284 0.06603805446107545 0.0623995733524104
2.7484374999999996 1.406973503398944 0.06653150573793389 0.06285112166872171
2.73625 1.4089674427639305 0.06703050558230902 0.06330757363221297
2.7240624999999996 1.4109807156662153 0.06753513754219828 0.06376900035037912
2.711875 1.4130136009850045 0.06804548674696603 0.06423547422319958
2.6996874999999996 1.4150663829311603 0.06856163994351239 0.0647070689714516
2.6875 1.4171393511741148 0.06908368553341504 0.06518385966575144
2.6753124999999995 1.4192328009723971 0.06961171361107533 0.06566592275634607
2.663125 1.4213470333079103 0.07014581600289792 0.06615333610367545
2.6509374999999995 1.4234823550240583 0.07068608630753866 0.06664617900973112
2.63875 1.4256390789678752 0.07123261993725216 0.06714453225023206
2.6265624999999995 1.4278175241362676 0.07178551416037607 0.06764847810764588
2.614375 1.4300180158265439 0.07234486814498489 0.06815810040507649
2.6021874999999994 1.4322408857913307 0.07291078300375473 0.06867348454104945
2.59 1.434486472398067 0.07348336184007356 0.06919471752521811
2.5778124999999994 1.43675512079322 0.07406270979543983 0.06972188801502097
2.565625 1.4390471830713618 0.07464893409819005 0.07025508635331948
2.5534374999999994 1.4413630184493214 0.07524214411359799 0.07079440460704525
2.54125 1.4437029934455483 0.07584245139539045 0.0713399366068888
2.5290624999999993 1.4460674820648904 0.07644996973872649 0.0718917779880625
2.5168749999999998 1.4484568659889652 0.07706481523468711 0.07245002623217046
2.5046875 1.4508715347723427 0.07768710632632556 0.07301478071022043
2.4924999999999997 1.4533118860447147 0.07831696386633058 0.07358614272681385
2.4803125 1.455778325719297 0.07895451117635469 0.07416421556555065
2.4681249999999997 1.4582712682076588 0.07959987410806546 0.07474910453568868
2.4559375 1.460791136641236 0.08025318110597471 0.07534091702009577
2.4437499999999996 1.463338363099753 0.08091456327210843 0.07593976252453805
2.4315625 1.4659133888468108 0.08158415443257737 0.07654575272834555
2.4193749999999996 1.4685166645729097 0.08226209120611466 0.0771590015365009
2.4071875 1.4711486506461626 0.08294851307464664 0.07777962513319668
2.3949999999999996 1.473809817371005 0.08364356245596738 0.07840774203690946
2.3828125 1.4765006452551857 0.08434738477858846 0.0790434731570397
2.3706249999999995 1.4792216252853438 0.08506012855884111 0.07968694185217029
2.3584375 1.481973259211509 0.08578194548030701 0.08033827398999524
2.3462499999999995 1.4847560598408487 0.08651299047566115 0.08099759800897578
2.3340625 1.4875705513410167 0.08725342181100981 0.08166504498178007
2.3218749999999995 1.4904172695534772 0.08800340117281354 0.08234074868056705
2.3096875 1.4932967623171665 0.08876309375748509 0.08302484564417606
2.2974999999999994 1.4962095898029195 0.08953266836375934 0.08371747524728669
2.2853125 1.4991563248590443 0.09031229748793328 0.08441877977161595
2.2731249999999994 1.5021375533685233 0.0911021574220796 0.08512890447922115
2.2609375 1.5051538746182394 0.09190242835534264 0.0858479976879827
2.2487499999999994 1.5082059016807572 0.09271329447842717 0.08657621084933967
2.2365625 1.5112942618091183 0.09353494409139741 0.08731369862835697
2.2243749999999993 1.5144195968451768 0.09436756971490919 0.0880606189862065
2.2121874999999998 1.517582563642037 0.09521136820499845 0.08881713326514283
2.1999999999999993 1.5207838345011344 0.09606654087156255 0.08958340627606544
2.1878124999999997 1.5240240976245611 0.09693329360066852 0.0903596063887554
2.175625 1.52730405758327 0.09781183698083366 0.09114590562488285
2.1634374999999997 1.530624435801783 0.09870238643342769 0.09194247975388348
2.15125 1.5339859710601162 0.09960516234735126 0.0927495083918056
2.1390624999999996 1.5373894200135878 0.10052039021815734 0.09356717510323789
2.126875 1.5408355577313089 0.10144830079178012 0.09439566750642414
2.1146874999999996 1.5443251782540897 0.10238913021305446 0.09523517738168612
2.1025 1.547859095172613 0.10334312017920647 0.09608590078327087
2.0903124999999996 1.5514381422267234 0.10431051809851168 0.09694803815475078
2.078125 1.5550631739267204 0.1052915772543213 0.0978217944481065
2.0659374999999995 1.5587350661976171 0.10628655697466902 0.09870737924662991
2.05375 1.562454717047345 0.10729572280767684 0.09960500689178789
2.0415624999999995 1.5662230472599568 0.10831934670299276 0.10051489661419731
2.029375 1.5700410011148809 0.10935770719950065 0.10143727266886542
2.0171874999999995 1.5739095471334357 0.11041108961955352 0.10237236447485609
2.005 1.5778296788537378 0.11147978626999559 0.10332040675955215
1.9928124999999994 1.581802415635328 0.1125640966502479 0.10428163970768856
1.9806249999999999 1.5858288034947958 0.11366432766774683 0.10525630911534042
1.9684375000000003 1.5899099159738377 0.11478079386103789 0.10624466654905765
1.956249999999999 1.594046855041182 0.11591381763084223 0.10724696951034728
1.9440624999999994 1.5982407520299546 0.11706372947942494 0.10826348160571035
1.9318749999999998 1.6024927686120998 0.11823086825861691 0.10929447272245571
1.9196875000000002 1.6068040978115559 0.11941558142685053 0.110340219210516
1.9074999999999989 1.6111759650580022 0.12061822531559371 0.11140100407050699
1.8953124999999993 1.615609629283069 0.12183916540558033 0.11247711714827835
1.8831249999999997 1.6201063840610148 0.1230787766132602 0.11356885533621976
1.8709375000000001 1.6246675587959565 0.12433744358790634 0.11467652278159388
1.8587500000000006 1.6292945199579039 0.1256155610198435 0.1158004311021834
1.8465624999999992 1.6339886723699206 0.1269135339602831 0.11694089960955178
1.8343749999999996 1.6387514605488762 0.12823177815327502 0.11809825554023229
1.8221875 1.6435843701024326 0.12957072038031173 0.11927283429517352
1.8100000000000005 1.6484889291849711 0.13093079881814706 0.12046497968778655
1.7978124999999991 1.6534667100154004 0.13231246341042305 0.12167504420095507
1.7856249999999996 1.6585193304599144 0.1337161762537235 0.12290338925338551
1.7734375 1.6636484556829276 0.13514241199871552 0.12415038547569945
1.7612500000000004 1.6688557998696543 0.13659165826705866 0.12541641299667786
1.749062499999999 1.674143128023926 0.138064416084815 0.12670186174010117
1.7368749999999995 1.6795122578451178 0.1395612003331167 0.12800713173263975
1.7246875 1.6849650616882481 0.14108254021690025 0.1293326334232805
1.7125000000000004 1.6905034686115352 0.142628979752551 0.13067878801479388
1.700312499999999 1.6961294665160151 0.14420107827535086 0.1320460278077734
1.6881249999999994 1.7018451043820155 0.14579941096767124 0.13343479655780838
1.6759374999999999 1.7076524946076412 0.1474245694089065 0.13484554984637953
1.6637500000000003 1.7135538154547094 0.14907716214818917 0.13627875546609142
1.651562499999999 1.719551313607882 0.150757815301 0.13773489382089907
1.6393749999999994 1.7256473068531586 0.15246717317083358 0.13921445834200805
1.6271874999999998 1.7318441868822076 0.15420589889716105 0.14071795592017694
1.6150000000000002 1.7381444222294746 0.1559746751309847 0.14224590735517476
1.6028124999999989 1.7445505613493968 0.15777420473937007 0.14379884782320115
1.5906249999999993 1.7510652358415624 0.15960521154040683 0.1453773273631085
1.5784374999999997 1.7576911638321195 0.1614684410701484 0.14698191138232328
1.5662500000000001 1.7644311535203108 0.16336466138315311 0.1486131811833982
1.5540625000000006 1.7712881068995237 0.1652946638883653 0.15027173451219533
1.5418749999999992 1.7782650236629622 0.16725926422216086 0.1519581861287414
1.5296874999999996 1.7853650053046075 0.16925930316050095 0.1536731684018634
1.5175 1.7925912594269284 0.17129564757225485 0.15541733192877633
1.5053125000000005 1.7999471042675128 0.1733691914158705 0.15719134618085412
1.4931249999999991 1.8074359734576537 0.17548085678171527 0.15899590017689524
1.4809374999999996 1.815061421026808 0.17763159498254244 0.1608317031852615
1.46875 1.8228271266677814 0.17982238769470557 0.16269948545636093
1.4565625000000004 1.8307369012785544 0.1820542481528903 0.16459999898701763
1.444374999999999 1.8387946927977472 0.18432822240132643 0.16653401831837897
1.4321874999999995 1.8470045923519587 0.1866453906046165 0.1685023413690946
1.42 1.85537084073449 0.1890068684215354 0.17050579030562338
1.4078125000000004 1.863897835236356 0.19141380844535696 0.17254521245161944
1.395624999999999 1.872590136852041 0.19386740171450867 0.17462148123848487
1.3834374999999994 1.8814524778840354 0.19636887929760377 0.17673549719929654
1.3712499999999999 1.89048976997207 0.19891951395716745 0.17888818900845768
1.3590625000000003 1.8997071125747511 0.20152062189666708 0.18108051456956992
1.346874999999999 1.9091098019335082 0.20417356459576974 0.18331346215418626
1.3346874999999994 1.9187033405509597 0.20687975073908435 0.1855880515942696
1.3224999999999998 1.9284934472183226 0.20964063824401583 0.18790533553137345
1.3103125000000002 1.9384860676290658 0.21245773639374368 0.19026640072575274
1.2981249999999989 1.9486873856190505 0.21533260808176466 0.19267236942882643
1.2859374999999993 1.9591038350764145 0.21826687217489932 0.19512440082264684
1.2737499999999997 1.969742112568048 0.22126220600215632 0.1976236925302745
1.2615625000000001 1.9806091907331533 0.22432034797737618 0.20017148220121775
1.2493750000000006 1.99171233249853 0.2274431003641709 0.2027690491763937
1.2371874999999992 2.003059106174698 0.2306323321922928 0.2054177162373699
1.2249999999999996 2.0146574014968506 0.23388998233524982 0.20811885144497674
1.2128125 2.0265154466799795 0.237218062759735 0.21087387007275782
1.2006250000000005 2.038641826563385 0.24061866195821918 0.21368423664109024
1.1884374999999991 2.0510455019261524 0.24409394857695815 0.2165514670582604
1.1762499999999996 2.063735830062253 0.24764617525259083 0.21947713087521362
1.1640625 2.0767225867116745 0.2512776826715598 0.22246285366121157
1.1518750000000004 2.090015989452359 0.2549909038676986 0.22551031950815947
1.139687499999999 2.1036267226671788 0.25878836877457473 0.22862127367196058
1.1274999999999995 2.117565964210392 0.2626727090505046 0.2317975253598824
1.1153125 2.1318454139093483 0.2666466631956507 0.23504095067363037
1.1031250000000004 2.1464773240496817 0.27071308198218597 0.23835349571855893
1.090937499999999 2.1614745320060704 0.27487493422029563 0.24173717989029186
1.0787499999999994 2.1768504951958163 0.2791353128846988 0.24519409935091194
1.0665624999999999 2.1926193285494455 0.28349744162850016 0.24872643070787348
1.0543750000000003 2.2087958447111378 0.28796468171348616 0.25233643490984886
1.042187499999999 2.2253955972026103 0.2925405393885508 0.25602646137491236
1.0299999999999994 2.242434926807023 0.2972286737507347 0.2597989523677397
1.0178124999999998 2.259931011455184 0.30203290512646586 0.26365644764392726
1.0056250000000002 2.2779019199246853 0.3069572240139914 0.267601589381069
0.9934374999999989 2.2963666696945366 0.31200580063176947 0.271637127417947
0.9812499999999993 2.3153452893331563 0.3171829951217539 0.27576592482506146
0.9690624999999997 2.334858885837371 0.32249336846112275 0.2799909638317979
0.9568750000000001 2.3549297173842643 0.3279416941410939 0.2843153521377944
0.9446875000000006 2.3755812720075093 0.33353297067716753 0.28874232963860663
0.9324999999999992 2.3968383527655805 0.3392724350214142 0.2932752755985363
0.9203124999999996 2.418727170031831 0.34516557695444533 0.29791771630657726
0.9081250000000001 2.4412754416071074 0.35121815454251676 0.3026733332548519
0.8959375000000005 2.4645125014349687 0.35743621075389925 0.3075459718826802
0.8837499999999991 2.4884694177894056 0.3638260913384118 0.31253965093366975
0.8715624999999996 2.513179121906517 0.3703944640848643 0.3176585724778712
0.859375 2.538676548146581 0.37714833958338395 0.32290713265630616
0.8471875000000004 2.564998786903452 0.3840950936332362 0.32828993321096905
0.8349999999999991 2.592185251626561 0.3912424914521747 0.3338117938699718
0.8228124999999995 2.6202778614896824 0.3985987138606268 0.3394777656647728
0.8106249999999999 2.64932124143338 0.4061723856335729 0.3452931452646575
0.7984375000000004 2.679362941528165 0.4139726062349854 0.35126349042281185
0.786249999999999 2.7104536778577533 0.42200898317467445 0.35739463663872073
0.7740624999999994 2.7426475974110973 0.4302916682556426 0.3636927151532889
0.7618749999999999 2.7760025698048527 0.4388313970121915 0.3701641724062899
0.7496875000000003 2.810580509041277 0.44763953167552767 0.37681579110065055
0.7374999999999989 2.846447728949646 0.4567281080453342 0.3836547130350371
0.7253124999999994 2.883675336471911 0.46610988669333586 0.39068846388540224
0.7131249999999998 2.9223396675483095 0.4757984089794383 0.39792498013806765
0.7009375000000002 2.962522771050418 0.4858080584235155 0.40537263840183674
0.6887499999999989 3.004312947016044 0.4961541280478972 0.4130402873552052
0.6765624999999993 3.0478053463833477 0.5068528943884925 0.4209372826173985
0.6643749999999997 3.093102640527264 0.5179216989683241 0.4290735248695316
0.6521875000000001 3.140315770200401 0.5293790381382047 0.43745950159537167
0.6400000000000006 3.1895647850125703 0.5412446623182205 0.4461063328610808
0.6278124999999992 3.2409797863937957 0.5535396858237923 0.45502582161100724
0.6156249999999996 3.2947019891332547 0.5662867086353701 0.4642305090235229
0.6034375000000001 3.350884919141856 0.5795099516761391 0.4737337355487897
0.5912500000000005 3.4096957681355917 0.5932354074032327 0.48354970834116506
0.5790624999999991 3.4713169295904076 0.6074910078021225 0.4936935759052754
0.5668749999999996 3.535947744710363 0.6223068122097142 0.504181510899551
0.5546875 3.603806492449678 0.6377152177901185 0.515030802187991
0.5425000000000004 3.675132664046966 0.653751195961166 0.5262599574044885
0.5303124999999991 3.750189570335619 0.6704525586362419 0.5378888174999692
0.5181249999999995 3.8292673396269103 0.6878602588251957 0.5499386849875508
0.5059374999999999 3.9126863756567536 0.7060187309558289 0.5624324678936281
0.49375000000000036 4.0008013594976735 0.7249762772659278 0.5753948417737975
0.481562499999999 4.094005897183748 0.7447855078160307 0.5888524325753276
0.46937499999999943 4.192737937005525 0.7655038431368861 0.6028340236393055
0.45718749999999986 4.297486108220307 0.7871940903194553 0.6173707907571344
0.4450000000000003 4.408797167882889 0.809925105564469 0.6324965699548935
0.43281249999999893 4.527284786742754 0.8337725589439059 0.6482481636105688
0.42062499999999936 4.653639961482245 0.8588198205317215 0.6646656916582138
0.4084374999999998 4.7886434127545 0.8851589913250342 0.6817929960590027
0.3962500000000002 4.933180421614504 0.9128921077484341 0.6996781084984607
0.38406249999999886 5.088258677970392 0.9421325553457354 0.7183737935041146
0.3718749999999993 5.255029873174319 0.9730067359597369 0.737938182002849
0.3596874999999997 5.434815978097815 1.0056560438846625 0.7584355139339685
0.34750000000000014 5.629141426610988 1.0402392209699656 0.7799370131466136
0.3353124999999988 5.839772798694054 1.0769351795930722 0.8025219237732268
0.3231249999999992 6.068768105262332 1.115946407381545 0.8262787450439864
0.31093749999999964 6.318538473019594 1.157503100777548 0.8513067117323223
0.29875000000000007 6.59192599281551 1.2018682191675838 0.8777175810013337
0.2865625000000005 6.892302849010341 1.2493437119209096 0.9056378046438619
0.27437499999999915 7.223698771471548 1.3002782539728241 0.9352111904348314
