###############PARAM###############
1.000020e+02 
51 
21 
###################################
5.000000e-01 0.000000e+00 4.872453e+00 8.585425e+00 -5.875988e-01 0.000000e+00
5.000000e-01 7.853982e-02 4.872453e+00 8.585425e+00 -5.875988e-01 0.000000e+00
5.000000e-01 1.570796e-01 4.872453e+00 8.585425e+00 -5.875988e-01 0.000000e+00
5.000000e-01 2.356194e-01 4.872453e+00 8.585425e+00 -5.875988e-01 0.000000e+00
5.000000e-01 3.141593e-01 4.872453e+00 8.585425e+00 -5.875988e-01 0.000000e+00
5.000000e-01 3.926991e-01 4.872453e+00 8.585425e+00 -5.875988e-01 0.000000e+00
5.000000e-01 4.712389e-01 4.872453e+00 8.585425e+00 -5.875988e-01 0.000000e+00
5.000000e-01 5.497787e-01 4.872453e+00 8.585425e+00 -5.875988e-01 0.000000e+00
5.000000e-01 6.283185e-01 4.872453e+00 8.585425e+00 -5.875988e-01 0.000000e+00
5.000000e-01 7.068583e-01 4.872453e+00 8.585425e+00 -5.875988e-01 0.000000e+00
5.000000e-01 7.853982e-01 4.872453e+00 8.585425e+00 -5.875988e-01 0.000000e+00
5.000000e-01 8.639380e-01 4.872453e+00 8.585425e+00 -5.875988e-01 0.000000e+00
5.000000e-01 9.424778e-01 4.872453e+00 8.585425e+00 -5.875988e-01 0.000000e+00
5.000000e-01 1.021018e+00 4.872453e+00 8.585425e+00 -5.875988e-01 0.000000e+00
5.000000e-01 1.099557e+00 4.872453e+00 8.585425e+00 -5.875988e-01 0.000000e+00
5.000000e-01 1.178097e+00 4.872453e+00 8.585425e+00 -5.875988e-01 0.000000e+00
5.000000e-01 1.256637e+00 4.872453e+00 8.585425e+00 -5.875988e-01 0.000000e+00
5.000000e-01 1.335177e+00 4.872453e+00 8.585425e+00 -5.875988e-01 0.000000e+00
5.000000e-01 1.413717e+00 4.872453e+00 8.585425e+00 -5.875988e-01 0.000000e+00
5.000000e-01 1.492257e+00 4.872453e+00 8.585425e+00 -5.875988e-01 0.000000e+00
5.000000e-01 1.570796e+00 4.872453e+00 8.585425e+00 -5.875988e-01 0.000000e+00
6.900000e-01 0.000000e+00 5.345635e+00 4.140310e+00 -8.808291e-02 0.000000e+00
6.900000e-01 7.853982e-02 5.345635e+00 4.140310e+00 -8.808291e-02 0.000000e+00
6.900000e-01 1.570796e-01 5.345635e+00 4.140310e+00 -8.808291e-02 0.000000e+00
6.900000e-01 2.356194e-01 5.345635e+00 4.140310e+00 -8.808291e-02 0.000000e+00
6.900000e-01 3.141593e-01 5.345635e+00 4.140310e+00 -8.808291e-02 0.000000e+00
6.900000e-01 3.926991e-01 5.345635e+00 4.140310e+00 -8.808291e-02 0.000000e+00
6.900000e-01 4.712389e-01 5.345635e+00 4.140310e+00 -8.808291e-02 0.000000e+00
6.900000e-01 5.497787e-01 5.345635e+00 4.140310e+00 -8.808291e-02 0.000000e+00
6.900000e-01 6.283185e-01 5.345635e+00 4.140310e+00 -8.808291e-02 0.000000e+00
6.900000e-01 7.068583e-01 5.345635e+00 4.140310e+00 -8.808291e-02 0.000000e+00
6.900000e-01 7.853982e-01 5.345635e+00 4.140310e+00 -8.808291e-02 0.000000e+00
6.900000e-01 8.639380e-01 5.345635e+00 4.140310e+00 -8.808291e-02 0.000000e+00
6.900000e-01 9.424778e-01 5.345635e+00 4.140310e+00 -8.808291e-02 0.000000e+00
6.900000e-01 1.021018e+00 5.345635e+00 4.140310e+00 -8.808291e-02 0.000000e+00
6.900000e-01 1.099557e+00 5.345635e+00 4.140310e+00 -8.808291e-02 0.000000e+00
6.900000e-01 1.178097e+00 5.345635e+00 4.140310e+00 -8.808291e-02 0.000000e+00
6.900000e-01 1.256637e+00 5.345635e+00 4.140310e+00 -8.808291e-02 0.000000e+00
6.900000e-01 1.335177e+00 5.345635e+00 4.140310e+00 -8.808291e-02 0.000000e+00
6.900000e-01 1.413717e+00 5.345635e+00 4.140310e+00 -8.808291e-02 0.000000e+00
6.900000e-01 1.492257e+00 5.345635e+00 4.140310e+00 -8.808291e-02 0.000000e+00
6.900000e-01 1.570796e+00 5.345635e+00 4.140310e+00 -8.808291e-02 0.000000e+00
8.800000e-01 0.000000e+00 2.692092e+00 2.802210e+00 -9.493526e-02 0.000000e+00
8.800000e-01 7.853982e-02 2.692092e+00 2.802210e+00 -9.493526e-02 0.000000e+00
8.800000e-01 1.570796e-01 2.692092e+00 2.802210e+00 -9.493526e-02 0.000000e+00
8.800000e-01 2.356194e-01 2.692092e+00 2.802210e+00 -9.493526e-02 0.000000e+00
8.800000e-01 3.141593e-01 2.692092e+00 2.802210e+00 -9.493526e-02 0.000000e+00
8.800000e-01 3.926991e-01 2.692092e+00 2.802210e+00 -9.493526e-02 0.000000e+00
8.800000e-01 4.712389e-01 2.692092e+00 2.802210e+00 -9.493526e-02 0.000000e+00
8.800000e-01 5.497787e-01 2.692092e+00 2.802210e+00 -9.493526e-02 0.000000e+00
8.800000e-01 6.283185e-01 2.692092e+00 2.802210e+00 -9.493526e-02 0.000000e+00
8.800000e-01 7.068583e-01 2.692092e+00 2.802210e+00 -9.493526e-02 0.000000e+00
8.800000e-01 7.853982e-01 2.692092e+00 2.802210e+00 -9.493526e-02 0.000000e+00
8.800000e-01 8.639380e-01 2.692092e+00 2.802210e+00 -9.493526e-02 0.000000e+00
8.800000e-01 9.424778e-01 2.692092e+00 2.802210e+00 -9.493526e-02 0.000000e+00
8.800000e-01 1.021018e+00 2.692092e+00 2.802210e+00 -9.493526e-02 0.000000e+00
8.800000e-01 1.099557e+00 2.692092e+00 2.802210e+00 -9.493526e-02 0.000000e+00
8.800000e-01 1.178097e+00 2.692092e+00 2.802210e+00 -9.493526e-02 0.000000e+00
8.800000e-01 1.256637e+00 2.692092e+00 2.802210e+00 -9.493526e-02 0.000000e+00
8.800000e-01 1.335177e+00 2.692092e+00 2.802210e+00 -9.493526e-02 0.000000e+00
8.800000e-01 1.413717e+00 2.692092e+00 2.802210e+00 -9.493526e-02 0.000000e+00
8.800000e-01 1.492257e+00 2.692092e+00 2.802210e+00 -9.493526e-02 0.000000e+00
8.800000e-01 1.570796e+00 2.692092e+00 2.802210e+00 -9.493526e-02 0.000000e+00
1.070000e+00 0.000000e+00 2.304487e+00 2.263277e+00 -1.085227e-01 0.000000e+00
1.070000e+00 7.853982e-02 2.304487e+00 2.263277e+00 -1.085227e-01 0.000000e+00
1.070000e+00 1.570796e-01 2.304487e+00 2.263277e+00 -1.085227e-01 0.000000e+00
1.070000e+00 2.356194e-01 2.304487e+00 2.263277e+00 -1.085227e-01 0.000000e+00
1.070000e+00 3.141593e-01 2.304487e+00 2.263277e+00 -1.085227e-01 0.000000e+00
1.070000e+00 3.926991e-01 2.304487e+00 2.263277e+00 -1.085227e-01 0.000000e+00
1.070000e+00 4.712389e-01 2.304487e+00 2.263277e+00 -1.085227e-01 0.000000e+00
1.070000e+00 5.497787e-01 2.304487e+00 2.263277e+00 -1.085227e-01 0.000000e+00
1.070000e+00 6.283185e-01 2.304487e+00 2.263277e+00 -1.085227e-01 0.000000e+00
1.070000e+00 7.068583e-01 2.304487e+00 2.263277e+00 -1.085227e-01 0.000000e+00
1.070000e+00 7.853982e-01 2.304487e+00 2.263277e+00 -1.085227e-01 0.000000e+00
1.070000e+00 8.639380e-01 2.304487e+00 2.263277e+00 -1.085227e-01 0.000000e+00
1.070000e+00 9.424778e-01 2.304487e+00 2.263277e+00 -1.085227e-01 0.000000e+00
1.070000e+00 1.021018e+00 2.304487e+00 2.263277e+00 -1.085227e-01 0.000000e+00
1.070000e+00 1.099557e+00 2.304487e+00 2.263277e+00 -1.085227e-01 0.000000e+00
1.070000e+00 1.178097e+00 2.304487e+00 2.263277e+00 -1.085227e-01 0.000000e+00
1.070000e+00 1.256637e+00 2.304487e+00 2.263277e+00 -1.085227e-01 0.000000e+00
1.070000e+00 1.335177e+00 2.304487e+00 2.263277e+00 -1.085227e-01 0.000000e+00
1.070000e+00 1.413717e+00 2.304487e+00 2.263277e+00 -1.085227e-01 0.000000e+00
1.070000e+00 1.492257e+00 2.304487e+00 2.263277e+00 -1.085227e-01 0.000000e+00
1.070000e+00 1.570796e+00 2.304487e+00 2.263277e+00 -1.085227e-01 0.000000e+00
1.260000e+00 0.000000e+00 2.033296e+00 1.927984e+00 -9.170832e-02 0.000000e+00
1.260000e+00 7.853982e-02 2.033296e+00 1.927984e+00 -9.170832e-02 0.000000e+00
1.260000e+00 1.570796e-01 2.033296e+00 1.927984e+00 -9.170832e-02 0.000000e+00
1.260000e+00 2.356194e-01 2.033296e+00 1.927984e+00 -9.170832e-02 0.000000e+00
1.260000e+00 3.141593e-01 2.033296e+00 1.927984e+00 -9.170832e-02 0.000000e+00
1.260000e+00 3.926991e-01 2.033296e+00 1.927984e+00 -9.170832e-02 0.000000e+00
1.260000e+00 4.712389e-01 2.033296e+00 1.927984e+00 -9.170832e-02 0.000000e+00
1.260000e+00 5.497787e-01 2.033296e+00 1.927984e+00 -9.170832e-02 0.000000e+00
1.260000e+00 6.283185e-01 2.033296e+00 1.927984e+00 -9.170832e-02 0.000000e+00
1.260000e+00 7.068583e-01 2.033296e+00 1.927984e+00 -9.170832e-02 0.000000e+00
1.260000e+00 7.853982e-01 2.033296e+00 1.927984e+00 -9.170832e-02 0.000000e+00
1.260000e+00 8.639380e-01 2.033296e+00 1.927984e+00 -9.170832e-02 0.000000e+00
1.260000e+00 9.424778e-01 2.033296e+00 1.927984e+00 -9.170832e-02 0.000000e+00
1.260000e+00 1.021018e+00 2.033296e+00 1.927984e+00 -9.170832e-02 0.000000e+00
1.260000e+00 1.099557e+00 2.033296e+00 1.927984e+00 -9.170832e-02 0.000000e+00
1.260000e+00 1.178097e+00 2.033296e+00 1.927984e+00 -9.170832e-02 0.000000e+00
1.260000e+00 1.256637e+00 2.033296e+00 1.927984e+00 -9.170832e-02 0.000000e+00
1.260000e+00 1.335177e+00 2.033296e+00 1.927984e+00 -9.170832e-02 0.000000e+00
1.260000e+00 1.413717e+00 2.033296e+00 1.927984e+00 -9.170832e-02 0.000000e+00
1.260000e+00 1.492257e+00 2.033296e+00 1.927984e+00 -9.170832e-02 0.000000e+00
1.260000e+00 1.570796e+00 2.033296e+00 1.927984e+00 -9.170832e-02 0.000000e+00
1.450000e+00 0.000000e+00 1.867490e+00 1.722747e+00 -7.952168e-02 0.000000e+00
1.450000e+00 7.853982e-02 1.867490e+00 1.722747e+00 -7.952168e-02 0.000000e+00
1.450000e+00 1.570796e-01 1.867490e+00 1.722747e+00 -7.952168e-02 0.000000e+00
1.450000e+00 2.356194e-01 1.867490e+00 1.722747e+00 -7.952168e-02 0.000000e+00
1.450000e+00 3.141593e-01 1.867490e+00 1.722747e+00 -7.952168e-02 0.000000e+00
1.450000e+00 3.926991e-01 1.867490e+00 1.722747e+00 -7.952168e-02 0.000000e+00
1.450000e+00 4.712389e-01 1.867490e+00 1.722747e+00 -7.952168e-02 0.000000e+00
1.450000e+00 5.497787e-01 1.867490e+00 1.722747e+00 -7.952168e-02 0.000000e+00
1.450000e+00 6.283185e-01 1.867490e+00 1.722747e+00 -7.952168e-02 0.000000e+00
1.450000e+00 7.068583e-01 1.867490e+00 1.722747e+00 -7.952168e-02 0.000000e+00
1.450000e+00 7.853982e-01 1.867490e+00 1.722747e+00 -7.952168e-02 0.000000e+00
1.450000e+00 8.639380e-01 1.867490e+00 1.722747e+00 -7.952168e-02 0.000000e+00
1.450000e+00 9.424778e-01 1.867490e+00 1.722747e+00 -7.952168e-02 0.000000e+00
1.450000e+00 1.021018e+00 1.867490e+00 1.722747e+00 -7.952168e-02 0.000000e+00
1.450000e+00 1.099557e+00 1.867490e+00 1.722747e+00 -7.952168e-02 0.000000e+00
1.450000e+00 1.178097e+00 1.867490e+00 1.722747e+00 -7.952168e-02 0.000000e+00
1.450000e+00 1.256637e+00 1.867490e+00 1.722747e+00 -7.952168e-02 0.000000e+00
1.450000e+00 1.335177e+00 1.867490e+00 1.722747e+00 -7.952168e-02 0.000000e+00
1.450000e+00 1.413717e+00 1.867490e+00 1.722747e+00 -7.952168e-02 0.000000e+00
1.450000e+00 1.492257e+00 1.867490e+00 1.722747e+00 -7.952168e-02 0.000000e+00
1.450000e+00 1.570796e+00 1.867490e+00 1.722747e+00 -7.952168e-02 0.000000e+00
1.640000e+00 0.000000e+00 1.746302e+00 1.576263e+00 -6.717467e-02 0.000000e+00
1.640000e+00 7.853982e-02 1.746302e+00 1.576263e+00 -6.717467e-02 0.000000e+00
1.640000e+00 1.570796e-01 1.746302e+00 1.576263e+00 -6.717467e-02 0.000000e+00
1.640000e+00 2.356194e-01 1.746302e+00 1.576263e+00 -6.717467e-02 0.000000e+00
1.640000e+00 3.141593e-01 1.746302e+00 1.576263e+00 -6.717467e-02 0.000000e+00
1.640000e+00 3.926991e-01 1.746302e+00 1.576263e+00 -6.717467e-02 0.000000e+00
1.640000e+00 4.712389e-01 1.746302e+00 1.576263e+00 -6.717467e-02 0.000000e+00
1.640000e+00 5.497787e-01 1.746302e+00 1.576263e+00 -6.717467e-02 0.000000e+00
1.640000e+00 6.283185e-01 1.746302e+00 1.576263e+00 -6.717467e-02 0.000000e+00
1.640000e+00 7.068583e-01 1.746302e+00 1.576263e+00 -6.717467e-02 0.000000e+00
1.640000e+00 7.853982e-01 1.746302e+00 1.576263e+00 -6.717467e-02 0.000000e+00
1.640000e+00 8.639380e-01 1.746302e+00 1.576263e+00 -6.717467e-02 0.000000e+00
1.640000e+00 9.424778e-01 1.746302e+00 1.576263e+00 -6.717467e-02 0.000000e+00
1.640000e+00 1.021018e+00 1.746302e+00 1.576263e+00 -6.717467e-02 0.000000e+00
1.640000e+00 1.099557e+00 1.746302e+00 1.576263e+00 -6.717467e-02 0.000000e+00
1.640000e+00 1.178097e+00 1.746302e+00 1.576263e+00 -6.717467e-02 0.000000e+00
1.640000e+00 1.256637e+00 1.746302e+00 1.576263e+00 -6.717467e-02 0.000000e+00
1.640000e+00 1.335177e+00 1.746302e+00 1.576263e+00 -6.717467e-02 0.000000e+00
1.640000e+00 1.413717e+00 1.746302e+00 1.576263e+00 -6.717467e-02 0.000000e+00
1.640000e+00 1.492257e+00 1.746302e+00 1.576263e+00 -6.717467e-02 0.000000e+00
1.640000e+00 1.570796e+00 1.746302e+00 1.576263e+00 -6.717467e-02 0.000000e+00
1.830000e+00 0.000000e+00 1.655514e+00 1.468484e+00 -5.746093e-02 0.000000e+00
1.830000e+00 7.853982e-02 1.655514e+00 1.468484e+00 -5.746093e-02 0.000000e+00
1.830000e+00 1.570796e-01 1.655514e+00 1.468484e+00 -5.746093e-02 0.000000e+00
1.830000e+00 2.356194e-01 1.655514e+00 1.468484e+00 -5.746093e-02 0.000000e+00
1.830000e+00 3.141593e-01 1.655514e+00 1.468484e+00 -5.746093e-02 0.000000e+00
1.830000e+00 3.926991e-01 1.655514e+00 1.468484e+00 -5.746093e-02 0.000000e+00
1.830000e+00 4.712389e-01 1.655514e+00 1.468484e+00 -5.746093e-02 0.000000e+00
1.830000e+00 5.497787e-01 1.655514e+00 1.468484e+00 -5.746093e-02 0.000000e+00
1.830000e+00 6.283185e-01 1.655514e+00 1.468484e+00 -5.746093e-02 0.000000e+00
1.830000e+00 7.068583e-01 1.655514e+00 1.468484e+00 -5.746093e-02 0.000000e+00
1.830000e+00 7.853982e-01 1.655514e+00 1.468484e+00 -5.746093e-02 0.000000e+00
1.830000e+00 8.639380e-01 1.655514e+00 1.468484e+00 -5.746093e-02 0.000000e+00
1.830000e+00 9.424778e-01 1.655514e+00 1.468484e+00 -5.746093e-02 0.000000e+00
1.830000e+00 1.021018e+00 1.655514e+00 1.468484e+00 -5.746093e-02 0.000000e+00
1.830000e+00 1.099557e+00 1.655514e+00 1.468484e+00 -5.746093e-02 0.000000e+00
1.830000e+00 1.178097e+00 1.655514e+00 1.468484e+00 -5.746093e-02 0.000000e+00
1.830000e+00 1.256637e+00 1.655514e+00 1.468484e+00 -5.746093e-02 0.000000e+00
1.830000e+00 1.335177e+00 1.655514e+00 1.468484e+00 -5.746093e-02 0.000000e+00
1.830000e+00 1.413717e+00 1.655514e+00 1.468484e+00 -5.746093e-02 0.000000e+00
1.830000e+00 1.492257e+00 1.655514e+00 1.468484e+00 -5.746093e-02 0.000000e+00
1.830000e+00 1.570796e+00 1.655514e+00 1.468484e+00 -5.746093e-02 0.000000e+00
2.020000e+00 0.000000e+00 1.584363e+00 1.385159e+00 -4.946536e-02 0.000000e+00
2.020000e+00 7.853982e-02 1.584363e+00 1.385159e+00 -4.946536e-02 0.000000e+00
2.020000e+00 1.570796e-01 1.584363e+00 1.385159e+00 -4.946536e-02 0.000000e+00
2.020000e+00 2.356194e-01 1.584363e+00 1.385159e+00 -4.946536e-02 0.000000e+00
2.020000e+00 3.141593e-01 1.584363e+00 1.385159e+00 -4.946536e-02 0.000000e+00
2.020000e+00 3.926991e-01 1.584363e+00 1.385159e+00 -4.946536e-02 0.000000e+00
2.020000e+00 4.712389e-01 1.584363e+00 1.385159e+00 -4.946536e-02 0.000000e+00
2.020000e+00 5.497787e-01 1.584363e+00 1.385159e+00 -4.946536e-02 0.000000e+00
2.020000e+00 6.283185e-01 1.584363e+00 1.385159e+00 -4.946536e-02 0.000000e+00
2.020000e+00 7.068583e-01 1.584363e+00 1.385159e+00 -4.946536e-02 0.000000e+00
2.020000e+00 7.853982e-01 1.584363e+00 1.385159e+00 -4.946536e-02 0.000000e+00
2.020000e+00 8.639380e-01 1.584363e+00 1.385159e+00 -4.946536e-02 0.000000e+00
2.020000e+00 9.424778e-01 1.584363e+00 1.385159e+00 -4.946536e-02 0.000000e+00
2.020000e+00 1.021018e+00 1.584363e+00 1.385159e+00 -4.946536e-02 0.000000e+00
2.020000e+00 1.099557e+00 1.584363e+00 1.385159e+00 -4.946536e-02 0.000000e+00
2.020000e+00 1.178097e+00 1.584363e+00 1.385159e+00 -4.946536e-02 0.000000e+00
2.020000e+00 1.256637e+00 1.584363e+00 1.385159e+00 -4.946536e-02 0.000000e+00
2.020000e+00 1.335177e+00 1.584363e+00 1.385159e+00 -4.946536e-02 0.000000e+00
2.020000e+00 1.413717e+00 1.584363e+00 1.385159e+00 -4.946536e-02 0.000000e+00
2.020000e+00 1.492257e+00 1.584363e+00 1.385159e+00 -4.946536e-02 0.000000e+00
2.020000e+00 1.570796e+00 1.584363e+00 1.385159e+00 -4.946536e-02 0.000000e+00
2.210000e+00 0.000000e+00 1.527145e+00 1.319010e+00 -4.299322e-02 0.000000e+00
2.210000e+00 7.853982e-02 1.527145e+00 1.319010e+00 -4.299322e-02 0.000000e+00
2.210000e+00 1.570796e-01 1.527145e+00 1.319010e+00 -4.299322e-02 0.000000e+00
2.210000e+00 2.356194e-01 1.527145e+00 1.319010e+00 -4.299322e-02 0.000000e+00
2.210000e+00 3.141593e-01 1.527145e+00 1.319010e+00 -4.299322e-02 0.000000e+00
2.210000e+00 3.926991e-01 1.527145e+00 1.319010e+00 -4.299322e-02 0.000000e+00
2.210000e+00 4.712389e-01 1.527145e+00 1.319010e+00 -4.299322e-02 0.000000e+00
2.210000e+00 5.497787e-01 1.527145e+00 1.319010e+00 -4.299322e-02 0.000000e+00
2.210000e+00 6.283185e-01 1.527145e+00 1.319010e+00 -4.299322e-02 0.000000e+00
2.210000e+00 7.068583e-01 1.527145e+00 1.319010e+00 -4.299322e-02 0.000000e+00
2.210000e+00 7.853982e-01 1.527145e+00 1.319010e+00 -4.299322e-02 0.000000e+00
2.210000e+00 8.639380e-01 1.527145e+00 1.319010e+00 -4.299322e-02 0.000000e+00
2.210000e+00 9.424778e-01 1.527145e+00 1.319010e+00 -4.299322e-02 0.000000e+00
2.210000e+00 1.021018e+00 1.527145e+00 1.319010e+00 -4.299322e-02 0.000000e+00
2.210000e+00 1.099557e+00 1.527145e+00 1.319010e+00 -4.299322e-02 0.000000e+00
2.210000e+00 1.178097e+00 1.527145e+00 1.319010e+00 -4.299322e-02 0.000000e+00
2.210000e+00 1.256637e+00 1.527145e+00 1.319010e+00 -4.299322e-02 0.000000e+00
2.210000e+00 1.335177e+00 1.527145e+00 1.319010e+00 -4.299322e-02 0.000000e+00
2.210000e+00 1.413717e+00 1.527145e+00 1.319010e+00 -4.299322e-02 0.000000e+00
2.210000e+00 1.492257e+00 1.527145e+00 1.319010e+00 -4.299322e-02 0.000000e+00
2.210000e+00 1.570796e+00 1.527145e+00 1.319010e+00 -4.299322e-02 0.000000e+00
2.400000e+00 0.000000e+00 1.480109e+00 1.265203e+00 -3.767613e-02 0.000000e+00
2.400000e+00 7.853982e-02 1.480109e+00 1.265203e+00 -3.767613e-02 0.000000e+00
2.400000e+00 1.570796e-01 1.480109e+00 1.265203e+00 -3.767613e-02 0.000000e+00
2.400000e+00 2.356194e-01 1.480109e+00 1.265203e+00 -3.767613e-02 0.000000e+00
2.400000e+00 3.141593e-01 1.480109e+00 1.265203e+00 -3.767613e-02 0.000000e+00
2.400000e+00 3.926991e-01 1.480109e+00 1.265203e+00 -3.767613e-02 0.000000e+00
2.400000e+00 4.712389e-01 1.480109e+00 1.265203e+00 -3.767613e-02 0.000000e+00
2.400000e+00 5.497787e-01 1.480109e+00 1.265203e+00 -3.767613e-02 0.000000e+00
2.400000e+00 6.283185e-01 1.480109e+00 1.265203e+00 -3.767613e-02 0.000000e+00
2.400000e+00 7.068583e-01 1.480109e+00 1.265203e+00 -3.767613e-02 0.000000e+00
2.400000e+00 7.853982e-01 1.480109e+00 1.265203e+00 -3.767613e-02 0.000000e+00
2.400000e+00 8.639380e-01 1.480109e+00 1.265203e+00 -3.767613e-02 0.000000e+00
2.400000e+00 9.424778e-01 1.480109e+00 1.265203e+00 -3.767613e-02 0.000000e+00
2.400000e+00 1.021018e+00 1.480109e+00 1.265203e+00 -3.767613e-02 0.000000e+00
2.400000e+00 1.099557e+00 1.480109e+00 1.265203e+00 -3.767613e-02 0.000000e+00
2.400000e+00 1.178097e+00 1.480109e+00 1.265203e+00 -3.767613e-02 0.000000e+00
2.400000e+00 1.256637e+00 1.480109e+00 1.265203e+00 -3.767613e-02 0.000000e+00
2.400000e+00 1.335177e+00 1.480109e+00 1.265203e+00 -3.767613e-02 0.000000e+00
2.400000e+00 1.413717e+00 1.480109e+00 1.265203e+00 -3.767613e-02 0.000000e+00
2.400000e+00 1.492257e+00 1.480109e+00 1.265203e+00 -3.767613e-02 0.000000e+00
2.400000e+00 1.570796e+00 1.480109e+00 1.265203e+00 -3.767613e-02 0.000000e+00
2.590000e+00 0.000000e+00 1.440762e+00 1.220613e+00 -3.327383e-02 0.000000e+00
2.590000e+00 7.853982e-02 1.440762e+00 1.220613e+00 -3.327383e-02 0.000000e+00
2.590000e+00 1.570796e-01 1.440762e+00 1.220613e+00 -3.327383e-02 0.000000e+00
2.590000e+00 2.356194e-01 1.440762e+00 1.220613e+00 -3.327383e-02 0.000000e+00
2.590000e+00 3.141593e-01 1.440762e+00 1.220613e+00 -3.327383e-02 0.000000e+00
2.590000e+00 3.926991e-01 1.440762e+00 1.220613e+00 -3.327383e-02 0.000000e+00
2.590000e+00 4.712389e-01 1.440762e+00 1.220613e+00 -3.327383e-02 0.000000e+00
2.590000e+00 5.497787e-01 1.440762e+00 1.220613e+00 -3.327383e-02 0.000000e+00
2.590000e+00 6.283185e-01 1.440762e+00 1.220613e+00 -3.327383e-02 0.000000e+00
2.590000e+00 7.068583e-01 1.440762e+00 1.220613e+00 -3.327383e-02 0.000000e+00
2.590000e+00 7.853982e-01 1.440762e+00 1.220613e+00 -3.327383e-02 0.000000e+00
2.590000e+00 8.639380e-01 1.440762e+00 1.220613e+00 -3.327383e-02 0.000000e+00
2.590000e+00 9.424778e-01 1.440762e+00 1.220613e+00 -3.327383e-02 0.000000e+00
2.590000e+00 1.021018e+00 1.440762e+00 1.220613e+00 -3.327383e-02 0.000000e+00
2.590000e+00 1.099557e+00 1.440762e+00 1.220613e+00 -3.327383e-02 0.000000e+00
2.590000e+00 1.178097e+00 1.440762e+00 1.220613e+00 -3.327383e-02 0.000000e+00
2.590000e+00 1.256637e+00 1.440762e+00 1.220613e+00 -3.327383e-02 0.000000e+00
2.590000e+00 1.335177e+00 1.440762e+00 1.220613e+00 -3.327383e-02 0.000000e+00
2.590000e+00 1.413717e+00 1.440762e+00 1.220613e+00 -3.327383e-02 0.000000e+00
2.590000e+00 1.492257e+00 1.440762e+00 1.220613e+00 -3.327383e-02 0.000000e+00
2.590000e+00 1.570796e+00 1.440762e+00 1.220613e+00 -3.327383e-02 0.000000e+00
2.780000e+00 0.000000e+00 1.407372e+00 1.183074e+00 -2.959083e-02 0.000000e+00
2.780000e+00 7.853982e-02 1.407372e+00 1.183074e+00 -2.959083e-02 0.000000e+00
2.780000e+00 1.570796e-01 1.407372e+00 1.183074e+00 -2.959083e-02 0.000000e+00
2.780000e+00 2.356194e-01 1.407372e+00 1.183074e+00 -2.959083e-02 0.000000e+00
2.780000e+00 3.141593e-01 1.407372e+00 1.183074e+00 -2.959083e-02 0.000000e+00
2.780000e+00 3.926991e-01 1.407372e+00 1.183074e+00 -2.959083e-02 0.000000e+00
2.780000e+00 4.712389e-01 1.407372e+00 1.183074e+00 -2.959083e-02 0.000000e+00
2.780000e+00 5.497787e-01 1.407372e+00 1.183074e+00 -2.959083e-02 0.000000e+00
2.780000e+00 6.283185e-01 1.407372e+00 1.183074e+00 -2.959083e-02 0.000000e+00
2.780000e+00 7.068583e-01 1.407372e+00 1.183074e+00 -2.959083e-02 0.000000e+00
2.780000e+00 7.853982e-01 1.407372e+00 1.183074e+00 -2.959083e-02 0.000000e+00
2.780000e+00 8.639380e-01 1.407372e+00 1.183074e+00 -2.959083e-02 0.000000e+00
2.780000e+00 9.424778e-01 1.407372e+00 1.183074e+00 -2.959083e-02 0.000000e+00
2.780000e+00 1.021018e+00 1.407372e+00 1.183074e+00 -2.959083e-02 0.000000e+00
2.780000e+00 1.099557e+00 1.407372e+00 1.183074e+00 -2.959083e-02 0.000000e+00
2.780000e+00 1.178097e+00 1.407372e+00 1.183074e+00 -2.959083e-02 0.000000e+00
2.780000e+00 1.256637e+00 1.407372e+00 1.183074e+00 -2.959083e-02 0.000000e+00
2.780000e+00 1.335177e+00 1.407372e+00 1.183074e+00 -2.959083e-02 0.000000e+00
2.780000e+00 1.413717e+00 1.407372e+00 1.183074e+00 -2.959083e-02 0.000000e+00
2.780000e+00 1.492257e+00 1.407372e+00 1.183074e+00 -2.959083e-02 0.000000e+00
2.780000e+00 1.570796e+00 1.407372e+00 1.183074e+00 -2.959083e-02 0.000000e+00
2.970000e+00 0.000000e+00 1.378675e+00 1.151048e+00 -2.648154e-02 0.000000e+00
2.970000e+00 7.853982e-02 1.378675e+00 1.151048e+00 -2.648154e-02 0.000000e+00
2.970000e+00 1.570796e-01 1.378675e+00 1.151048e+00 -2.648154e-02 0.000000e+00
2.970000e+00 2.356194e-01 1.378675e+00 1.151048e+00 -2.648154e-02 0.000000e+00
2.970000e+00 3.141593e-01 1.378675e+00 1.151048e+00 -2.648154e-02 0.000000e+00
2.970000e+00 3.926991e-01 1.378675e+00 1.151048e+00 -2.648154e-02 0.000000e+00
2.970000e+00 4.712389e-01 1.378675e+00 1.151048e+00 -2.648154e-02 0.000000e+00
2.970000e+00 5.497787e-01 1.378675e+00 1.151048e+00 -2.648154e-02 0.000000e+00
2.970000e+00 6.283185e-01 1.378675e+00 1.151048e+00 -2.648154e-02 0.000000e+00
2.970000e+00 7.068583e-01 1.378675e+00 1.151048e+00 -2.648154e-02 0.000000e+00
2.970000e+00 7.853982e-01 1.378675e+00 1.151048e+00 -2.648154e-02 0.000000e+00
2.970000e+00 8.639380e-01 1.378675e+00 1.151048e+00 -2.648154e-02 0.000000e+00
2.970000e+00 9.424778e-01 1.378675e+00 1.151048e+00 -2.648154e-02 0.000000e+00
2.970000e+00 1.021018e+00 1.378675e+00 1.151048e+00 -2.648154e-02 0.000000e+00
2.970000e+00 1.099557e+00 1.378675e+00 1.151048e+00 -2.648154e-02 0.000000e+00
2.970000e+00 1.178097e+00 1.378675e+00 1.151048e+00 -2.648154e-02 0.000000e+00
2.970000e+00 1.256637e+00 1.378675e+00 1.151048e+00 -2.648154e-02 0.000000e+00
2.970000e+00 1.335177e+00 1.378675e+00 1.151048e+00 -2.648154e-02 0.000000e+00
2.970000e+00 1.413717e+00 1.378675e+00 1.151048e+00 -2.648154e-02 0.000000e+00
2.970000e+00 1.492257e+00 1.378675e+00 1.151048e+00 -2.648154e-02 0.000000e+00
2.970000e+00 1.570796e+00 1.378675e+00 1.151048e+00 -2.648154e-02 0.000000e+00
3.160000e+00 0.000000e+00 1.353753e+00 1.123412e+00 -2.383431e-02 0.000000e+00
3.160000e+00 7.853982e-02 1.353753e+00 1.123412e+00 -2.383431e-02 0.000000e+00
3.160000e+00 1.570796e-01 1.353753e+00 1.123412e+00 -2.383431e-02 0.000000e+00
3.160000e+00 2.356194e-01 1.353753e+00 1.123412e+00 -2.383431e-02 0.000000e+00
3.160000e+00 3.141593e-01 1.353753e+00 1.123412e+00 -2.383431e-02 0.000000e+00
3.160000e+00 3.926991e-01 1.353753e+00 1.123412e+00 -2.383431e-02 0.000000e+00
3.160000e+00 4.712389e-01 1.353753e+00 1.123412e+00 -2.383431e-02 0.000000e+00
3.160000e+00 5.497787e-01 1.353753e+00 1.123412e+00 -2.383431e-02 0.000000e+00
3.160000e+00 6.283185e-01 1.353753e+00 1.123412e+00 -2.383431e-02 0.000000e+00
3.160000e+00 7.068583e-01 1.353753e+00 1.123412e+00 -2.383431e-02 0.000000e+00
3.160000e+00 7.853982e-01 1.353753e+00 1.123412e+00 -2.383431e-02 0.000000e+00
3.160000e+00 8.639380e-01 1.353753e+00 1.123412e+00 -2.383431e-02 0.000000e+00
3.160000e+00 9.424778e-01 1.353753e+00 1.123412e+00 -2.383431e-02 0.000000e+00
3.160000e+00 1.021018e+00 1.353753e+00 1.123412e+00 -2.383431e-02 0.000000e+00
3.160000e+00 1.099557e+00 1.353753e+00 1.123412e+00 -2.383431e-02 0.000000e+00
3.160000e+00 1.178097e+00 1.353753e+00 1.123412e+00 -2.383431e-02 0.000000e+00
3.160000e+00 1.256637e+00 1.353753e+00 1.123412e+00 -2.383431e-02 0.000000e+00
3.160000e+00 1.335177e+00 1.353753e+00 1.123412e+00 -2.383431e-02 0.000000e+00
3.160000e+00 1.413717e+00 1.353753e+00 1.123412e+00 -2.383431e-02 0.000000e+00
3.160000e+00 1.492257e+00 1.353753e+00 1.123412e+00 -2.383431e-02 0.000000e+00
3.160000e+00 1.570796e+00 1.353753e+00 1.123412e+00 -2.383431e-02 0.000000e+00
3.350000e+00 0.000000e+00 1.331910e+00 1.099328e+00 -2.156278e-02 0.000000e+00
3.350000e+00 7.853982e-02 1.331910e+00 1.099328e+00 -2.156278e-02 0.000000e+00
3.350000e+00 1.570796e-01 1.331910e+00 1.099328e+00 -2.156278e-02 0.000000e+00
3.350000e+00 2.356194e-01 1.331910e+00 1.099328e+00 -2.156278e-02 0.000000e+00
3.350000e+00 3.141593e-01 1.331910e+00 1.099328e+00 -2.156278e-02 0.000000e+00
3.350000e+00 3.926991e-01 1.331910e+00 1.099328e+00 -2.156278e-02 0.000000e+00
3.350000e+00 4.712389e-01 1.331910e+00 1.099328e+00 -2.156278e-02 0.000000e+00
3.350000e+00 5.497787e-01 1.331910e+00 1.099328e+00 -2.156278e-02 0.000000e+00
3.350000e+00 6.283185e-01 1.331910e+00 1.099328e+00 -2.156278e-02 0.000000e+00
3.350000e+00 7.068583e-01 1.331910e+00 1.099328e+00 -2.156278e-02 0.000000e+00
3.350000e+00 7.853982e-01 1.331910e+00 1.099328e+00 -2.156278e-02 0.000000e+00
3.350000e+00 8.639380e-01 1.331910e+00 1.099328e+00 -2.156278e-02 0.000000e+00
3.350000e+00 9.424778e-01 1.331910e+00 1.099328e+00 -2.156278e-02 0.000000e+00
3.350000e+00 1.021018e+00 1.331910e+00 1.099328e+00 -2.156278e-02 0.000000e+00
3.350000e+00 1.099557e+00 1.331910e+00 1.099328e+00 -2.156278e-02 0.000000e+00
3.350000e+00 1.178097e+00 1.331910e+00 1.099328e+00 -2.156278e-02 0.000000e+00
3.350000e+00 1.256637e+00 1.331910e+00 1.099328e+00 -2.156278e-02 0.000000e+00
3.350000e+00 1.335177e+00 1.331910e+00 1.099328e+00 -2.156278e-02 0.000000e+00
3.350000e+00 1.413717e+00 1.331910e+00 1.099328e+00 -2.156278e-02 0.000000e+00
3.350000e+00 1.492257e+00 1.331910e+00 1.099328e+00 -2.156278e-02 0.000000e+00
3.350000e+00 1.570796e+00 1.331910e+00 1.099328e+00 -2.156278e-02 0.000000e+00
3.540000e+00 0.000000e+00 1.312613e+00 1.078157e+00 -1.959942e-02 0.000000e+00
3.540000e+00 7.853982e-02 1.312613e+00 1.078157e+00 -1.959942e-02 0.000000e+00
3.540000e+00 1.570796e-01 1.312613e+00 1.078157e+00 -1.959942e-02 0.000000e+00
3.540000e+00 2.356194e-01 1.312613e+00 1.078157e+00 -1.959942e-02 0.000000e+00
3.540000e+00 3.141593e-01 1.312613e+00 1.078157e+00 -1.959942e-02 0.000000e+00
3.540000e+00 3.926991e-01 1.312613e+00 1.078157e+00 -1.959942e-02 0.000000e+00
3.540000e+00 4.712389e-01 1.312613e+00 1.078157e+00 -1.959942e-02 0.000000e+00
3.540000e+00 5.497787e-01 1.312613e+00 1.078157e+00 -1.959942e-02 0.000000e+00
3.540000e+00 6.283185e-01 1.312613e+00 1.078157e+00 -1.959942e-02 0.000000e+00
3.540000e+00 7.068583e-01 1.312613e+00 1.078157e+00 -1.959942e-02 0.000000e+00
3.540000e+00 7.853982e-01 1.312613e+00 1.078157e+00 -1.959942e-02 0.000000e+00
3.540000e+00 8.639380e-01 1.312613e+00 1.078157e+00 -1.959942e-02 0.000000e+00
3.540000e+00 9.424778e-01 1.312613e+00 1.078157e+00 -1.959942e-02 0.000000e+00
3.540000e+00 1.021018e+00 1.312613e+00 1.078157e+00 -1.959942e-02 0.000000e+00
3.540000e+00 1.099557e+00 1.312613e+00 1.078157e+00 -1.959942e-02 0.000000e+00
3.540000e+00 1.178097e+00 1.312613e+00 1.078157e+00 -1.959942e-02 0.000000e+00
3.540000e+00 1.256637e+00 1.312613e+00 1.078157e+00 -1.959942e-02 0.000000e+00
3.540000e+00 1.335177e+00 1.312613e+00 1.078157e+00 -1.959942e-02 0.000000e+00
3.540000e+00 1.413717e+00 1.312613e+00 1.078157e+00 -1.959942e-02 0.000000e+00
3.540000e+00 1.492257e+00 1.312613e+00 1.078157e+00 -1.959942e-02 0.000000e+00
3.540000e+00 1.570796e+00 1.312613e+00 1.078157e+00 -1.959942e-02 0.000000e+00
3.730000e+00 0.000000e+00 1.295456e+00 1.059403e+00 -1.789135e-02 0.000000e+00
3.730000e+00 7.853982e-02 1.295456e+00 1.059403e+00 -1.789135e-02 0.000000e+00
3.730000e+00 1.570796e-01 1.295456e+00 1.059403e+00 -1.789135e-02 0.000000e+00
3.730000e+00 2.356194e-01 1.295456e+00 1.059403e+00 -1.789135e-02 0.000000e+00
3.730000e+00 3.141593e-01 1.295456e+00 1.059403e+00 -1.789135e-02 0.000000e+00
3.730000e+00 3.926991e-01 1.295456e+00 1.059403e+00 -1.789135e-02 0.000000e+00
3.730000e+00 4.712389e-01 1.295456e+00 1.059403e+00 -1.789135e-02 0.000000e+00
3.730000e+00 5.497787e-01 1.295456e+00 1.059403e+00 -1.789135e-02 0.000000e+00
3.730000e+00 6.283185e-01 1.295456e+00 1.059403e+00 -1.789135e-02 0.000000e+00
3.730000e+00 7.068583e-01 1.295456e+00 1.059403e+00 -1.789135e-02 0.000000e+00
3.730000e+00 7.853982e-01 1.295456e+00 1.059403e+00 -1.789135e-02 0.000000e+00
3.730000e+00 8.639380e-01 1.295456e+00 1.059403e+00 -1.789135e-02 0.000000e+00
3.730000e+00 9.424778e-01 1.295456e+00 1.059403e+00 -1.789135e-02 0.000000e+00
3.730000e+00 1.021018e+00 1.295456e+00 1.059403e+00 -1.789135e-02 0.000000e+00
3.730000e+00 1.099557e+00 1.295456e+00 1.059403e+00 -1.789135e-02 0.000000e+00
3.730000e+00 1.178097e+00 1.295456e+00 1.059403e+00 -1.789135e-02 0.000000e+00
3.730000e+00 1.256637e+00 1.295456e+00 1.059403e+00 -1.789135e-02 0.000000e+00
3.730000e+00 1.335177e+00 1.295456e+00 1.059403e+00 -1.789135e-02 0.000000e+00
3.730000e+00 1.413717e+00 1.295456e+00 1.059403e+00 -1.789135e-02 0.000000e+00
3.730000e+00 1.492257e+00 1.295456e+00 1.059403e+00 -1.789135e-02 0.000000e+00
3.730000e+00 1.570796e+00 1.295456e+00 1.059403e+00 -1.789135e-02 0.000000e+00
3.920000e+00 0.000000e+00 1.280101e+00 1.042677e+00 -1.639635e-02 0.000000e+00
3.920000e+00 7.853982e-02 1.280101e+00 1.042677e+00 -1.639635e-02 0.000000e+00
3.920000e+00 1.570796e-01 1.280101e+00 1.042677e+00 -1.639635e-02 0.000000e+00
3.920000e+00 2.356194e-01 1.280101e+00 1.042677e+00 -1.639635e-02 0.000000e+00
3.920000e+00 3.141593e-01 1.280101e+00 1.042677e+00 -1.639635e-02 0.000000e+00
3.920000e+00 3.926991e-01 1.280101e+00 1.042677e+00 -1.639635e-02 0.000000e+00
3.920000e+00 4.712389e-01 1.280101e+00 1.042677e+00 -1.639635e-02 0.000000e+00
3.920000e+00 5.497787e-01 1.280101e+00 1.042677e+00 -1.639635e-02 0.000000e+00
3.920000e+00 6.283185e-01 1.280101e+00 1.042677e+00 -1.639635e-02 0.000000e+00
3.920000e+00 7.068583e-01 1.280101e+00 1.042677e+00 -1.639635e-02 0.000000e+00
3.920000e+00 7.853982e-01 1.280101e+00 1.042677e+00 -1.639635e-02 0.000000e+00
3.920000e+00 8.639380e-01 1.280101e+00 1.042677e+00 -1.639635e-02 0.000000e+00
3.920000e+00 9.424778e-01 1.280101e+00 1.042677e+00 -1.639635e-02 0.000000e+00
3.920000e+00 1.021018e+00 1.280101e+00 1.042677e+00 -1.639635e-02 0.000000e+00
3.920000e+00 1.099557e+00 1.280101e+00 1.042677e+00 -1.639635e-02 0.000000e+00
3.920000e+00 1.178097e+00 1.280101e+00 1.042677e+00 -1.639635e-02 0.000000e+00
3.920000e+00 1.256637e+00 1.280101e+00 1.042677e+00 -1.639635e-02 0.000000e+00
3.920000e+00 1.335177e+00 1.280101e+00 1.042677e+00 -1.639635e-02 0.000000e+00
3.920000e+00 1.413717e+00 1.280101e+00 1.042677e+00 -1.639635e-02 0.000000e+00
3.920000e+00 1.492257e+00 1.280101e+00 1.042677e+00 -1.639635e-02 0.000000e+00
3.920000e+00 1.570796e+00 1.280101e+00 1.042677e+00 -1.639635e-02 0.000000e+00
4.110000e+00 0.000000e+00 1.266273e+00 1.027669e+00 -1.508053e-02 0.000000e+00
4.110000e+00 7.853982e-02 1.266273e+00 1.027669e+00 -1.508053e-02 0.000000e+00
4.110000e+00 1.570796e-01 1.266273e+00 1.027669e+00 -1.508053e-02 0.000000e+00
4.110000e+00 2.356194e-01 1.266273e+00 1.027669e+00 -1.508053e-02 0.000000e+00
4.110000e+00 3.141593e-01 1.266273e+00 1.027669e+00 -1.508053e-02 0.000000e+00
4.110000e+00 3.926991e-01 1.266273e+00 1.027669e+00 -1.508053e-02 0.000000e+00
4.110000e+00 4.712389e-01 1.266273e+00 1.027669e+00 -1.508053e-02 0.000000e+00
4.110000e+00 5.497787e-01 1.266273e+00 1.027669e+00 -1.508053e-02 0.000000e+00
4.110000e+00 6.283185e-01 1.266273e+00 1.027669e+00 -1.508053e-02 0.000000e+00
4.110000e+00 7.068583e-01 1.266273e+00 1.027669e+00 -1.508053e-02 0.000000e+00
4.110000e+00 7.853982e-01 1.266273e+00 1.027669e+00 -1.508053e-02 0.000000e+00
4.110000e+00 8.639380e-01 1.266273e+00 1.027669e+00 -1.508053e-02 0.000000e+00
4.110000e+00 9.424778e-01 1.266273e+00 1.027669e+00 -1.508053e-02 0.000000e+00
4.110000e+00 1.021018e+00 1.266273e+00 1.027669e+00 -1.508053e-02 0.000000e+00
4.110000e+00 1.099557e+00 1.266273e+00 1.027669e+00 -1.508053e-02 0.000000e+00
4.110000e+00 1.178097e+00 1.266273e+00 1.027669e+00 -1.508053e-02 0.000000e+00
4.110000e+00 1.256637e+00 1.266273e+00 1.027669e+00 -1.508053e-02 0.000000e+00
4.110000e+00 1.335177e+00 1.266273e+00 1.027669e+00 -1.508053e-02 0.000000e+00
4.110000e+00 1.413717e+00 1.266273e+00 1.027669e+00 -1.508053e-02 0.000000e+00
4.110000e+00 1.492257e+00 1.266273e+00 1.027669e+00 -1.508053e-02 0.000000e+00
4.110000e+00 1.570796e+00 1.266273e+00 1.027669e+00 -1.508053e-02 0.000000e+00
4.300000e+00 0.000000e+00 1.253752e+00 1.014127e+00 -1.391646e-02 0.000000e+00
4.300000e+00 7.853982e-02 1.253752e+00 1.014127e+00 -1.391646e-02 0.000000e+00
4.300000e+00 1.570796e-01 1.253752e+00 1.014127e+00 -1.391646e-02 0.000000e+00
4.300000e+00 2.356194e-01 1.253752e+00 1.014127e+00 -1.391646e-02 0.000000e+00
4.300000e+00 3.141593e-01 1.253752e+00 1.014127e+00 -1.391646e-02 0.000000e+00
4.300000e+00 3.926991e-01 1.253752e+00 1.014127e+00 -1.391646e-02 0.000000e+00
4.300000e+00 4.712389e-01 1.253752e+00 1.014127e+00 -1.391646e-02 0.000000e+00
4.300000e+00 5.497787e-01 1.253752e+00 1.014127e+00 -1.391646e-02 0.000000e+00
4.300000e+00 6.283185e-01 1.253752e+00 1.014127e+00 -1.391646e-02 0.000000e+00
4.300000e+00 7.068583e-01 1.253752e+00 1.014127e+00 -1.391646e-02 0.000000e+00
4.300000e+00 7.853982e-01 1.253752e+00 1.014127e+00 -1.391646e-02 0.000000e+00
4.300000e+00 8.639380e-01 1.253752e+00 1.014127e+00 -1.391646e-02 0.000000e+00
4.300000e+00 9.424778e-01 1.253752e+00 1.014127e+00 -1.391646e-02 0.000000e+00
4.300000e+00 1.021018e+00 1.253752e+00 1.014127e+00 -1.391646e-02 0.000000e+00
4.300000e+00 1.099557e+00 1.253752e+00 1.014127e+00 -1.391646e-02 0.000000e+00
4.300000e+00 1.178097e+00 1.253752e+00 1.014127e+00 -1.391646e-02 0.000000e+00
4.300000e+00 1.256637e+00 1.253752e+00 1.014127e+00 -1.391646e-02 0.000000e+00
4.300000e+00 1.335177e+00 1.253752e+00 1.014127e+00 -1.391646e-02 0.000000e+00
4.300000e+00 1.413717e+00 1.253752e+00 1.014127e+00 -1.391646e-02 0.000000e+00
4.300000e+00 1.492257e+00 1.253752e+00 1.014127e+00 -1.391646e-02 0.000000e+00
4.300000e+00 1.570796e+00 1.253752e+00 1.014127e+00 -1.391646e-02 0.000000e+00
4.490000e+00 0.000000e+00 1.242357e+00 1.001849e+00 -1.288179e-02 0.000000e+00
4.490000e+00 7.853982e-02 1.242357e+00 1.001849e+00 -1.288179e-02 0.000000e+00
4.490000e+00 1.570796e-01 1.242357e+00 1.001849e+00 -1.288179e-02 0.000000e+00
4.490000e+00 2.356194e-01 1.242357e+00 1.001849e+00 -1.288179e-02 0.000000e+00
4.490000e+00 3.141593e-01 1.242357e+00 1.001849e+00 -1.288179e-02 0.000000e+00
4.490000e+00 3.926991e-01 1.242357e+00 1.001849e+00 -1.288179e-02 0.000000e+00
4.490000e+00 4.712389e-01 1.242357e+00 1.001849e+00 -1.288179e-02 0.000000e+00
4.490000e+00 5.497787e-01 1.242357e+00 1.001849e+00 -1.288179e-02 0.000000e+00
4.490000e+00 6.283185e-01 1.242357e+00 1.001849e+00 -1.288179e-02 0.000000e+00
4.490000e+00 7.068583e-01 1.242357e+00 1.001849e+00 -1.288179e-02 0.000000e+00
4.490000e+00 7.853982e-01 1.242357e+00 1.001849e+00 -1.288179e-02 0.000000e+00
4.490000e+00 8.639380e-01 1.242357e+00 1.001849e+00 -1.288179e-02 0.000000e+00
4.490000e+00 9.424778e-01 1.242357e+00 1.001849e+00 -1.288179e-02 0.000000e+00
4.490000e+00 1.021018e+00 1.242357e+00 1.001849e+00 -1.288179e-02 0.000000e+00
4.490000e+00 1.099557e+00 1.242357e+00 1.001849e+00 -1.288179e-02 0.000000e+00
4.490000e+00 1.178097e+00 1.242357e+00 1.001849e+00 -1.288179e-02 0.000000e+00
4.490000e+00 1.256637e+00 1.242357e+00 1.001849e+00 -1.288179e-02 0.000000e+00
4.490000e+00 1.335177e+00 1.242357e+00 1.001849e+00 -1.288179e-02 0.000000e+00
4.490000e+00 1.413717e+00 1.242357e+00 1.001849e+00 -1.288179e-02 0.000000e+00
4.490000e+00 1.492257e+00 1.242357e+00 1.001849e+00 -1.288179e-02 0.000000e+00
4.490000e+00 1.570796e+00 1.242357e+00 1.001849e+00 -1.288179e-02 0.000000e+00
4.680000e+00 0.000000e+00 1.231948e+00 9.906653e-01 -1.195791e-02 0.000000e+00
4.680000e+00 7.853982e-02 1.231948e+00 9.906653e-01 -1.195791e-02 0.000000e+00
4.680000e+00 1.570796e-01 1.231948e+00 9.906653e-01 -1.195791e-02 0.000000e+00
4.680000e+00 2.356194e-01 1.231948e+00 9.906653e-01 -1.195791e-02 0.000000e+00
4.680000e+00 3.141593e-01 1.231948e+00 9.906653e-01 -1.195791e-02 0.000000e+00
4.680000e+00 3.926991e-01 1.231948e+00 9.906653e-01 -1.195791e-02 0.000000e+00
4.680000e+00 4.712389e-01 1.231948e+00 9.906653e-01 -1.195791e-02 0.000000e+00
4.680000e+00 5.497787e-01 1.231948e+00 9.906653e-01 -1.195791e-02 0.000000e+00
4.680000e+00 6.283185e-01 1.231948e+00 9.906653e-01 -1.195791e-02 0.000000e+00
4.680000e+00 7.068583e-01 1.231948e+00 9.906653e-01 -1.195791e-02 0.000000e+00
4.680000e+00 7.853982e-01 1.231948e+00 9.906653e-01 -1.195791e-02 0.000000e+00
4.680000e+00 8.639380e-01 1.231948e+00 9.906653e-01 -1.195791e-02 0.000000e+00
4.680000e+00 9.424778e-01 1.231948e+00 9.906653e-01 -1.195791e-02 0.000000e+00
4.680000e+00 1.021018e+00 1.231948e+00 9.906653e-01 -1.195791e-02 0.000000e+00
4.680000e+00 1.099557e+00 1.231948e+00 9.906653e-01 -1.195791e-02 0.000000e+00
4.680000e+00 1.178097e+00 1.231948e+00 9.906653e-01 -1.195791e-02 0.000000e+00
4.680000e+00 1.256637e+00 1.231948e+00 9.906653e-01 -1.195791e-02 0.000000e+00
4.680000e+00 1.335177e+00 1.231948e+00 9.906653e-01 -1.195791e-02 0.000000e+00
4.680000e+00 1.413717e+00 1.231948e+00 9.906653e-01 -1.195791e-02 0.000000e+00
4.680000e+00 1.492257e+00 1.231948e+00 9.906653e-01 -1.195791e-02 0.000000e+00
4.680000e+00 1.570796e+00 1.231948e+00 9.906653e-01 -1.195791e-02 0.000000e+00
4.870000e+00 0.000000e+00 1.222405e+00 9.804373e-01 -1.112963e-02 0.000000e+00
4.870000e+00 7.853982e-02 1.222405e+00 9.804373e-01 -1.112963e-02 0.000000e+00
4.870000e+00 1.570796e-01 1.222405e+00 9.804373e-01 -1.112963e-02 0.000000e+00
4.870000e+00 2.356194e-01 1.222405e+00 9.804373e-01 -1.112963e-02 0.000000e+00
4.870000e+00 3.141593e-01 1.222405e+00 9.804373e-01 -1.112963e-02 0.000000e+00
4.870000e+00 3.926991e-01 1.222405e+00 9.804373e-01 -1.112963e-02 0.000000e+00
4.870000e+00 4.712389e-01 1.222405e+00 9.804373e-01 -1.112963e-02 0.000000e+00
4.870000e+00 5.497787e-01 1.222405e+00 9.804373e-01 -1.112963e-02 0.000000e+00
4.870000e+00 6.283185e-01 1.222405e+00 9.804373e-01 -1.112963e-02 0.000000e+00
4.870000e+00 7.068583e-01 1.222405e+00 9.804373e-01 -1.112963e-02 0.000000e+00
4.870000e+00 7.853982e-01 1.222405e+00 9.804373e-01 -1.112963e-02 0.000000e+00
4.870000e+00 8.639380e-01 1.222405e+00 9.804373e-01 -1.112963e-02 0.000000e+00
4.870000e+00 9.424778e-01 1.222405e+00 9.804373e-01 -1.112963e-02 0.000000e+00
4.870000e+00 1.021018e+00 1.222405e+00 9.804373e-01 -1.112963e-02 0.000000e+00
4.870000e+00 1.099557e+00 1.222405e+00 9.804373e-01 -1.112963e-02 0.000000e+00
4.870000e+00 1.178097e+00 1.222405e+00 9.804373e-01 -1.112963e-02 0.000000e+00
4.870000e+00 1.256637e+00 1.222405e+00 9.804373e-01 -1.112963e-02 0.000000e+00
4.870000e+00 1.335177e+00 1.222405e+00 9.804373e-01 -1.112963e-02 0.000000e+00
4.870000e+00 1.413717e+00 1.222405e+00 9.804373e-01 -1.112963e-02 0.000000e+00
4.870000e+00 1.492257e+00 1.222405e+00 9.804373e-01 -1.112963e-02 0.000000e+00
4.870000e+00 1.570796e+00 1.222405e+00 9.804373e-01 -1.112963e-02 0.000000e+00
5.060000e+00 0.000000e+00 1.213625e+00 9.710478e-01 -1.038429e-02 0.000000e+00
5.060000e+00 7.853982e-02 1.213625e+00 9.710478e-01 -1.038429e-02 0.000000e+00
5.060000e+00 1.570796e-01 1.213625e+00 9.710478e-01 -1.038429e-02 0.000000e+00
5.060000e+00 2.356194e-01 1.213625e+00 9.710478e-01 -1.038429e-02 0.000000e+00
5.060000e+00 3.141593e-01 1.213625e+00 9.710478e-01 -1.038429e-02 0.000000e+00
5.060000e+00 3.926991e-01 1.213625e+00 9.710478e-01 -1.038429e-02 0.000000e+00
5.060000e+00 4.712389e-01 1.213625e+00 9.710478e-01 -1.038429e-02 0.000000e+00
5.060000e+00 5.497787e-01 1.213625e+00 9.710478e-01 -1.038429e-02 0.000000e+00
5.060000e+00 6.283185e-01 1.213625e+00 9.710478e-01 -1.038429e-02 0.000000e+00
5.060000e+00 7.068583e-01 1.213625e+00 9.710478e-01 -1.038429e-02 0.000000e+00
5.060000e+00 7.853982e-01 1.213625e+00 9.710478e-01 -1.038429e-02 0.000000e+00
5.060000e+00 8.639380e-01 1.213625e+00 9.710478e-01 -1.038429e-02 0.000000e+00
5.060000e+00 9.424778e-01 1.213625e+00 9.710478e-01 -1.038429e-02 0.000000e+00
5.060000e+00 1.021018e+00 1.213625e+00 9.710478e-01 -1.038429e-02 0.000000e+00
5.060000e+00 1.099557e+00 1.213625e+00 9.710478e-01 -1.038429e-02 0.000000e+00
5.060000e+00 1.178097e+00 1.213625e+00 9.710478e-01 -1.038429e-02 0.000000e+00
5.060000e+00 1.256637e+00 1.213625e+00 9.710478e-01 -1.038429e-02 0.000000e+00
5.060000e+00 1.335177e+00 1.213625e+00 9.710478e-01 -1.038429e-02 0.000000e+00
5.060000e+00 1.413717e+00 1.213625e+00 9.710478e-01 -1.038429e-02 0.000000e+00
5.060000e+00 1.492257e+00 1.213625e+00 9.710478e-01 -1.038429e-02 0.000000e+00
5.060000e+00 1.570796e+00 1.213625e+00 9.710478e-01 -1.038429e-02 0.000000e+00
5.250000e+00 0.000000e+00 1.205526e+00 9.623979e-01 -9.711167e-03 0.000000e+00
5.250000e+00 7.853982e-02 1.205526e+00 9.623979e-01 -9.711167e-03 0.000000e+00
5.250000e+00 1.570796e-01 1.205526e+00 9.623979e-01 -9.711167e-03 0.000000e+00
5.250000e+00 2.356194e-01 1.205526e+00 9.623979e-01 -9.711167e-03 0.000000e+00
5.250000e+00 3.141593e-01 1.205526e+00 9.623979e-01 -9.711167e-03 0.000000e+00
5.250000e+00 3.926991e-01 1.205526e+00 9.623979e-01 -9.711167e-03 0.000000e+00
5.250000e+00 4.712389e-01 1.205526e+00 9.623979e-01 -9.711167e-03 0.000000e+00
5.250000e+00 5.497787e-01 1.205526e+00 9.623979e-01 -9.711167e-03 0.000000e+00
5.250000e+00 6.283185e-01 1.205526e+00 9.623979e-01 -9.711167e-03 0.000000e+00
5.250000e+00 7.068583e-01 1.205526e+00 9.623979e-01 -9.711167e-03 0.000000e+00
5.250000e+00 7.853982e-01 1.205526e+00 9.623979e-01 -9.711167e-03 0.000000e+00
5.250000e+00 8.639380e-01 1.205526e+00 9.623979e-01 -9.711167e-03 0.000000e+00
5.250000e+00 9.424778e-01 1.205526e+00 9.623979e-01 -9.711167e-03 0.000000e+00
5.250000e+00 1.021018e+00 1.205526e+00 9.623979e-01 -9.711167e-03 0.000000e+00
5.250000e+00 1.099557e+00 1.205526e+00 9.623979e-01 -9.711167e-03 0.000000e+00
5.250000e+00 1.178097e+00 1.205526e+00 9.623979e-01 -9.711167e-03 0.000000e+00
5.250000e+00 1.256637e+00 1.205526e+00 9.623979e-01 -9.711167e-03 0.000000e+00
5.250000e+00 1.335177e+00 1.205526e+00 9.623979e-01 -9.711167e-03 0.000000e+00
5.250000e+00 1.413717e+00 1.205526e+00 9.623979e-01 -9.711167e-03 0.000000e+00
5.250000e+00 1.492257e+00 1.205526e+00 9.623979e-01 -9.711167e-03 0.000000e+00
5.250000e+00 1.570796e+00 1.205526e+00 9.623979e-01 -9.711167e-03 0.000000e+00
5.440000e+00 0.000000e+00 1.198018e+00 9.544040e-01 -9.101265e-03 0.000000e+00
5.440000e+00 7.853982e-02 1.198018e+00 9.544040e-01 -9.101265e-03 0.000000e+00
5.440000e+00 1.570796e-01 1.198018e+00 9.544040e-01 -9.101265e-03 0.000000e+00
5.440000e+00 2.356194e-01 1.198018e+00 9.544040e-01 -9.101265e-03 0.000000e+00
5.440000e+00 3.141593e-01 1.198018e+00 9.544040e-01 -9.101265e-03 0.000000e+00
5.440000e+00 3.926991e-01 1.198018e+00 9.544040e-01 -9.101265e-03 0.000000e+00
5.440000e+00 4.712389e-01 1.198018e+00 9.544040e-01 -9.101265e-03 0.000000e+00
5.440000e+00 5.497787e-01 1.198018e+00 9.544040e-01 -9.101265e-03 0.000000e+00
5.440000e+00 6.283185e-01 1.198018e+00 9.544040e-01 -9.101265e-03 0.000000e+00
5.440000e+00 7.068583e-01 1.198018e+00 9.544040e-01 -9.101265e-03 0.000000e+00
5.440000e+00 7.853982e-01 1.198018e+00 9.544040e-01 -9.101265e-03 0.000000e+00
5.440000e+00 8.639380e-01 1.198018e+00 9.544040e-01 -9.101265e-03 0.000000e+00
5.440000e+00 9.424778e-01 1.198018e+00 9.544040e-01 -9.101265e-03 0.000000e+00
5.440000e+00 1.021018e+00 1.198018e+00 9.544040e-01 -9.101265e-03 0.000000e+00
5.440000e+00 1.099557e+00 1.198018e+00 9.544040e-01 -9.101265e-03 0.000000e+00
5.440000e+00 1.178097e+00 1.198018e+00 9.544040e-01 -9.101265e-03 0.000000e+00
5.440000e+00 1.256637e+00 1.198018e+00 9.544040e-01 -9.101265e-03 0.000000e+00
5.440000e+00 1.335177e+00 1.198018e+00 9.544040e-01 -9.101265e-03 0.000000e+00
5.440000e+00 1.413717e+00 1.198018e+00 9.544040e-01 -9.101265e-03 0.000000e+00
5.440000e+00 1.492257e+00 1.198018e+00 9.544040e-01 -9.101265e-03 0.000000e+00
5.440000e+00 1.570796e+00 1.198018e+00 9.544040e-01 -9.101265e-03 0.000000e+00
5.630000e+00 0.000000e+00 1.191037e+00 9.469944e-01 -8.546895e-03 0.000000e+00
5.630000e+00 7.853982e-02 1.191037e+00 9.469944e-01 -8.546895e-03 0.000000e+00
5.630000e+00 1.570796e-01 1.191037e+00 9.469944e-01 -8.546895e-03 0.000000e+00
5.630000e+00 2.356194e-01 1.191037e+00 9.469944e-01 -8.546895e-03 0.000000e+00
5.630000e+00 3.141593e-01 1.191037e+00 9.469944e-01 -8.546895e-03 0.000000e+00
5.630000e+00 3.926991e-01 1.191037e+00 9.469944e-01 -8.546895e-03 0.000000e+00
5.630000e+00 4.712389e-01 1.191037e+00 9.469944e-01 -8.546895e-03 0.000000e+00
5.630000e+00 5.497787e-01 1.191037e+00 9.469944e-01 -8.546895e-03 0.000000e+00
5.630000e+00 6.283185e-01 1.191037e+00 9.469944e-01 -8.546895e-03 0.000000e+00
5.630000e+00 7.068583e-01 1.191037e+00 9.469944e-01 -8.546895e-03 0.000000e+00
5.630000e+00 7.853982e-01 1.191037e+00 9.469944e-01 -8.546895e-03 0.000000e+00
5.630000e+00 8.639380e-01 1.191037e+00 9.469944e-01 -8.546895e-03 0.000000e+00
5.630000e+00 9.424778e-01 1.191037e+00 9.469944e-01 -8.546895e-03 0.000000e+00
5.630000e+00 1.021018e+00 1.191037e+00 9.469944e-01 -8.546895e-03 0.000000e+00
5.630000e+00 1.099557e+00 1.191037e+00 9.469944e-01 -8.546895e-03 0.000000e+00
5.630000e+00 1.178097e+00 1.191037e+00 9.469944e-01 -8.546895e-03 0.000000e+00
5.630000e+00 1.256637e+00 1.191037e+00 9.469944e-01 -8.546895e-03 0.000000e+00
5.630000e+00 1.335177e+00 1.191037e+00 9.469944e-01 -8.546895e-03 0.000000e+00
5.630000e+00 1.413717e+00 1.191037e+00 9.469944e-01 -8.546895e-03 0.000000e+00
5.630000e+00 1.492257e+00 1.191037e+00 9.469944e-01 -8.546895e-03 0.000000e+00
5.630000e+00 1.570796e+00 1.191037e+00 9.469944e-01 -8.546895e-03 0.000000e+00
5.820000e+00 0.000000e+00 1.184541e+00 9.401077e-01 -8.041659e-03 0.000000e+00
5.820000e+00 7.853982e-02 1.184541e+00 9.401077e-01 -8.041659e-03 0.000000e+00
5.820000e+00 1.570796e-01 1.184541e+00 9.401077e-01 -8.041659e-03 0.000000e+00
5.820000e+00 2.356194e-01 1.184541e+00 9.401077e-01 -8.041659e-03 0.000000e+00
5.820000e+00 3.141593e-01 1.184541e+00 9.401077e-01 -8.041659e-03 0.000000e+00
5.820000e+00 3.926991e-01 1.184541e+00 9.401077e-01 -8.041659e-03 0.000000e+00
5.820000e+00 4.712389e-01 1.184541e+00 9.401077e-01 -8.041659e-03 0.000000e+00
5.820000e+00 5.497787e-01 1.184541e+00 9.401077e-01 -8.041659e-03 0.000000e+00
5.820000e+00 6.283185e-01 1.184541e+00 9.401077e-01 -8.041659e-03 0.000000e+00
5.820000e+00 7.068583e-01 1.184541e+00 9.401077e-01 -8.041659e-03 0.000000e+00
5.820000e+00 7.853982e-01 1.184541e+00 9.401077e-01 -8.041659e-03 0.000000e+00
5.820000e+00 8.639380e-01 1.184541e+00 9.401077e-01 -8.041659e-03 0.000000e+00
5.820000e+00 9.424778e-01 1.184541e+00 9.401077e-01 -8.041659e-03 0.000000e+00
5.820000e+00 1.021018e+00 1.184541e+00 9.401077e-01 -8.041659e-03 0.000000e+00
5.820000e+00 1.099557e+00 1.184541e+00 9.401077e-01 -8.041659e-03 0.000000e+00
5.820000e+00 1.178097e+00 1.184541e+00 9.401077e-01 -8.041659e-03 0.000000e+00
5.820000e+00 1.256637e+00 1.184541e+00 9.401077e-01 -8.041659e-03 0.000000e+00
5.820000e+00 1.335177e+00 1.184541e+00 9.401077e-01 -8.041659e-03 0.000000e+00
5.820000e+00 1.413717e+00 1.184541e+00 9.401077e-01 -8.041659e-03 0.000000e+00
5.820000e+00 1.492257e+00 1.184541e+00 9.401077e-01 -8.041659e-03 0.000000e+00
5.820000e+00 1.570796e+00 1.184541e+00 9.401077e-01 -8.041659e-03 0.000000e+00
6.010000e+00 0.000000e+00 1.178473e+00 9.336901e-01 -7.580214e-03 0.000000e+00
6.010000e+00 7.853982e-02 1.178473e+00 9.336901e-01 -7.580214e-03 0.000000e+00
6.010000e+00 1.570796e-01 1.178473e+00 9.336901e-01 -7.580214e-03 0.000000e+00
6.010000e+00 2.356194e-01 1.178473e+00 9.336901e-01 -7.580214e-03 0.000000e+00
6.010000e+00 3.141593e-01 1.178473e+00 9.336901e-01 -7.580214e-03 0.000000e+00
6.010000e+00 3.926991e-01 1.178473e+00 9.336901e-01 -7.580214e-03 0.000000e+00
6.010000e+00 4.712389e-01 1.178473e+00 9.336901e-01 -7.580214e-03 0.000000e+00
6.010000e+00 5.497787e-01 1.178473e+00 9.336901e-01 -7.580214e-03 0.000000e+00
6.010000e+00 6.283185e-01 1.178473e+00 9.336901e-01 -7.580214e-03 0.000000e+00
6.010000e+00 7.068583e-01 1.178473e+00 9.336901e-01 -7.580214e-03 0.000000e+00
6.010000e+00 7.853982e-01 1.178473e+00 9.336901e-01 -7.580214e-03 0.000000e+00
6.010000e+00 8.639380e-01 1.178473e+00 9.336901e-01 -7.580214e-03 0.000000e+00
6.010000e+00 9.424778e-01 1.178473e+00 9.336901e-01 -7.580214e-03 0.000000e+00
6.010000e+00 1.021018e+00 1.178473e+00 9.336901e-01 -7.580214e-03 0.000000e+00
6.010000e+00 1.099557e+00 1.178473e+00 9.336901e-01 -7.580214e-03 0.000000e+00
6.010000e+00 1.178097e+00 1.178473e+00 9.336901e-01 -7.580214e-03 0.000000e+00
6.010000e+00 1.256637e+00 1.178473e+00 9.336901e-01 -7.580214e-03 0.000000e+00
6.010000e+00 1.335177e+00 1.178473e+00 9.336901e-01 -7.580214e-03 0.000000e+00
6.010000e+00 1.413717e+00 1.178473e+00 9.336901e-01 -7.580214e-03 0.000000e+00
6.010000e+00 1.492257e+00 1.178473e+00 9.336901e-01 -7.580214e-03 0.000000e+00
6.010000e+00 1.570796e+00 1.178473e+00 9.336901e-01 -7.580214e-03 0.000000e+00
6.200000e+00 0.000000e+00 1.172800e+00 9.276958e-01 -7.157657e-03 0.000000e+00
6.200000e+00 7.853982e-02 1.172800e+00 9.276958e-01 -7.157657e-03 0.000000e+00
6.200000e+00 1.570796e-01 1.172800e+00 9.276958e-01 -7.157657e-03 0.000000e+00
6.200000e+00 2.356194e-01 1.172800e+00 9.276958e-01 -7.157657e-03 0.000000e+00
6.200000e+00 3.141593e-01 1.172800e+00 9.276958e-01 -7.157657e-03 0.000000e+00
6.200000e+00 3.926991e-01 1.172800e+00 9.276958e-01 -7.157657e-03 0.000000e+00
6.200000e+00 4.712389e-01 1.172800e+00 9.276958e-01 -7.157657e-03 0.000000e+00
6.200000e+00 5.497787e-01 1.172800e+00 9.276958e-01 -7.157657e-03 0.000000e+00
6.200000e+00 6.283185e-01 1.172800e+00 9.276958e-01 -7.157657e-03 0.000000e+00
6.200000e+00 7.068583e-01 1.172800e+00 9.276958e-01 -7.157657e-03 0.000000e+00
6.200000e+00 7.853982e-01 1.172800e+00 9.276958e-01 -7.157657e-03 0.000000e+00
6.200000e+00 8.639380e-01 1.172800e+00 9.276958e-01 -7.157657e-03 0.000000e+00
6.200000e+00 9.424778e-01 1.172800e+00 9.276958e-01 -7.157657e-03 0.000000e+00
6.200000e+00 1.021018e+00 1.172800e+00 9.276958e-01 -7.157657e-03 0.000000e+00
6.200000e+00 1.099557e+00 1.172800e+00 9.276958e-01 -7.157657e-03 0.000000e+00
6.200000e+00 1.178097e+00 1.172800e+00 9.276958e-01 -7.157657e-03 0.000000e+00
6.200000e+00 1.256637e+00 1.172800e+00 9.276958e-01 -7.157657e-03 0.000000e+00
6.200000e+00 1.335177e+00 1.172800e+00 9.276958e-01 -7.157657e-03 0.000000e+00
6.200000e+00 1.413717e+00 1.172800e+00 9.276958e-01 -7.157657e-03 0.000000e+00
6.200000e+00 1.492257e+00 1.172800e+00 9.276958e-01 -7.157657e-03 0.000000e+00
6.200000e+00 1.570796e+00 1.172800e+00 9.276958e-01 -7.157657e-03 0.000000e+00
6.390000e+00 0.000000e+00 1.167500e+00 9.220841e-01 -6.769552e-03 0.000000e+00
6.390000e+00 7.853982e-02 1.167500e+00 9.220841e-01 -6.769552e-03 0.000000e+00
6.390000e+00 1.570796e-01 1.167500e+00 9.220841e-01 -6.769552e-03 0.000000e+00
6.390000e+00 2.356194e-01 1.167500e+00 9.220841e-01 -6.769552e-03 0.000000e+00
6.390000e+00 3.141593e-01 1.167500e+00 9.220841e-01 -6.769552e-03 0.000000e+00
6.390000e+00 3.926991e-01 1.167500e+00 9.220841e-01 -6.769552e-03 0.000000e+00
6.390000e+00 4.712389e-01 1.167500e+00 9.220841e-01 -6.769552e-03 0.000000e+00
6.390000e+00 5.497787e-01 1.167500e+00 9.220841e-01 -6.769552e-03 0.000000e+00
6.390000e+00 6.283185e-01 1.167500e+00 9.220841e-01 -6.769552e-03 0.000000e+00
6.390000e+00 7.068583e-01 1.167500e+00 9.220841e-01 -6.769552e-03 0.000000e+00
6.390000e+00 7.853982e-01 1.167500e+00 9.220841e-01 -6.769552e-03 0.000000e+00
6.390000e+00 8.639380e-01 1.167500e+00 9.220841e-01 -6.769552e-03 0.000000e+00
6.390000e+00 9.424778e-01 1.167500e+00 9.220841e-01 -6.769552e-03 0.000000e+00
6.390000e+00 1.021018e+00 1.167500e+00 9.220841e-01 -6.769552e-03 0.000000e+00
6.390000e+00 1.099557e+00 1.167500e+00 9.220841e-01 -6.769552e-03 0.000000e+00
6.390000e+00 1.178097e+00 1.167500e+00 9.220841e-01 -6.769552e-03 0.000000e+00
6.390000e+00 1.256637e+00 1.167500e+00 9.220841e-01 -6.769552e-03 0.000000e+00
6.390000e+00 1.335177e+00 1.167500e+00 9.220841e-01 -6.769552e-03 0.000000e+00
6.390000e+00 1.413717e+00 1.167500e+00 9.220841e-01 -6.769552e-03 0.000000e+00
6.390000e+00 1.492257e+00 1.167500e+00 9.220841e-01 -6.769552e-03 0.000000e+00
6.390000e+00 1.570796e+00 1.167500e+00 9.220841e-01 -6.769552e-03 0.000000e+00
6.580000e+00 0.000000e+00 1.162490e+00 9.168196e-01 -6.412171e-03 0.000000e+00
6.580000e+00 7.853982e-02 1.162490e+00 9.168196e-01 -6.412171e-03 0.000000e+00
6.580000e+00 1.570796e-01 1.162490e+00 9.168196e-01 -6.412171e-03 0.000000e+00
6.580000e+00 2.356194e-01 1.162490e+00 9.168196e-01 -6.412171e-03 0.000000e+00
6.580000e+00 3.141593e-01 1.162490e+00 9.168196e-01 -6.412171e-03 0.000000e+00
6.580000e+00 3.926991e-01 1.162490e+00 9.168196e-01 -6.412171e-03 0.000000e+00
6.580000e+00 4.712389e-01 1.162490e+00 9.168196e-01 -6.412171e-03 0.000000e+00
6.580000e+00 5.497787e-01 1.162490e+00 9.168196e-01 -6.412171e-03 0.000000e+00
6.580000e+00 6.283185e-01 1.162490e+00 9.168196e-01 -6.412171e-03 0.000000e+00
6.580000e+00 7.068583e-01 1.162490e+00 9.168196e-01 -6.412171e-03 0.000000e+00
6.580000e+00 7.853982e-01 1.162490e+00 9.168196e-01 -6.412171e-03 0.000000e+00
6.580000e+00 8.639380e-01 1.162490e+00 9.168196e-01 -6.412171e-03 0.000000e+00
6.580000e+00 9.424778e-01 1.162490e+00 9.168196e-01 -6.412171e-03 0.000000e+00
6.580000e+00 1.021018e+00 1.162490e+00 9.168196e-01 -6.412171e-03 0.000000e+00
6.580000e+00 1.099557e+00 1.162490e+00 9.168196e-01 -6.412171e-03 0.000000e+00
6.580000e+00 1.178097e+00 1.162490e+00 9.168196e-01 -6.412171e-03 0.000000e+00
6.580000e+00 1.256637e+00 1.162490e+00 9.168196e-01 -6.412171e-03 0.000000e+00
6.580000e+00 1.335177e+00 1.162490e+00 9.168196e-01 -6.412171e-03 0.000000e+00
6.580000e+00 1.413717e+00 1.162490e+00 9.168196e-01 -6.412171e-03 0.000000e+00
6.580000e+00 1.492257e+00 1.162490e+00 9.168196e-01 -6.412171e-03 0.000000e+00
6.580000e+00 1.570796e+00 1.162490e+00 9.168196e-01 -6.412171e-03 0.000000e+00
6.770000e+00 0.000000e+00 1.157781e+00 9.118714e-01 -6.082440e-03 0.000000e+00
6.770000e+00 7.853982e-02 1.157781e+00 9.118714e-01 -6.082440e-03 0.000000e+00
6.770000e+00 1.570796e-01 1.157781e+00 9.118714e-01 -6.082440e-03 0.000000e+00
6.770000e+00 2.356194e-01 1.157781e+00 9.118714e-01 -6.082440e-03 0.000000e+00
6.770000e+00 3.141593e-01 1.157781e+00 9.118714e-01 -6.082440e-03 0.000000e+00
6.770000e+00 3.926991e-01 1.157781e+00 9.118714e-01 -6.082440e-03 0.000000e+00
6.770000e+00 4.712389e-01 1.157781e+00 9.118714e-01 -6.082440e-03 0.000000e+00
6.770000e+00 5.497787e-01 1.157781e+00 9.118714e-01 -6.082440e-03 0.000000e+00
6.770000e+00 6.283185e-01 1.157781e+00 9.118714e-01 -6.082440e-03 0.000000e+00
6.770000e+00 7.068583e-01 1.157781e+00 9.118714e-01 -6.082440e-03 0.000000e+00
6.770000e+00 7.853982e-01 1.157781e+00 9.118714e-01 -6.082440e-03 0.000000e+00
6.770000e+00 8.639380e-01 1.157781e+00 9.118714e-01 -6.082440e-03 0.000000e+00
6.770000e+00 9.424778e-01 1.157781e+00 9.118714e-01 -6.082440e-03 0.000000e+00
6.770000e+00 1.021018e+00 1.157781e+00 9.118714e-01 -6.082440e-03 0.000000e+00
6.770000e+00 1.099557e+00 1.157781e+00 9.118714e-01 -6.082440e-03 0.000000e+00
6.770000e+00 1.178097e+00 1.157781e+00 9.118714e-01 -6.082440e-03 0.000000e+00
6.770000e+00 1.256637e+00 1.157781e+00 9.118714e-01 -6.082440e-03 0.000000e+00
6.770000e+00 1.335177e+00 1.157781e+00 9.118714e-01 -6.082440e-03 0.000000e+00
6.770000e+00 1.413717e+00 1.157781e+00 9.118714e-01 -6.082440e-03 0.000000e+00
6.770000e+00 1.492257e+00 1.157781e+00 9.118714e-01 -6.082440e-03 0.000000e+00
6.770000e+00 1.570796e+00 1.157781e+00 9.118714e-01 -6.082440e-03 0.000000e+00
6.960000e+00 0.000000e+00 1.153334e+00 9.072117e-01 -5.777615e-03 0.000000e+00
6.960000e+00 7.853982e-02 1.153334e+00 9.072117e-01 -5.777615e-03 0.000000e+00
6.960000e+00 1.570796e-01 1.153334e+00 9.072117e-01 -5.777615e-03 0.000000e+00
6.960000e+00 2.356194e-01 1.153334e+00 9.072117e-01 -5.777615e-03 0.000000e+00
6.960000e+00 3.141593e-01 1.153334e+00 9.072117e-01 -5.777615e-03 0.000000e+00
6.960000e+00 3.926991e-01 1.153334e+00 9.072117e-01 -5.777615e-03 0.000000e+00
6.960000e+00 4.712389e-01 1.153334e+00 9.072117e-01 -5.777615e-03 0.000000e+00
6.960000e+00 5.497787e-01 1.153334e+00 9.072117e-01 -5.777615e-03 0.000000e+00
6.960000e+00 6.283185e-01 1.153334e+00 9.072117e-01 -5.777615e-03 0.000000e+00
6.960000e+00 7.068583e-01 1.153334e+00 9.072117e-01 -5.777615e-03 0.000000e+00
6.960000e+00 7.853982e-01 1.153334e+00 9.072117e-01 -5.777615e-03 0.000000e+00
6.960000e+00 8.639380e-01 1.153334e+00 9.072117e-01 -5.777615e-03 0.000000e+00
6.960000e+00 9.424778e-01 1.153334e+00 9.072117e-01 -5.777615e-03 0.000000e+00
6.960000e+00 1.021018e+00 1.153334e+00 9.072117e-01 -5.777615e-03 0.000000e+00
6.960000e+00 1.099557e+00 1.153334e+00 9.072117e-01 -5.777615e-03 0.000000e+00
6.960000e+00 1.178097e+00 1.153334e+00 9.072117e-01 -5.777615e-03 0.000000e+00
6.960000e+00 1.256637e+00 1.153334e+00 9.072117e-01 -5.777615e-03 0.000000e+00
6.960000e+00 1.335177e+00 1.153334e+00 9.072117e-01 -5.777615e-03 0.000000e+00
6.960000e+00 1.413717e+00 1.153334e+00 9.072117e-01 -5.777615e-03 0.000000e+00
6.960000e+00 1.492257e+00 1.153334e+00 9.072117e-01 -5.777615e-03 0.000000e+00
6.960000e+00 1.570796e+00 1.153334e+00 9.072117e-01 -5.777615e-03 0.000000e+00
7.150000e+00 0.000000e+00 1.149141e+00 9.028161e-01 -5.495295e-03 0.000000e+00
7.150000e+00 7.853982e-02 1.149141e+00 9.028161e-01 -5.495295e-03 0.000000e+00
7.150000e+00 1.570796e-01 1.149141e+00 9.028161e-01 -5.495295e-03 0.000000e+00
7.150000e+00 2.356194e-01 1.149141e+00 9.028161e-01 -5.495295e-03 0.000000e+00
7.150000e+00 3.141593e-01 1.149141e+00 9.028161e-01 -5.495295e-03 0.000000e+00
7.150000e+00 3.926991e-01 1.149141e+00 9.028161e-01 -5.495295e-03 0.000000e+00
7.150000e+00 4.712389e-01 1.149141e+00 9.028161e-01 -5.495295e-03 0.000000e+00
7.150000e+00 5.497787e-01 1.149141e+00 9.028161e-01 -5.495295e-03 0.000000e+00
7.150000e+00 6.283185e-01 1.149141e+00 9.028161e-01 -5.495295e-03 0.000000e+00
7.150000e+00 7.068583e-01 1.149141e+00 9.028161e-01 -5.495295e-03 0.000000e+00
7.150000e+00 7.853982e-01 1.149141e+00 9.028161e-01 -5.495295e-03 0.000000e+00
7.150000e+00 8.639380e-01 1.149141e+00 9.028161e-01 -5.495295e-03 0.000000e+00
7.150000e+00 9.424778e-01 1.149141e+00 9.028161e-01 -5.495295e-03 0.000000e+00
7.150000e+00 1.021018e+00 1.149141e+00 9.028161e-01 -5.495295e-03 0.000000e+00
7.150000e+00 1.099557e+00 1.149141e+00 9.028161e-01 -5.495295e-03 0.000000e+00
7.150000e+00 1.178097e+00 1.149141e+00 9.028161e-01 -5.495295e-03 0.000000e+00
7.150000e+00 1.256637e+00 1.149141e+00 9.028161e-01 -5.495295e-03 0.000000e+00
7.150000e+00 1.335177e+00 1.149141e+00 9.028161e-01 -5.495295e-03 0.000000e+00
7.150000e+00 1.413717e+00 1.149141e+00 9.028161e-01 -5.495295e-03 0.000000e+00
7.150000e+00 1.492257e+00 1.149141e+00 9.028161e-01 -5.495295e-03 0.000000e+00
7.150000e+00 1.570796e+00 1.149141e+00 9.028161e-01 -5.495295e-03 0.000000e+00
7.340000e+00 0.000000e+00 1.145210e+00 8.986629e-01 -5.233075e-03 0.000000e+00
7.340000e+00 7.853982e-02 1.145210e+00 8.986629e-01 -5.233075e-03 0.000000e+00
7.340000e+00 1.570796e-01 1.145210e+00 8.986629e-01 -5.233075e-03 0.000000e+00
7.340000e+00 2.356194e-01 1.145210e+00 8.986629e-01 -5.233075e-03 0.000000e+00
7.340000e+00 3.141593e-01 1.145210e+00 8.986629e-01 -5.233075e-03 0.000000e+00
7.340000e+00 3.926991e-01 1.145210e+00 8.986629e-01 -5.233075e-03 0.000000e+00
7.340000e+00 4.712389e-01 1.145210e+00 8.986629e-01 -5.233075e-03 0.000000e+00
7.340000e+00 5.497787e-01 1.145210e+00 8.986629e-01 -5.233075e-03 0.000000e+00
7.340000e+00 6.283185e-01 1.145210e+00 8.986629e-01 -5.233075e-03 0.000000e+00
7.340000e+00 7.068583e-01 1.145210e+00 8.986629e-01 -5.233075e-03 0.000000e+00
7.340000e+00 7.853982e-01 1.145210e+00 8.986629e-01 -5.233075e-03 0.000000e+00
7.340000e+00 8.639380e-01 1.145210e+00 8.986629e-01 -5.233075e-03 0.000000e+00
7.340000e+00 9.424778e-01 1.145210e+00 8.986629e-01 -5.233075e-03 0.000000e+00
7.340000e+00 1.021018e+00 1.145210e+00 8.986629e-01 -5.233075e-03 0.000000e+00
7.340000e+00 1.099557e+00 1.145210e+00 8.986629e-01 -5.233075e-03 0.000000e+00
7.340000e+00 1.178097e+00 1.145210e+00 8.986629e-01 -5.233075e-03 0.000000e+00
7.340000e+00 1.256637e+00 1.145210e+00 8.986629e-01 -5.233075e-03 0.000000e+00
7.340000e+00 1.335177e+00 1.145210e+00 8.986629e-01 -5.233075e-03 0.000000e+00
7.340000e+00 1.413717e+00 1.145210e+00 8.986629e-01 -5.233075e-03 0.000000e+00
7.340000e+00 1.492257e+00 1.145210e+00 8.986629e-01 -5.233075e-03 0.000000e+00
7.340000e+00 1.570796e+00 1.145210e+00 8.986629e-01 -5.233075e-03 0.000000e+00
7.530000e+00 0.000000e+00 1.141466e+00 8.947323e-01 -4.989004e-03 0.000000e+00
7.530000e+00 7.853982e-02 1.141466e+00 8.947323e-01 -4.989004e-03 0.000000e+00
7.530000e+00 1.570796e-01 1.141466e+00 8.947323e-01 -4.989004e-03 0.000000e+00
7.530000e+00 2.356194e-01 1.141466e+00 8.947323e-01 -4.989004e-03 0.000000e+00
7.530000e+00 3.141593e-01 1.141466e+00 8.947323e-01 -4.989004e-03 0.000000e+00
7.530000e+00 3.926991e-01 1.141466e+00 8.947323e-01 -4.989004e-03 0.000000e+00
7.530000e+00 4.712389e-01 1.141466e+00 8.947323e-01 -4.989004e-03 0.000000e+00
7.530000e+00 5.497787e-01 1.141466e+00 8.947323e-01 -4.989004e-03 0.000000e+00
7.530000e+00 6.283185e-01 1.141466e+00 8.947323e-01 -4.989004e-03 0.000000e+00
7.530000e+00 7.068583e-01 1.141466e+00 8.947323e-01 -4.989004e-03 0.000000e+00
7.530000e+00 7.853982e-01 1.141466e+00 8.947323e-01 -4.989004e-03 0.000000e+00
7.530000e+00 8.639380e-01 1.141466e+00 8.947323e-01 -4.989004e-03 0.000000e+00
7.530000e+00 9.424778e-01 1.141466e+00 8.947323e-01 -4.989004e-03 0.000000e+00
7.530000e+00 1.021018e+00 1.141466e+00 8.947323e-01 -4.989004e-03 0.000000e+00
7.530000e+00 1.099557e+00 1.141466e+00 8.947323e-01 -4.989004e-03 0.000000e+00
7.530000e+00 1.178097e+00 1.141466e+00 8.947323e-01 -4.989004e-03 0.000000e+00
7.530000e+00 1.256637e+00 1.141466e+00 8.947323e-01 -4.989004e-03 0.000000e+00
7.530000e+00 1.335177e+00 1.141466e+00 8.947323e-01 -4.989004e-03 0.000000e+00
7.530000e+00 1.413717e+00 1.141466e+00 8.947323e-01 -4.989004e-03 0.000000e+00
7.530000e+00 1.492257e+00 1.141466e+00 8.947323e-01 -4.989004e-03 0.000000e+00
7.530000e+00 1.570796e+00 1.141466e+00 8.947323e-01 -4.989004e-03 0.000000e+00
7.720000e+00 0.000000e+00 1.137890e+00 8.910071e-01 -4.761661e-03 0.000000e+00
7.720000e+00 7.853982e-02 1.137890e+00 8.910071e-01 -4.761661e-03 0.000000e+00
7.720000e+00 1.570796e-01 1.137890e+00 8.910071e-01 -4.761661e-03 0.000000e+00
7.720000e+00 2.356194e-01 1.137890e+00 8.910071e-01 -4.761661e-03 0.000000e+00
7.720000e+00 3.141593e-01 1.137890e+00 8.910071e-01 -4.761661e-03 0.000000e+00
7.720000e+00 3.926991e-01 1.137890e+00 8.910071e-01 -4.761661e-03 0.000000e+00
7.720000e+00 4.712389e-01 1.137890e+00 8.910071e-01 -4.761661e-03 0.000000e+00
7.720000e+00 5.497787e-01 1.137890e+00 8.910071e-01 -4.761661e-03 0.000000e+00
7.720000e+00 6.283185e-01 1.137890e+00 8.910071e-01 -4.761661e-03 0.000000e+00
7.720000e+00 7.068583e-01 1.137890e+00 8.910071e-01 -4.761661e-03 0.000000e+00
7.720000e+00 7.853982e-01 1.137890e+00 8.910071e-01 -4.761661e-03 0.000000e+00
7.720000e+00 8.639380e-01 1.137890e+00 8.910071e-01 -4.761661e-03 0.000000e+00
7.720000e+00 9.424778e-01 1.137890e+00 8.910071e-01 -4.761661e-03 0.000000e+00
7.720000e+00 1.021018e+00 1.137890e+00 8.910071e-01 -4.761661e-03 0.000000e+00
7.720000e+00 1.099557e+00 1.137890e+00 8.910071e-01 -4.761661e-03 0.000000e+00
7.720000e+00 1.178097e+00 1.137890e+00 8.910071e-01 -4.761661e-03 0.000000e+00
7.720000e+00 1.256637e+00 1.137890e+00 8.910071e-01 -4.761661e-03 0.000000e+00
7.720000e+00 1.335177e+00 1.137890e+00 8.910071e-01 -4.761661e-03 0.000000e+00
7.720000e+00 1.413717e+00 1.137890e+00 8.910071e-01 -4.761661e-03 0.000000e+00
7.720000e+00 1.492257e+00 1.137890e+00 8.910071e-01 -4.761661e-03 0.000000e+00
7.720000e+00 1.570796e+00 1.137890e+00 8.910071e-01 -4.761661e-03 0.000000e+00
7.910000e+00 0.000000e+00 1.134501e+00 8.874718e-01 -4.549561e-03 0.000000e+00
7.910000e+00 7.853982e-02 1.134501e+00 8.874718e-01 -4.549561e-03 0.000000e+00
7.910000e+00 1.570796e-01 1.134501e+00 8.874718e-01 -4.549561e-03 0.000000e+00
7.910000e+00 2.356194e-01 1.134501e+00 8.874718e-01 -4.549561e-03 0.000000e+00
7.910000e+00 3.141593e-01 1.134501e+00 8.874718e-01 -4.549561e-03 0.000000e+00
7.910000e+00 3.926991e-01 1.134501e+00 8.874718e-01 -4.549561e-03 0.000000e+00
7.910000e+00 4.712389e-01 1.134501e+00 8.874718e-01 -4.549561e-03 0.000000e+00
7.910000e+00 5.497787e-01 1.134501e+00 8.874718e-01 -4.549561e-03 0.000000e+00
7.910000e+00 6.283185e-01 1.134501e+00 8.874718e-01 -4.549561e-03 0.000000e+00
7.910000e+00 7.068583e-01 1.134501e+00 8.874718e-01 -4.549561e-03 0.000000e+00
7.910000e+00 7.853982e-01 1.134501e+00 8.874718e-01 -4.549561e-03 0.000000e+00
7.910000e+00 8.639380e-01 1.134501e+00 8.874718e-01 -4.549561e-03 0.000000e+00
7.910000e+00 9.424778e-01 1.134501e+00 8.874718e-01 -4.549561e-03 0.000000e+00
7.910000e+00 1.021018e+00 1.134501e+00 8.874718e-01 -4.549561e-03 0.000000e+00
7.910000e+00 1.099557e+00 1.134501e+00 8.874718e-01 -4.549561e-03 0.000000e+00
7.910000e+00 1.178097e+00 1.134501e+00 8.874718e-01 -4.549561e-03 0.000000e+00
7.910000e+00 1.256637e+00 1.134501e+00 8.874718e-01 -4.549561e-03 0.000000e+00
7.910000e+00 1.335177e+00 1.134501e+00 8.874718e-01 -4.549561e-03 0.000000e+00
7.910000e+00 1.413717e+00 1.134501e+00 8.874718e-01 -4.549561e-03 0.000000e+00
7.910000e+00 1.492257e+00 1.134501e+00 8.874718e-01 -4.549561e-03 0.000000e+00
7.910000e+00 1.570796e+00 1.134501e+00 8.874718e-01 -4.549561e-03 0.000000e+00
8.100000e+00 0.000000e+00 1.131288e+00 8.841121e-01 -4.351313e-03 0.000000e+00
8.100000e+00 7.853982e-02 1.131288e+00 8.841121e-01 -4.351313e-03 0.000000e+00
8.100000e+00 1.570796e-01 1.131288e+00 8.841121e-01 -4.351313e-03 0.000000e+00
8.100000e+00 2.356194e-01 1.131288e+00 8.841121e-01 -4.351313e-03 0.000000e+00
8.100000e+00 3.141593e-01 1.131288e+00 8.841121e-01 -4.351313e-03 0.000000e+00
8.100000e+00 3.926991e-01 1.131288e+00 8.841121e-01 -4.351313e-03 0.000000e+00
8.100000e+00 4.712389e-01 1.131288e+00 8.841121e-01 -4.351313e-03 0.000000e+00
8.100000e+00 5.497787e-01 1.131288e+00 8.841121e-01 -4.351313e-03 0.000000e+00
8.100000e+00 6.283185e-01 1.131288e+00 8.841121e-01 -4.351313e-03 0.000000e+00
8.100000e+00 7.068583e-01 1.131288e+00 8.841121e-01 -4.351313e-03 0.000000e+00
8.100000e+00 7.853982e-01 1.131288e+00 8.841121e-01 -4.351313e-03 0.000000e+00
8.100000e+00 8.639380e-01 1.131288e+00 8.841121e-01 -4.351313e-03 0.000000e+00
8.100000e+00 9.424778e-01 1.131288e+00 8.841121e-01 -4.351313e-03 0.000000e+00
8.100000e+00 1.021018e+00 1.131288e+00 8.841121e-01 -4.351313e-03 0.000000e+00
8.100000e+00 1.099557e+00 1.131288e+00 8.841121e-01 -4.351313e-03 0.000000e+00
8.100000e+00 1.178097e+00 1.131288e+00 8.841121e-01 -4.351313e-03 0.000000e+00
8.100000e+00 1.256637e+00 1.131288e+00 8.841121e-01 -4.351313e-03 0.000000e+00
8.100000e+00 1.335177e+00 1.131288e+00 8.841121e-01 -4.351313e-03 0.000000e+00
8.100000e+00 1.413717e+00 1.131288e+00 8.841121e-01 -4.351313e-03 0.000000e+00
8.100000e+00 1.492257e+00 1.131288e+00 8.841121e-01 -4.351313e-03 0.000000e+00
8.100000e+00 1.570796e+00 1.131288e+00 8.841121e-01 -4.351313e-03 0.000000e+00
8.290000e+00 0.000000e+00 1.128221e+00 8.809152e-01 -4.165746e-03 0.000000e+00
8.290000e+00 7.853982e-02 1.128221e+00 8.809152e-01 -4.165746e-03 0.000000e+00
8.290000e+00 1.570796e-01 1.128221e+00 8.809152e-01 -4.165746e-03 0.000000e+00
8.290000e+00 2.356194e-01 1.128221e+00 8.809152e-01 -4.165746e-03 0.000000e+00
8.290000e+00 3.141593e-01 1.128221e+00 8.809152e-01 -4.165746e-03 0.000000e+00
8.290000e+00 3.926991e-01 1.128221e+00 8.809152e-01 -4.165746e-03 0.000000e+00
8.290000e+00 4.712389e-01 1.128221e+00 8.809152e-01 -4.165746e-03 0.000000e+00
8.290000e+00 5.497787e-01 1.128221e+00 8.809152e-01 -4.165746e-03 0.000000e+00
8.290000e+00 6.283185e-01 1.128221e+00 8.809152e-01 -4.165746e-03 0.000000e+00
8.290000e+00 7.068583e-01 1.128221e+00 8.809152e-01 -4.165746e-03 0.000000e+00
8.290000e+00 7.853982e-01 1.128221e+00 8.809152e-01 -4.165746e-03 0.000000e+00
8.290000e+00 8.639380e-01 1.128221e+00 8.809152e-01 -4.165746e-03 0.000000e+00
8.290000e+00 9.424778e-01 1.128221e+00 8.809152e-01 -4.165746e-03 0.000000e+00
8.290000e+00 1.021018e+00 1.128221e+00 8.809152e-01 -4.165746e-03 0.000000e+00
8.290000e+00 1.099557e+00 1.128221e+00 8.809152e-01 -4.165746e-03 0.000000e+00
8.290000e+00 1.178097e+00 1.128221e+00 8.809152e-01 -4.165746e-03 0.000000e+00
8.290000e+00 1.256637e+00 1.128221e+00 8.809152e-01 -4.165746e-03 0.000000e+00
8.290000e+00 1.335177e+00 1.128221e+00 8.809152e-01 -4.165746e-03 0.000000e+00
8.290000e+00 1.413717e+00 1.128221e+00 8.809152e-01 -4.165746e-03 0.000000e+00
8.290000e+00 1.492257e+00 1.128221e+00 8.809152e-01 -4.165746e-03 0.000000e+00
8.290000e+00 1.570796e+00 1.128221e+00 8.809152e-01 -4.165746e-03 0.000000e+00
8.480000e+00 0.000000e+00 1.125270e+00 8.778698e-01 -3.991823e-03 0.000000e+00
8.480000e+00 7.853982e-02 1.125270e+00 8.778698e-01 -3.991823e-03 0.000000e+00
8.480000e+00 1.570796e-01 1.125270e+00 8.778698e-01 -3.991823e-03 0.000000e+00
8.480000e+00 2.356194e-01 1.125270e+00 8.778698e-01 -3.991823e-03 0.000000e+00
8.480000e+00 3.141593e-01 1.125270e+00 8.778698e-01 -3.991823e-03 0.000000e+00
8.480000e+00 3.926991e-01 1.125270e+00 8.778698e-01 -3.991823e-03 0.000000e+00
8.480000e+00 4.712389e-01 1.125270e+00 8.778698e-01 -3.991823e-03 0.000000e+00
8.480000e+00 5.497787e-01 1.125270e+00 8.778698e-01 -3.991823e-03 0.000000e+00
8.480000e+00 6.283185e-01 1.125270e+00 8.778698e-01 -3.991823e-03 0.000000e+00
8.480000e+00 7.068583e-01 1.125270e+00 8.778698e-01 -3.991823e-03 0.000000e+00
8.480000e+00 7.853982e-01 1.125270e+00 8.778698e-01 -3.991823e-03 0.000000e+00
8.480000e+00 8.639380e-01 1.125270e+00 8.778698e-01 -3.991823e-03 0.000000e+00
8.480000e+00 9.424778e-01 1.125270e+00 8.778698e-01 -3.991823e-03 0.000000e+00
8.480000e+00 1.021018e+00 1.125270e+00 8.778698e-01 -3.991823e-03 0.000000e+00
8.480000e+00 1.099557e+00 1.125270e+00 8.778698e-01 -3.991823e-03 0.000000e+00
8.480000e+00 1.178097e+00 1.125270e+00 8.778698e-01 -3.991823e-03 0.000000e+00
8.480000e+00 1.256637e+00 1.125270e+00 8.778698e-01 -3.991823e-03 0.000000e+00
8.480000e+00 1.335177e+00 1.125270e+00 8.778698e-01 -3.991823e-03 0.000000e+00
8.480000e+00 1.413717e+00 1.125270e+00 8.778698e-01 -3.991823e-03 0.000000e+00
8.480000e+00 1.492257e+00 1.125270e+00 8.778698e-01 -3.991823e-03 0.000000e+00
8.480000e+00 1.570796e+00 1.125270e+00 8.778698e-01 -3.991823e-03 0.000000e+00
8.670000e+00 0.000000e+00 1.122480e+00 8.749653e-01 -3.828537e-03 0.000000e+00
8.670000e+00 7.853982e-02 1.122480e+00 8.749653e-01 -3.828537e-03 0.000000e+00
8.670000e+00 1.570796e-01 1.122480e+00 8.749653e-01 -3.828537e-03 0.000000e+00
8.670000e+00 2.356194e-01 1.122480e+00 8.749653e-01 -3.828537e-03 0.000000e+00
8.670000e+00 3.141593e-01 1.122480e+00 8.749653e-01 -3.828537e-03 0.000000e+00
8.670000e+00 3.926991e-01 1.122480e+00 8.749653e-01 -3.828537e-03 0.000000e+00
8.670000e+00 4.712389e-01 1.122480e+00 8.749653e-01 -3.828537e-03 0.000000e+00
8.670000e+00 5.497787e-01 1.122480e+00 8.749653e-01 -3.828537e-03 0.000000e+00
8.670000e+00 6.283185e-01 1.122480e+00 8.749653e-01 -3.828537e-03 0.000000e+00
8.670000e+00 7.068583e-01 1.122480e+00 8.749653e-01 -3.828537e-03 0.000000e+00
8.670000e+00 7.853982e-01 1.122480e+00 8.749653e-01 -3.828537e-03 0.000000e+00
8.670000e+00 8.639380e-01 1.122480e+00 8.749653e-01 -3.828537e-03 0.000000e+00
8.670000e+00 9.424778e-01 1.122480e+00 8.749653e-01 -3.828537e-03 0.000000e+00
8.670000e+00 1.021018e+00 1.122480e+00 8.749653e-01 -3.828537e-03 0.000000e+00
8.670000e+00 1.099557e+00 1.122480e+00 8.749653e-01 -3.828537e-03 0.000000e+00
8.670000e+00 1.178097e+00 1.122480e+00 8.749653e-01 -3.828537e-03 0.000000e+00
8.670000e+00 1.256637e+00 1.122480e+00 8.749653e-01 -3.828537e-03 0.000000e+00
8.670000e+00 1.335177e+00 1.122480e+00 8.749653e-01 -3.828537e-03 0.000000e+00
8.670000e+00 1.413717e+00 1.122480e+00 8.749653e-01 -3.828537e-03 0.000000e+00
8.670000e+00 1.492257e+00 1.122480e+00 8.749653e-01 -3.828537e-03 0.000000e+00
8.670000e+00 1.570796e+00 1.122480e+00 8.749653e-01 -3.828537e-03 0.000000e+00
8.860000e+00 0.000000e+00 1.119813e+00 8.721918e-01 -3.675161e-03 0.000000e+00
8.860000e+00 7.853982e-02 1.119813e+00 8.721918e-01 -3.675161e-03 0.000000e+00
8.860000e+00 1.570796e-01 1.119813e+00 8.721918e-01 -3.675161e-03 0.000000e+00
8.860000e+00 2.356194e-01 1.119813e+00 8.721918e-01 -3.675161e-03 0.000000e+00
8.860000e+00 3.141593e-01 1.119813e+00 8.721918e-01 -3.675161e-03 0.000000e+00
8.860000e+00 3.926991e-01 1.119813e+00 8.721918e-01 -3.675161e-03 0.000000e+00
8.860000e+00 4.712389e-01 1.119813e+00 8.721918e-01 -3.675161e-03 0.000000e+00
8.860000e+00 5.497787e-01 1.119813e+00 8.721918e-01 -3.675161e-03 0.000000e+00
8.860000e+00 6.283185e-01 1.119813e+00 8.721918e-01 -3.675161e-03 0.000000e+00
8.860000e+00 7.068583e-01 1.119813e+00 8.721918e-01 -3.675161e-03 0.000000e+00
8.860000e+00 7.853982e-01 1.119813e+00 8.721918e-01 -3.675161e-03 0.000000e+00
8.860000e+00 8.639380e-01 1.119813e+00 8.721918e-01 -3.675161e-03 0.000000e+00
8.860000e+00 9.424778e-01 1.119813e+00 8.721918e-01 -3.675161e-03 0.000000e+00
8.860000e+00 1.021018e+00 1.119813e+00 8.721918e-01 -3.675161e-03 0.000000e+00
8.860000e+00 1.099557e+00 1.119813e+00 8.721918e-01 -3.675161e-03 0.000000e+00
8.860000e+00 1.178097e+00 1.119813e+00 8.721918e-01 -3.675161e-03 0.000000e+00
8.860000e+00 1.256637e+00 1.119813e+00 8.721918e-01 -3.675161e-03 0.000000e+00
8.860000e+00 1.335177e+00 1.119813e+00 8.721918e-01 -3.675161e-03 0.000000e+00
8.860000e+00 1.413717e+00 1.119813e+00 8.721918e-01 -3.675161e-03 0.000000e+00
8.860000e+00 1.492257e+00 1.119813e+00 8.721918e-01 -3.675161e-03 0.000000e+00
8.860000e+00 1.570796e+00 1.119813e+00 8.721918e-01 -3.675161e-03 0.000000e+00
9.050000e+00 0.000000e+00 1.117261e+00 8.695415e-01 -3.530282e-03 0.000000e+00
9.050000e+00 7.853982e-02 1.117261e+00 8.695415e-01 -3.530282e-03 0.000000e+00
9.050000e+00 1.570796e-01 1.117261e+00 8.695415e-01 -3.530282e-03 0.000000e+00
9.050000e+00 2.356194e-01 1.117261e+00 8.695415e-01 -3.530282e-03 0.000000e+00
9.050000e+00 3.141593e-01 1.117261e+00 8.695415e-01 -3.530282e-03 0.000000e+00
9.050000e+00 3.926991e-01 1.117261e+00 8.695415e-01 -3.530282e-03 0.000000e+00
9.050000e+00 4.712389e-01 1.117261e+00 8.695415e-01 -3.530282e-03 0.000000e+00
9.050000e+00 5.497787e-01 1.117261e+00 8.695415e-01 -3.530282e-03 0.000000e+00
9.050000e+00 6.283185e-01 1.117261e+00 8.695415e-01 -3.530282e-03 0.000000e+00
9.050000e+00 7.068583e-01 1.117261e+00 8.695415e-01 -3.530282e-03 0.000000e+00
9.050000e+00 7.853982e-01 1.117261e+00 8.695415e-01 -3.530282e-03 0.000000e+00
9.050000e+00 8.639380e-01 1.117261e+00 8.695415e-01 -3.530282e-03 0.000000e+00
9.050000e+00 9.424778e-01 1.117261e+00 8.695415e-01 -3.530282e-03 0.000000e+00
9.050000e+00 1.021018e+00 1.117261e+00 8.695415e-01 -3.530282e-03 0.000000e+00
9.050000e+00 1.099557e+00 1.117261e+00 8.695415e-01 -3.530282e-03 0.000000e+00
9.050000e+00 1.178097e+00 1.117261e+00 8.695415e-01 -3.530282e-03 0.000000e+00
9.050000e+00 1.256637e+00 1.117261e+00 8.695415e-01 -3.530282e-03 0.000000e+00
9.050000e+00 1.335177e+00 1.117261e+00 8.695415e-01 -3.530282e-03 0.000000e+00
9.050000e+00 1.413717e+00 1.117261e+00 8.695415e-01 -3.530282e-03 0.000000e+00
9.050000e+00 1.492257e+00 1.117261e+00 8.695415e-01 -3.530282e-03 0.000000e+00
9.050000e+00 1.570796e+00 1.117261e+00 8.695415e-01 -3.530282e-03 0.000000e+00
9.240000e+00 0.000000e+00 1.114814e+00 8.670028e-01 -3.395331e-03 0.000000e+00
9.240000e+00 7.853982e-02 1.114814e+00 8.670028e-01 -3.395331e-03 0.000000e+00
9.240000e+00 1.570796e-01 1.114814e+00 8.670028e-01 -3.395331e-03 0.000000e+00
9.240000e+00 2.356194e-01 1.114814e+00 8.670028e-01 -3.395331e-03 0.000000e+00
9.240000e+00 3.141593e-01 1.114814e+00 8.670028e-01 -3.395331e-03 0.000000e+00
9.240000e+00 3.926991e-01 1.114814e+00 8.670028e-01 -3.395331e-03 0.000000e+00
9.240000e+00 4.712389e-01 1.114814e+00 8.670028e-01 -3.395331e-03 0.000000e+00
9.240000e+00 5.497787e-01 1.114814e+00 8.670028e-01 -3.395331e-03 0.000000e+00
9.240000e+00 6.283185e-01 1.114814e+00 8.670028e-01 -3.395331e-03 0.000000e+00
9.240000e+00 7.068583e-01 1.114814e+00 8.670028e-01 -3.395331e-03 0.000000e+00
9.240000e+00 7.853982e-01 1.114814e+00 8.670028e-01 -3.395331e-03 0.000000e+00
9.240000e+00 8.639380e-01 1.114814e+00 8.670028e-01 -3.395331e-03 0.000000e+00
9.240000e+00 9.424778e-01 1.114814e+00 8.670028e-01 -3.395331e-03 0.000000e+00
9.240000e+00 1.021018e+00 1.114814e+00 8.670028e-01 -3.395331e-03 0.000000e+00
9.240000e+00 1.099557e+00 1.114814e+00 8.670028e-01 -3.395331e-03 0.000000e+00
9.240000e+00 1.178097e+00 1.114814e+00 8.670028e-01 -3.395331e-03 0.000000e+00
9.240000e+00 1.256637e+00 1.114814e+00 8.670028e-01 -3.395331e-03 0.000000e+00
9.240000e+00 1.335177e+00 1.114814e+00 8.670028e-01 -3.395331e-03 0.000000e+00
9.240000e+00 1.413717e+00 1.114814e+00 8.670028e-01 -3.395331e-03 0.000000e+00
9.240000e+00 1.492257e+00 1.114814e+00 8.670028e-01 -3.395331e-03 0.000000e+00
9.240000e+00 1.570796e+00 1.114814e+00 8.670028e-01 -3.395331e-03 0.000000e+00
9.430000e+00 0.000000e+00 1.112481e+00 8.645796e-01 -3.256591e-03 0.000000e+00
9.430000e+00 7.853982e-02 1.112481e+00 8.645796e-01 -3.256591e-03 0.000000e+00
9.430000e+00 1.570796e-01 1.112481e+00 8.645796e-01 -3.256591e-03 0.000000e+00
9.430000e+00 2.356194e-01 1.112481e+00 8.645796e-01 -3.256591e-03 0.000000e+00
9.430000e+00 3.141593e-01 1.112481e+00 8.645796e-01 -3.256591e-03 0.000000e+00
9.430000e+00 3.926991e-01 1.112481e+00 8.645796e-01 -3.256591e-03 0.000000e+00
9.430000e+00 4.712389e-01 1.112481e+00 8.645796e-01 -3.256591e-03 0.000000e+00
9.430000e+00 5.497787e-01 1.112481e+00 8.645796e-01 -3.256591e-03 0.000000e+00
9.430000e+00 6.283185e-01 1.112481e+00 8.645796e-01 -3.256591e-03 0.000000e+00
9.430000e+00 7.068583e-01 1.112481e+00 8.645796e-01 -3.256591e-03 0.000000e+00
9.430000e+00 7.853982e-01 1.112481e+00 8.645796e-01 -3.256591e-03 0.000000e+00
9.430000e+00 8.639380e-01 1.112481e+00 8.645796e-01 -3.256591e-03 0.000000e+00
9.430000e+00 9.424778e-01 1.112481e+00 8.645796e-01 -3.256591e-03 0.000000e+00
9.430000e+00 1.021018e+00 1.112481e+00 8.645796e-01 -3.256591e-03 0.000000e+00
9.430000e+00 1.099557e+00 1.112481e+00 8.645796e-01 -3.256591e-03 0.000000e+00
9.430000e+00 1.178097e+00 1.112481e+00 8.645796e-01 -3.256591e-03 0.000000e+00
9.430000e+00 1.256637e+00 1.112481e+00 8.645796e-01 -3.256591e-03 0.000000e+00
9.430000e+00 1.335177e+00 1.112481e+00 8.645796e-01 -3.256591e-03 0.000000e+00
9.430000e+00 1.413717e+00 1.112481e+00 8.645796e-01 -3.256591e-03 0.000000e+00
9.430000e+00 1.492257e+00 1.112481e+00 8.645796e-01 -3.256591e-03 0.000000e+00
9.430000e+00 1.570796e+00 1.112481e+00 8.645796e-01 -3.256591e-03 0.000000e+00
9.620000e+00 0.000000e+00 1.110211e+00 8.622019e-01 -3.155650e-03 0.000000e+00
9.620000e+00 7.853982e-02 1.110211e+00 8.622019e-01 -3.155650e-03 0.000000e+00
9.620000e+00 1.570796e-01 1.110211e+00 8.622019e-01 -3.155650e-03 0.000000e+00
9.620000e+00 2.356194e-01 1.110211e+00 8.622019e-01 -3.155650e-03 0.000000e+00
9.620000e+00 3.141593e-01 1.110211e+00 8.622019e-01 -3.155650e-03 0.000000e+00
9.620000e+00 3.926991e-01 1.110211e+00 8.622019e-01 -3.155650e-03 0.000000e+00
9.620000e+00 4.712389e-01 1.110211e+00 8.622019e-01 -3.155650e-03 0.000000e+00
9.620000e+00 5.497787e-01 1.110211e+00 8.622019e-01 -3.155650e-03 0.000000e+00
9.620000e+00 6.283185e-01 1.110211e+00 8.622019e-01 -3.155650e-03 0.000000e+00
9.620000e+00 7.068583e-01 1.110211e+00 8.622019e-01 -3.155650e-03 0.000000e+00
9.620000e+00 7.853982e-01 1.110211e+00 8.622019e-01 -3.155650e-03 0.000000e+00
9.620000e+00 8.639380e-01 1.110211e+00 8.622019e-01 -3.155650e-03 0.000000e+00
9.620000e+00 9.424778e-01 1.110211e+00 8.622019e-01 -3.155650e-03 0.000000e+00
9.620000e+00 1.021018e+00 1.110211e+00 8.622019e-01 -3.155650e-03 0.000000e+00
9.620000e+00 1.099557e+00 1.110211e+00 8.622019e-01 -3.155650e-03 0.000000e+00
9.620000e+00 1.178097e+00 1.110211e+00 8.622019e-01 -3.155650e-03 0.000000e+00
9.620000e+00 1.256637e+00 1.110211e+00 8.622019e-01 -3.155650e-03 0.000000e+00
9.620000e+00 1.335177e+00 1.110211e+00 8.622019e-01 -3.155650e-03 0.000000e+00
9.620000e+00 1.413717e+00 1.110211e+00 8.622019e-01 -3.155650e-03 0.000000e+00
9.620000e+00 1.492257e+00 1.110211e+00 8.622019e-01 -3.155650e-03 0.000000e+00
9.620000e+00 1.570796e+00 1.110211e+00 8.622019e-01 -3.155650e-03 0.000000e+00
9.810000e+00 0.000000e+00 1.108221e+00 8.600669e-01 -2.435424e-03 0.000000e+00
9.810000e+00 7.853982e-02 1.108221e+00 8.600669e-01 -2.435424e-03 0.000000e+00
9.810000e+00 1.570796e-01 1.108221e+00 8.600669e-01 -2.435424e-03 0.000000e+00
9.810000e+00 2.356194e-01 1.108221e+00 8.600669e-01 -2.435424e-03 0.000000e+00
9.810000e+00 3.141593e-01 1.108221e+00 8.600669e-01 -2.435424e-03 0.000000e+00
9.810000e+00 3.926991e-01 1.108221e+00 8.600669e-01 -2.435424e-03 0.000000e+00
9.810000e+00 4.712389e-01 1.108221e+00 8.600669e-01 -2.435424e-03 0.000000e+00
9.810000e+00 5.497787e-01 1.108221e+00 8.600669e-01 -2.435424e-03 0.000000e+00
9.810000e+00 6.283185e-01 1.108221e+00 8.600669e-01 -2.435424e-03 0.000000e+00
9.810000e+00 7.068583e-01 1.108221e+00 8.600669e-01 -2.435424e-03 0.000000e+00
9.810000e+00 7.853982e-01 1.108221e+00 8.600669e-01 -2.435424e-03 0.000000e+00
9.810000e+00 8.639380e-01 1.108221e+00 8.600669e-01 -2.435424e-03 0.000000e+00
9.810000e+00 9.424778e-01 1.108221e+00 8.600669e-01 -2.435424e-03 0.000000e+00
9.810000e+00 1.021018e+00 1.108221e+00 8.600669e-01 -2.435424e-03 0.000000e+00
9.810000e+00 1.099557e+00 1.108221e+00 8.600669e-01 -2.435424e-03 0.000000e+00
9.810000e+00 1.178097e+00 1.108221e+00 8.600669e-01 -2.435424e-03 0.000000e+00
9.810000e+00 1.256637e+00 1.108221e+00 8.600669e-01 -2.435424e-03 0.000000e+00
9.810000e+00 1.335177e+00 1.108221e+00 8.600669e-01 -2.435424e-03 0.000000e+00
9.810000e+00 1.413717e+00 1.108221e+00 8.600669e-01 -2.435424e-03 0.000000e+00
9.810000e+00 1.492257e+00 1.108221e+00 8.600669e-01 -2.435424e-03 0.000000e+00
9.810000e+00 1.570796e+00 1.108221e+00 8.600669e-01 -2.435424e-03 0.000000e+00
1.000000e+01 0.000000e+00 1.103348e+00 8.550893e-01 -6.408700e-03 0.000000e+00
1.000000e+01 7.853982e-02 1.103348e+00 8.550893e-01 -6.408700e-03 0.000000e+00
1.000000e+01 1.570796e-01 1.103348e+00 8.550893e-01 -6.408700e-03 0.000000e+00
1.000000e+01 2.356194e-01 1.103348e+00 8.550893e-01 -6.408700e-03 0.000000e+00
1.000000e+01 3.141593e-01 1.103348e+00 8.550893e-01 -6.408700e-03 0.000000e+00
1.000000e+01 3.926991e-01 1.103348e+00 8.550893e-01 -6.408700e-03 0.000000e+00
1.000000e+01 4.712389e-01 1.103348e+00 8.550893e-01 -6.408700e-03 0.000000e+00
1.000000e+01 5.497787e-01 1.103348e+00 8.550893e-01 -6.408700e-03 0.000000e+00
1.000000e+01 6.283185e-01 1.103348e+00 8.550893e-01 -6.408700e-03 0.000000e+00
1.000000e+01 7.068583e-01 1.103348e+00 8.550893e-01 -6.408700e-03 0.000000e+00
1.000000e+01 7.853982e-01 1.103348e+00 8.550893e-01 -6.408700e-03 0.000000e+00
1.000000e+01 8.639380e-01 1.103348e+00 8.550893e-01 -6.408700e-03 0.000000e+00
1.000000e+01 9.424778e-01 1.103348e+00 8.550893e-01 -6.408700e-03 0.000000e+00
1.000000e+01 1.021018e+00 1.103348e+00 8.550893e-01 -6.408700e-03 0.000000e+00
1.000000e+01 1.099557e+00 1.103348e+00 8.550893e-01 -6.408700e-03 0.000000e+00
1.000000e+01 1.178097e+00 1.103348e+00 8.550893e-01 -6.408700e-03 0.000000e+00
1.000000e+01 1.256637e+00 1.103348e+00 8.550893e-01 -6.408700e-03 0.000000e+00
1.000000e+01 1.335177e+00 1.103348e+00 8.550893e-01 -6.408700e-03 0.000000e+00
1.000000e+01 1.413717e+00 1.103348e+00 8.550893e-01 -6.408700e-03 0.000000e+00
1.000000e+01 1.492257e+00 1.103348e+00 8.550893e-01 -6.408700e-03 0.000000e+00
1.000000e+01 1.570796e+00 1.103348e+00 8.550893e-01 -6.408700e-03 0.000000e+00
