# Michel's model for spherical accretion 
# Model parameters: gamma = 1.33333333333 , a_inf = 0.01
# a_max = 0.57735026919
# Critical values: r_c = 2503.37325922 , v_c = 0.0141326042503
#                  a_c = 0.0141368402222 , rho_c = 7.98922316401
# Accretion rate: alpha = 707583.941237
# Units: length = M, velocity = c, density = rho_inf
# Columns: radius, density, velocity, sound_speed
5.000000e-01 1.426577e+06 1.204810e+04 1.984004e+00 1.043678e-01 -6.053349e-01 -1.210670e-01 2.707140e-01
5.488722e-01 1.240848e+06 1.000344e+04 1.892854e+00 1.020453e-01 -5.955045e-01 -1.282355e-01 2.763418e-01
5.977444e-01 1.092243e+06 8.438868e+03 1.813124e+00 9.996373e-02 -5.863748e-01 -1.349256e-01 2.812774e-01
6.466165e-01 9.711431e+05 7.214992e+03 1.742614e+00 9.808140e-02 -5.778583e-01 -1.411813e-01 2.856270e-01
6.954887e-01 8.709097e+05 6.239585e+03 1.679673e+00 9.636631e-02 -5.698827e-01 -1.470409e-01 2.894755e-01
7.443609e-01 7.868328e+05 5.449644e+03 1.623037e+00 9.479341e-02 -5.623874e-01 -1.525380e-01 2.928915e-01
7.932331e-01 7.154862e+05 4.800944e+03 1.571720e+00 9.334275e-02 -5.553214e-01 -1.577023e-01 2.959315e-01
8.421053e-01 6.543247e+05 4.261698e+03 1.524937e+00 9.199818e-02 -5.486412e-01 -1.625604e-01 2.986425e-01
8.909774e-01 6.014218e+05 3.808587e+03 1.482059e+00 9.074647e-02 -5.423095e-01 -1.671357e-01 3.010635e-01
9.398496e-01 5.552958e+05 3.424187e+03 1.442570e+00 8.957665e-02 -5.362939e-01 -1.714494e-01 3.032281e-01
9.887218e-01 5.147901e+05 3.095269e+03 1.406046e+00 8.847952e-02 -5.305664e-01 -1.755207e-01 3.051645e-01
1.037594e+00 4.789899e+05 2.811642e+03 1.372135e+00 8.744734e-02 -5.251023e-01 -1.793666e-01 3.068971e-01
1.086466e+00 4.471637e+05 2.565352e+03 1.340538e+00 8.647346e-02 -5.198802e-01 -1.830029e-01 3.084470e-01
1.135338e+00 4.187197e+05 2.350117e+03 1.311004e+00 8.555221e-02 -5.148808e-01 -1.864436e-01 3.098326e-01
1.184211e+00 3.931751e+05 2.160925e+03 1.283317e+00 8.467867e-02 -5.100870e-01 -1.897018e-01 3.110698e-01
1.233083e+00 3.701321e+05 1.993734e+03 1.257294e+00 8.384856e-02 -5.054838e-01 -1.927892e-01 3.121727e-01
1.281955e+00 3.492604e+05 1.845259e+03 1.232773e+00 8.305813e-02 -5.010575e-01 -1.957166e-01 3.131537e-01
1.330827e+00 3.302838e+05 1.712805e+03 1.209616e+00 8.230409e-02 -4.967958e-01 -1.984940e-01 3.140239e-01
1.379699e+00 3.129697e+05 1.594146e+03 1.187700e+00 8.158352e-02 -4.926878e-01 -2.011306e-01 3.147929e-01
1.428571e+00 2.971210e+05 1.487429e+03 1.166919e+00 8.089383e-02 -4.887234e-01 -2.036348e-01 3.154696e-01
1.477444e+00 2.825697e+05 1.391102e+03 1.147177e+00 8.023272e-02 -4.848936e-01 -2.060143e-01 3.160617e-01
1.526316e+00 2.691716e+05 1.303858e+03 1.128392e+00 7.959813e-02 -4.811901e-01 -2.082763e-01 3.165762e-01
1.575188e+00 2.568026e+05 1.224590e+03 1.110488e+00 7.898818e-02 -4.776053e-01 -2.104276e-01 3.170194e-01
1.624060e+00 2.453553e+05 1.152353e+03 1.093398e+00 7.840121e-02 -4.741323e-01 -2.124742e-01 3.173971e-01
1.672932e+00 2.347363e+05 1.086339e+03 1.077063e+00 7.783570e-02 -4.707649e-01 -2.144221e-01 3.177143e-01
1.721805e+00 2.248639e+05 1.025852e+03 1.061428e+00 7.729028e-02 -4.674971e-01 -2.162764e-01 3.179758e-01
1.770677e+00 2.156666e+05 9.702914e+02 1.046445e+00 7.676370e-02 -4.643236e-01 -2.180423e-01 3.181858e-01
1.819549e+00 2.070815e+05 9.191365e+02 1.032070e+00 7.625482e-02 -4.612395e-01 -2.197243e-01 3.183481e-01
1.868421e+00 1.990529e+05 8.719329e+02 1.018263e+00 7.576258e-02 -4.582401e-01 -2.213269e-01 3.184664e-01
1.917293e+00 1.915316e+05 8.282834e+02 1.004987e+00 7.528604e-02 -4.553212e-01 -2.228540e-01 3.185438e-01
1.966165e+00 1.844738e+05 7.878396e+02 9.922090e-01 7.482431e-02 -4.524789e-01 -2.243094e-01 3.185833e-01
2.015038e+00 1.778404e+05 7.502950e+02 9.798990e-01 7.437659e-02 -4.497094e-01 -2.256969e-01 3.185875e-01
2.063910e+00 1.715964e+05 7.153786e+02 9.680288e-01 7.394213e-02 -4.470094e-01 -2.270196e-01 3.185591e-01
2.112782e+00 1.657107e+05 6.828504e+02 9.565729e-01 7.352023e-02 -4.443757e-01 -2.282808e-01 3.185003e-01
2.161654e+00 1.601550e+05 6.524974e+02 9.455078e-01 7.311026e-02 -4.418053e-01 -2.294833e-01 3.184131e-01
2.210526e+00 1.549039e+05 6.241297e+02 9.348117e-01 7.271162e-02 -4.392953e-01 -2.306300e-01 3.182997e-01
2.259398e+00 1.499346e+05 5.975775e+02 9.244646e-01 7.232375e-02 -4.368432e-01 -2.317235e-01 3.181617e-01
2.308271e+00 1.452264e+05 5.726892e+02 9.144479e-01 7.194616e-02 -4.344465e-01 -2.327663e-01 3.180008e-01
2.357143e+00 1.407603e+05 5.493283e+02 9.047443e-01 7.157834e-02 -4.321030e-01 -2.337606e-01 3.178186e-01
2.406015e+00 1.365194e+05 5.273723e+02 8.953380e-01 7.121987e-02 -4.298104e-01 -2.347088e-01 3.176165e-01
2.454887e+00 1.324879e+05 5.067106e+02 8.862139e-01 7.087032e-02 -4.275667e-01 -2.356127e-01 3.173959e-01
2.503759e+00 1.286518e+05 4.872433e+02 8.773584e-01 7.052929e-02 -4.253701e-01 -2.364745e-01 3.171580e-01
2.552632e+00 1.249979e+05 4.688801e+02 8.687584e-01 7.019642e-02 -4.232186e-01 -2.372960e-01 3.169039e-01
2.601504e+00 1.215144e+05 4.515389e+02 8.604019e-01 6.987137e-02 -4.211105e-01 -2.380788e-01 3.166347e-01
2.650376e+00 1.181903e+05 4.351451e+02 8.522776e-01 6.955380e-02 -4.190443e-01 -2.388248e-01 3.163513e-01
2.699248e+00 1.150157e+05 4.196310e+02 8.443750e-01 6.924342e-02 -4.170185e-01 -2.395354e-01 3.160549e-01
2.748120e+00 1.119811e+05 4.049345e+02 8.366842e-01 6.893994e-02 -4.150315e-01 -2.402122e-01 3.157461e-01
2.796992e+00 1.090783e+05 3.909992e+02 8.291959e-01 6.864308e-02 -4.130819e-01 -2.408565e-01 3.154259e-01
2.845865e+00 1.062992e+05 3.777734e+02 8.219012e-01 6.835260e-02 -4.111686e-01 -2.414698e-01 3.150949e-01
2.894737e+00 1.036365e+05 3.652096e+02 8.147922e-01 6.806823e-02 -4.092902e-01 -2.420533e-01 3.147540e-01
2.943609e+00 1.010837e+05 3.532643e+02 8.078609e-01 6.778977e-02 -4.074455e-01 -2.426083e-01 3.144036e-01
2.992481e+00 9.863438e+04 3.418975e+02 8.011001e-01 6.751699e-02 -4.056335e-01 -2.431358e-01 3.140446e-01
3.041353e+00 9.628279e+04 3.310725e+02 7.945030e-01 6.724969e-02 -4.038531e-01 -2.436369e-01 3.136774e-01
3.090226e+00 9.402355e+04 3.207553e+02 7.880630e-01 6.698766e-02 -4.021032e-01 -2.441129e-01 3.133027e-01
3.139098e+00 9.185167e+04 3.109145e+02 7.817740e-01 6.673074e-02 -4.003829e-01 -2.445645e-01 3.129208e-01
3.187970e+00 8.976248e+04 3.015213e+02 7.756302e-01 6.647873e-02 -3.986913e-01 -2.449929e-01 3.125324e-01
3.236842e+00 8.775163e+04 2.925489e+02 7.696261e-01 6.623147e-02 -3.970274e-01 -2.453988e-01 3.121379e-01
3.285714e+00 8.581506e+04 2.839725e+02 7.637564e-01 6.598881e-02 -3.953904e-01 -2.457833e-01 3.117376e-01
3.334586e+00 8.394899e+04 2.757691e+02 7.580163e-01 6.575060e-02 -3.937796e-01 -2.461470e-01 3.113321e-01
3.383459e+00 8.214987e+04 2.679173e+02 7.524010e-01 6.551668e-02 -3.921942e-01 -2.464908e-01 3.109216e-01
3.432331e+00 8.041438e+04 2.603973e+02 7.469061e-01 6.528692e-02 -3.906333e-01 -2.468154e-01 3.105066e-01
3.481203e+00 7.873941e+04 2.531907e+02 7.415273e-01 6.506119e-02 -3.890964e-01 -2.471216e-01 3.100873e-01
3.530075e+00 7.712204e+04 2.462803e+02 7.362606e-01 6.483936e-02 -3.875827e-01 -2.474100e-01 3.096641e-01
3.578947e+00 7.555954e+04 2.396499e+02 7.311021e-01 6.462132e-02 -3.860916e-01 -2.476814e-01 3.092373e-01
3.627820e+00 7.404933e+04 2.332848e+02 7.260483e-01 6.440695e-02 -3.846224e-01 -2.479363e-01 3.088071e-01
3.676692e+00 7.258898e+04 2.271708e+02 7.210956e-01 6.419613e-02 -3.831746e-01 -2.481753e-01 3.083739e-01
3.725564e+00 7.117623e+04 2.212950e+02 7.162406e-01 6.398877e-02 -3.817475e-01 -2.483991e-01 3.079379e-01
3.774436e+00 6.980893e+04 2.156451e+02 7.114803e-01 6.378476e-02 -3.803407e-01 -2.486081e-01 3.074993e-01
3.823308e+00 6.848504e+04 2.102096e+02 7.068115e-01 6.358401e-02 -3.789536e-01 -2.488030e-01 3.070583e-01
3.872180e+00 6.720267e+04 2.049779e+02 7.022314e-01 6.338643e-02 -3.775857e-01 -2.489842e-01 3.066152e-01
3.921053e+00 6.596001e+04 1.999398e+02 6.977373e-01 6.319192e-02 -3.762365e-01 -2.491522e-01 3.061701e-01
3.969925e+00 6.475536e+04 1.950859e+02 6.933263e-01 6.300040e-02 -3.749055e-01 -2.493075e-01 3.057233e-01
4.018797e+00 6.358710e+04 1.904073e+02 6.889961e-01 6.281179e-02 -3.735923e-01 -2.494505e-01 3.052749e-01
4.067669e+00 6.245373e+04 1.858957e+02 6.847442e-01 6.262601e-02 -3.722964e-01 -2.495816e-01 3.048251e-01
4.116541e+00 6.135378e+04 1.815432e+02 6.805682e-01 6.244299e-02 -3.710175e-01 -2.497014e-01 3.043740e-01
4.165414e+00 6.028590e+04 1.773424e+02 6.764660e-01 6.226265e-02 -3.697550e-01 -2.498101e-01 3.039219e-01
4.214286e+00 5.924879e+04 1.732863e+02 6.724353e-01 6.208492e-02 -3.685086e-01 -2.499081e-01 3.034688e-01
4.263158e+00 5.824123e+04 1.693684e+02 6.684741e-01 6.190973e-02 -3.672779e-01 -2.499959e-01 3.030148e-01
4.312030e+00 5.726204e+04 1.655823e+02 6.645805e-01 6.173703e-02 -3.660627e-01 -2.500738e-01 3.025602e-01
4.360902e+00 5.631012e+04 1.619224e+02 6.607525e-01 6.156674e-02 -3.648624e-01 -2.501420e-01 3.021050e-01
4.409774e+00 5.538441e+04 1.583829e+02 6.569884e-01 6.139881e-02 -3.636767e-01 -2.502011e-01 3.016493e-01
4.458647e+00 5.448392e+04 1.549587e+02 6.532863e-01 6.123318e-02 -3.625055e-01 -2.502511e-01 3.011933e-01
4.507519e+00 5.360769e+04 1.516448e+02 6.496446e-01 6.106979e-02 -3.613482e-01 -2.502926e-01 3.007370e-01
4.556391e+00 5.275481e+04 1.484366e+02 6.460616e-01 6.090859e-02 -3.602046e-01 -2.503257e-01 3.002806e-01
4.605263e+00 5.192443e+04 1.453295e+02 6.425358e-01 6.074952e-02 -3.590744e-01 -2.503507e-01 2.998242e-01
4.654135e+00 5.111571e+04 1.423194e+02 6.390658e-01 6.059255e-02 -3.579573e-01 -2.503679e-01 2.993677e-01
4.703008e+00 5.032788e+04 1.394022e+02 6.356499e-01 6.043761e-02 -3.568531e-01 -2.503776e-01 2.989114e-01
4.751880e+00 4.956018e+04 1.365742e+02 6.322869e-01 6.028466e-02 -3.557614e-01 -2.503800e-01 2.984553e-01
4.800752e+00 4.881191e+04 1.338318e+02 6.289754e-01 6.013365e-02 -3.546820e-01 -2.503753e-01 2.979994e-01
4.849624e+00 4.808237e+04 1.311715e+02 6.257141e-01 5.998455e-02 -3.536147e-01 -2.503639e-01 2.975438e-01
4.898496e+00 4.737093e+04 1.285901e+02 6.225017e-01 5.983730e-02 -3.525591e-01 -2.503458e-01 2.970887e-01
4.947368e+00 4.667694e+04 1.260844e+02 6.193370e-01 5.969188e-02 -3.515151e-01 -2.503214e-01 2.966341e-01
4.996241e+00 4.599983e+04 1.236516e+02 6.162189e-01 5.954822e-02 -3.504825e-01 -2.502908e-01 2.961799e-01
5.045113e+00 4.533902e+04 1.212889e+02 6.131462e-01 5.940631e-02 -3.494609e-01 -2.502543e-01 2.957263e-01
5.093985e+00 4.469397e+04 1.189936e+02 6.101179e-01 5.926610e-02 -3.484501e-01 -2.502120e-01 2.952734e-01
5.142857e+00 4.406415e+04 1.167630e+02 6.071328e-01 5.912755e-02 -3.474501e-01 -2.501641e-01 2.948212e-01
5.191729e+00 4.344906e+04 1.145949e+02 6.041900e-01 5.899063e-02 -3.464605e-01 -2.501108e-01 2.943697e-01
5.240602e+00 4.284823e+04 1.124869e+02 6.012884e-01 5.885530e-02 -3.454811e-01 -2.500523e-01 2.939189e-01
5.289474e+00 4.226119e+04 1.104368e+02 5.984272e-01 5.872154e-02 -3.445118e-01 -2.499887e-01 2.934690e-01
5.338346e+00 4.168751e+04 1.084425e+02 5.956053e-01 5.858931e-02 -3.435524e-01 -2.499203e-01 2.930200e-01
5.387218e+00 4.112677e+04 1.065020e+02 5.928219e-01 5.845857e-02 -3.426026e-01 -2.498471e-01 2.925718e-01
5.436090e+00 4.057855e+04 1.046133e+02 5.900762e-01 5.832930e-02 -3.416624e-01 -2.497694e-01 2.921246e-01
5.484962e+00 4.004248e+04 1.027747e+02 5.873672e-01 5.820147e-02 -3.407314e-01 -2.496872e-01 2.916784e-01
5.533835e+00 3.951817e+04 1.009843e+02 5.846942e-01 5.807506e-02 -3.398097e-01 -2.496007e-01 2.912331e-01
5.582707e+00 3.900527e+04 9.924057e+01 5.820564e-01 5.795002e-02 -3.388969e-01 -2.495101e-01 2.907889e-01
5.631579e+00 3.850343e+04 9.754180e+01 5.794530e-01 5.782634e-02 -3.379929e-01 -2.494155e-01 2.903458e-01
5.680451e+00 3.801232e+04 9.588648e+01 5.768833e-01 5.770399e-02 -3.370976e-01 -2.493169e-01 2.899037e-01
5.729323e+00 3.753162e+04 9.427314e+01 5.743465e-01 5.758294e-02 -3.362109e-01 -2.492147e-01 2.894627e-01
5.778195e+00 3.706103e+04 9.270038e+01 5.718420e-01 5.746317e-02 -3.353325e-01 -2.491087e-01 2.890229e-01
5.827068e+00 3.660024e+04 9.116683e+01 5.693691e-01 5.734466e-02 -3.344623e-01 -2.489993e-01 2.885843e-01
5.875940e+00 3.614898e+04 8.967121e+01 5.669271e-01 5.722738e-02 -3.336002e-01 -2.488864e-01 2.881468e-01
5.924812e+00 3.570698e+04 8.821227e+01 5.645153e-01 5.711130e-02 -3.327461e-01 -2.487703e-01 2.877105e-01
5.973684e+00 3.527395e+04 8.678882e+01 5.621333e-01 5.699641e-02 -3.318997e-01 -2.486509e-01 2.872754e-01
6.022556e+00 3.484967e+04 8.539971e+01 5.597803e-01 5.688269e-02 -3.310611e-01 -2.485285e-01 2.868416e-01
6.071429e+00 3.443387e+04 8.404386e+01 5.574557e-01 5.677011e-02 -3.302300e-01 -2.484031e-01 2.864090e-01
6.120301e+00 3.402632e+04 8.272019e+01 5.551591e-01 5.665865e-02 -3.294063e-01 -2.482747e-01 2.859777e-01
6.169173e+00 3.362680e+04 8.142771e+01 5.528898e-01 5.654830e-02 -3.285899e-01 -2.481436e-01 2.855477e-01
6.218045e+00 3.323508e+04 8.016544e+01 5.506473e-01 5.643903e-02 -3.277807e-01 -2.480098e-01 2.851190e-01
6.266917e+00 3.285095e+04 7.893243e+01 5.484311e-01 5.633082e-02 -3.269786e-01 -2.478733e-01 2.846915e-01
6.315789e+00 3.247421e+04 7.772780e+01 5.462407e-01 5.622367e-02 -3.261835e-01 -2.477343e-01 2.842654e-01
6.364662e+00 3.210466e+04 7.655067e+01 5.440756e-01 5.611753e-02 -3.253952e-01 -2.475928e-01 2.838406e-01
6.413534e+00 3.174211e+04 7.540022e+01 5.419353e-01 5.601241e-02 -3.246136e-01 -2.474490e-01 2.834172e-01
6.462406e+00 3.138637e+04 7.427564e+01 5.398193e-01 5.590828e-02 -3.238387e-01 -2.473028e-01 2.829951e-01
6.511278e+00 3.103727e+04 7.317616e+01 5.377271e-01 5.580513e-02 -3.230703e-01 -2.471545e-01 2.825743e-01
6.560150e+00 3.069463e+04 7.210103e+01 5.356584e-01 5.570294e-02 -3.223083e-01 -2.470039e-01 2.821550e-01
6.609023e+00 3.035829e+04 7.104955e+01 5.336127e-01 5.560169e-02 -3.215527e-01 -2.468513e-01 2.817369e-01
6.657895e+00 3.002809e+04 7.002102e+01 5.315896e-01 5.550137e-02 -3.208033e-01 -2.466967e-01 2.813203e-01
6.706767e+00 2.970386e+04 6.901479e+01 5.295886e-01 5.540197e-02 -3.200600e-01 -2.465402e-01 2.809050e-01
6.755639e+00 2.938547e+04 6.803019e+01 5.276094e-01 5.530346e-02 -3.193228e-01 -2.463817e-01 2.804912e-01
6.804511e+00 2.907276e+04 6.706663e+01 5.256515e-01 5.520584e-02 -3.185915e-01 -2.462215e-01 2.800787e-01
6.853383e+00 2.876559e+04 6.612350e+01 5.237146e-01 5.510908e-02 -3.178661e-01 -2.460594e-01 2.796676e-01
6.902256e+00 2.846382e+04 6.520024e+01 5.217983e-01 5.501319e-02 -3.171465e-01 -2.458957e-01 2.792579e-01
6.951128e+00 2.816733e+04 6.429627e+01 5.199023e-01 5.491813e-02 -3.164326e-01 -2.457304e-01 2.788496e-01
7.000000e+00 2.787598e+04 6.341108e+01 5.180262e-01 5.482390e-02 -3.157244e-01 -2.455634e-01 2.784427e-01
7.048872e+00 2.758966e+04 6.254414e+01 5.161696e-01 5.473049e-02 -3.150216e-01 -2.453949e-01 2.780372e-01
7.097744e+00 2.730823e+04 6.169495e+01 5.143322e-01 5.463789e-02 -3.143243e-01 -2.452249e-01 2.776332e-01
7.146617e+00 2.703158e+04 6.086303e+01 5.125137e-01 5.454607e-02 -3.136325e-01 -2.450536e-01 2.772305e-01
7.195489e+00 2.675961e+04 6.004791e+01 5.107138e-01 5.445504e-02 -3.129459e-01 -2.448808e-01 2.768292e-01
7.244361e+00 2.649219e+04 5.924915e+01 5.089321e-01 5.436477e-02 -3.122645e-01 -2.447067e-01 2.764294e-01
7.293233e+00 2.622923e+04 5.846631e+01 5.071684e-01 5.427525e-02 -3.115883e-01 -2.445313e-01 2.760309e-01
7.342105e+00 2.597062e+04 5.769897e+01 5.054223e-01 5.418649e-02 -3.109172e-01 -2.443546e-01 2.756339e-01
7.390977e+00 2.571626e+04 5.694671e+01 5.036936e-01 5.409845e-02 -3.102511e-01 -2.441768e-01 2.752383e-01
7.439850e+00 2.546605e+04 5.620915e+01 5.019819e-01 5.401114e-02 -3.095899e-01 -2.439978e-01 2.748441e-01
7.488722e+00 2.521990e+04 5.548591e+01 5.002870e-01 5.392454e-02 -3.089337e-01 -2.438177e-01 2.744513e-01
7.537594e+00 2.497771e+04 5.477661e+01 4.986086e-01 5.383864e-02 -3.082822e-01 -2.436365e-01 2.740599e-01
7.586466e+00 2.473941e+04 5.408091e+01 4.969465e-01 5.375343e-02 -3.076355e-01 -2.434543e-01 2.736699e-01
7.635338e+00 2.450489e+04 5.339844e+01 4.953003e-01 5.366891e-02 -3.069935e-01 -2.432711e-01 2.732813e-01
7.684211e+00 2.427408e+04 5.272889e+01 4.936699e-01 5.358505e-02 -3.063562e-01 -2.430870e-01 2.728941e-01
7.733083e+00 2.404690e+04 5.207192e+01 4.920550e-01 5.350186e-02 -3.057234e-01 -2.429019e-01 2.725083e-01
7.781955e+00 2.382326e+04 5.142722e+01 4.904553e-01 5.341932e-02 -3.050951e-01 -2.427159e-01 2.721239e-01
7.830827e+00 2.360308e+04 5.079449e+01 4.888706e-01 5.333743e-02 -3.044712e-01 -2.425291e-01 2.717409e-01
7.879699e+00 2.338631e+04 5.017343e+01 4.873007e-01 5.325617e-02 -3.038518e-01 -2.423414e-01 2.713593e-01
7.928571e+00 2.317285e+04 4.956375e+01 4.857453e-01 5.317553e-02 -3.032366e-01 -2.421530e-01 2.709791e-01
7.977444e+00 2.296264e+04 4.896519e+01 4.842043e-01 5.309551e-02 -3.026258e-01 -2.419638e-01 2.706002e-01
8.026316e+00 2.275562e+04 4.837746e+01 4.826773e-01 5.301610e-02 -3.020192e-01 -2.417739e-01 2.702228e-01
8.075188e+00 2.255170e+04 4.780031e+01 4.811642e-01 5.293730e-02 -3.014167e-01 -2.415833e-01 2.698467e-01
8.124060e+00 2.235084e+04 4.723349e+01 4.796648e-01 5.285908e-02 -3.008184e-01 -2.413920e-01 2.694720e-01
8.172932e+00 2.215296e+04 4.667675e+01 4.781789e-01 5.278145e-02 -3.002242e-01 -2.412001e-01 2.690987e-01
8.221805e+00 2.195800e+04 4.612985e+01 4.767062e-01 5.270440e-02 -2.996339e-01 -2.410075e-01 2.687267e-01
8.270677e+00 2.176591e+04 4.559256e+01 4.752466e-01 5.262791e-02 -2.990477e-01 -2.408144e-01 2.683561e-01
8.319549e+00 2.157662e+04 4.506466e+01 4.737999e-01 5.255199e-02 -2.984654e-01 -2.406207e-01 2.679868e-01
8.368421e+00 2.139008e+04 4.454593e+01 4.723659e-01 5.247662e-02 -2.978869e-01 -2.404265e-01 2.676189e-01
8.417293e+00 2.120623e+04 4.403616e+01 4.709444e-01 5.240179e-02 -2.973123e-01 -2.402318e-01 2.672524e-01
8.466165e+00 2.102501e+04 4.353513e+01 4.695353e-01 5.232751e-02 -2.967414e-01 -2.400365e-01 2.668872e-01
8.515038e+00 2.084638e+04 4.304267e+01 4.681383e-01 5.225376e-02 -2.961743e-01 -2.398408e-01 2.665234e-01
8.563910e+00 2.067029e+04 4.255856e+01 4.667532e-01 5.218054e-02 -2.956109e-01 -2.396447e-01 2.661608e-01
8.612782e+00 2.049667e+04 4.208261e+01 4.653800e-01 5.210783e-02 -2.950511e-01 -2.394482e-01 2.657996e-01
8.661654e+00 2.032549e+04 4.161466e+01 4.640184e-01 5.203564e-02 -2.944950e-01 -2.392512e-01 2.654398e-01
8.710526e+00 2.015670e+04 4.115452e+01 4.626683e-01 5.196395e-02 -2.939424e-01 -2.390539e-01 2.650812e-01
8.759398e+00 1.999025e+04 4.070201e+01 4.613295e-01 5.189277e-02 -2.933933e-01 -2.388562e-01 2.647240e-01
8.808271e+00 1.982609e+04 4.025696e+01 4.600019e-01 5.182207e-02 -2.928477e-01 -2.386582e-01 2.643681e-01
8.857143e+00 1.966418e+04 3.981922e+01 4.586852e-01 5.175187e-02 -2.923056e-01 -2.384598e-01 2.640135e-01
8.906015e+00 1.950448e+04 3.938863e+01 4.573795e-01 5.168214e-02 -2.917668e-01 -2.382612e-01 2.636602e-01
8.954887e+00 1.934695e+04 3.896502e+01 4.560844e-01 5.161290e-02 -2.912315e-01 -2.380622e-01 2.633082e-01
9.003759e+00 1.919154e+04 3.854826e+01 4.547999e-01 5.154412e-02 -2.906994e-01 -2.378630e-01 2.629575e-01
9.052632e+00 1.903822e+04 3.813818e+01 4.535258e-01 5.147580e-02 -2.901707e-01 -2.376636e-01 2.626081e-01
9.101504e+00 1.888694e+04 3.773465e+01 4.522620e-01 5.140795e-02 -2.896451e-01 -2.374639e-01 2.622599e-01
9.150376e+00 1.873767e+04 3.733754e+01 4.510083e-01 5.134055e-02 -2.891229e-01 -2.372640e-01 2.619130e-01
9.199248e+00 1.859037e+04 3.694669e+01 4.497646e-01 5.127359e-02 -2.886037e-01 -2.370639e-01 2.615674e-01
9.248120e+00 1.844500e+04 3.656199e+01 4.485308e-01 5.120708e-02 -2.880878e-01 -2.368636e-01 2.612231e-01
9.296992e+00 1.830153e+04 3.618331e+01 4.473068e-01 5.114100e-02 -2.875749e-01 -2.366632e-01 2.608800e-01
9.345865e+00 1.815993e+04 3.581051e+01 4.460924e-01 5.107536e-02 -2.870652e-01 -2.364626e-01 2.605382e-01
9.394737e+00 1.802016e+04 3.544348e+01 4.448874e-01 5.101014e-02 -2.865584e-01 -2.362618e-01 2.601976e-01
9.443609e+00 1.788218e+04 3.508210e+01 4.436918e-01 5.094535e-02 -2.860547e-01 -2.360609e-01 2.598583e-01
9.492481e+00 1.774597e+04 3.472626e+01 4.425055e-01 5.088097e-02 -2.855540e-01 -2.358599e-01 2.595202e-01
9.541353e+00 1.761149e+04 3.437583e+01 4.413283e-01 5.081700e-02 -2.850562e-01 -2.356588e-01 2.591834e-01
9.590226e+00 1.747872e+04 3.403071e+01 4.401601e-01 5.075344e-02 -2.845613e-01 -2.354576e-01 2.588477e-01
9.639098e+00 1.734762e+04 3.369080e+01 4.390008e-01 5.069029e-02 -2.840693e-01 -2.352564e-01 2.585133e-01
9.687970e+00 1.721816e+04 3.335599e+01 4.378503e-01 5.062753e-02 -2.835802e-01 -2.350551e-01 2.581801e-01
9.736842e+00 1.709031e+04 3.302618e+01 4.367085e-01 5.056517e-02 -2.830939e-01 -2.348537e-01 2.578481e-01
9.785714e+00 1.696406e+04 3.270126e+01 4.355752e-01 5.050319e-02 -2.826104e-01 -2.346523e-01 2.575173e-01
9.834586e+00 1.683936e+04 3.238115e+01 4.344504e-01 5.044160e-02 -2.821297e-01 -2.344508e-01 2.571877e-01
9.883459e+00 1.671619e+04 3.206574e+01 4.333340e-01 5.038039e-02 -2.816517e-01 -2.342494e-01 2.568593e-01
9.932331e+00 1.659453e+04 3.175495e+01 4.322258e-01 5.031956e-02 -2.811764e-01 -2.340479e-01 2.565321e-01
9.981203e+00 1.647435e+04 3.144869e+01 4.311258e-01 5.025910e-02 -2.807038e-01 -2.338464e-01 2.562061e-01
1.003008e+01 1.635562e+04 3.114686e+01 4.300338e-01 5.019901e-02 -2.802338e-01 -2.336449e-01 2.558812e-01
1.007895e+01 1.623832e+04 3.084939e+01 4.289497e-01 5.013928e-02 -2.797665e-01 -2.334435e-01 2.555576e-01
1.012782e+01 1.612243e+04 3.055618e+01 4.278735e-01 5.007992e-02 -2.793018e-01 -2.332421e-01 2.552350e-01
1.017669e+01 1.600793e+04 3.026716e+01 4.268051e-01 5.002091e-02 -2.788396e-01 -2.330407e-01 2.549137e-01
1.022556e+01 1.589478e+04 2.998225e+01 4.257444e-01 4.996225e-02 -2.783800e-01 -2.328394e-01 2.545935e-01
1.027444e+01 1.578297e+04 2.970137e+01 4.246912e-01 4.990394e-02 -2.779230e-01 -2.326381e-01 2.542744e-01
1.032331e+01 1.567247e+04 2.942445e+01 4.236455e-01 4.984598e-02 -2.774684e-01 -2.324369e-01 2.539565e-01
1.037218e+01 1.556327e+04 2.915140e+01 4.226072e-01 4.978835e-02 -2.770163e-01 -2.322358e-01 2.536397e-01
1.042105e+01 1.545534e+04 2.888216e+01 4.215763e-01 4.973107e-02 -2.765667e-01 -2.320347e-01 2.533241e-01
1.046992e+01 1.534866e+04 2.861666e+01 4.205525e-01 4.967412e-02 -2.761195e-01 -2.318338e-01 2.530095e-01
1.051880e+01 1.524322e+04 2.835483e+01 4.195360e-01 4.961750e-02 -2.756747e-01 -2.316329e-01 2.526961e-01
1.056767e+01 1.513898e+04 2.809660e+01 4.185264e-01 4.956121e-02 -2.752322e-01 -2.314322e-01 2.523838e-01
1.061654e+01 1.503594e+04 2.784191e+01 4.175239e-01 4.950524e-02 -2.747922e-01 -2.312316e-01 2.520726e-01
1.066541e+01 1.493407e+04 2.759068e+01 4.165282e-01 4.944959e-02 -2.743544e-01 -2.310310e-01 2.517626e-01
1.071429e+01 1.483335e+04 2.734286e+01 4.155394e-01 4.939426e-02 -2.739190e-01 -2.308306e-01 2.514536e-01
1.076316e+01 1.473377e+04 2.709839e+01 4.145573e-01 4.933924e-02 -2.734859e-01 -2.306304e-01 2.511457e-01
1.081203e+01 1.463531e+04 2.685721e+01 4.135819e-01 4.928454e-02 -2.730551e-01 -2.304303e-01 2.508389e-01
1.086090e+01 1.453795e+04 2.661925e+01 4.126131e-01 4.923014e-02 -2.726264e-01 -2.302303e-01 2.505332e-01
1.090977e+01 1.444167e+04 2.638446e+01 4.116508e-01 4.917605e-02 -2.722001e-01 -2.300305e-01 2.502285e-01
1.095865e+01 1.434646e+04 2.615279e+01 4.106949e-01 4.912226e-02 -2.717759e-01 -2.298308e-01 2.499249e-01
1.100752e+01 1.425230e+04 2.592417e+01 4.097454e-01 4.906876e-02 -2.713539e-01 -2.296313e-01 2.496224e-01
1.105639e+01 1.415917e+04 2.569856e+01 4.088023e-01 4.901557e-02 -2.709341e-01 -2.294320e-01 2.493210e-01
1.110526e+01 1.406706e+04 2.547590e+01 4.078653e-01 4.896266e-02 -2.705164e-01 -2.292328e-01 2.490206e-01
1.115414e+01 1.397596e+04 2.525614e+01 4.069345e-01 4.891005e-02 -2.701009e-01 -2.290338e-01 2.487212e-01
1.120301e+01 1.388584e+04 2.503924e+01 4.060099e-01 4.885772e-02 -2.696875e-01 -2.288350e-01 2.484229e-01
1.125188e+01 1.379669e+04 2.482513e+01 4.050912e-01 4.880568e-02 -2.692761e-01 -2.286364e-01 2.481256e-01
1.130075e+01 1.370850e+04 2.461378e+01 4.041785e-01 4.875392e-02 -2.688668e-01 -2.284380e-01 2.478294e-01
1.134962e+01 1.362126e+04 2.440513e+01 4.032718e-01 4.870243e-02 -2.684596e-01 -2.282398e-01 2.475342e-01
1.139850e+01 1.353494e+04 2.419915e+01 4.023708e-01 4.865123e-02 -2.680544e-01 -2.280418e-01 2.472400e-01
1.144737e+01 1.344954e+04 2.399578e+01 4.014757e-01 4.860029e-02 -2.676512e-01 -2.278440e-01 2.469468e-01
1.149624e+01 1.336504e+04 2.379498e+01 4.005862e-01 4.854963e-02 -2.672501e-01 -2.276464e-01 2.466547e-01
1.154511e+01 1.328143e+04 2.359670e+01 3.997024e-01 4.849923e-02 -2.668508e-01 -2.274491e-01 2.463635e-01
1.159398e+01 1.319869e+04 2.340091e+01 3.988243e-01 4.844911e-02 -2.664536e-01 -2.272519e-01 2.460733e-01
1.164286e+01 1.311682e+04 2.320757e+01 3.979516e-01 4.839924e-02 -2.660583e-01 -2.270550e-01 2.457842e-01
1.169173e+01 1.303580e+04 2.301663e+01 3.970844e-01 4.834963e-02 -2.656649e-01 -2.268583e-01 2.454960e-01
1.174060e+01 1.295561e+04 2.282805e+01 3.962227e-01 4.830029e-02 -2.652735e-01 -2.266619e-01 2.452088e-01
1.178947e+01 1.287625e+04 2.264180e+01 3.953663e-01 4.825120e-02 -2.648839e-01 -2.264656e-01 2.449226e-01
1.183835e+01 1.279771e+04 2.245783e+01 3.945152e-01 4.820236e-02 -2.644962e-01 -2.262697e-01 2.446374e-01
1.188722e+01 1.271996e+04 2.227611e+01 3.936694e-01 4.815377e-02 -2.641104e-01 -2.260739e-01 2.443532e-01
1.193609e+01 1.264301e+04 2.209661e+01 3.928287e-01 4.810543e-02 -2.637264e-01 -2.258784e-01 2.440699e-01
1.198496e+01 1.256684e+04 2.191928e+01 3.919933e-01 4.805734e-02 -2.633443e-01 -2.256832e-01 2.437876e-01
1.203383e+01 1.249143e+04 2.174409e+01 3.911629e-01 4.800949e-02 -2.629639e-01 -2.254882e-01 2.435062e-01
1.208271e+01 1.241678e+04 2.157101e+01 3.903376e-01 4.796189e-02 -2.625854e-01 -2.252935e-01 2.432258e-01
1.213158e+01 1.234288e+04 2.140000e+01 3.895172e-01 4.791452e-02 -2.622086e-01 -2.250990e-01 2.429463e-01
1.218045e+01 1.226972e+04 2.123103e+01 3.887018e-01 4.786740e-02 -2.618336e-01 -2.249048e-01 2.426678e-01
1.222932e+01 1.219728e+04 2.106407e+01 3.878913e-01 4.782050e-02 -2.614604e-01 -2.247109e-01 2.423902e-01
1.227820e+01 1.212556e+04 2.089909e+01 3.870857e-01 4.777384e-02 -2.610889e-01 -2.245172e-01 2.421135e-01
1.232707e+01 1.205454e+04 2.073605e+01 3.862848e-01 4.772742e-02 -2.607191e-01 -2.243238e-01 2.418378e-01
1.237594e+01 1.198423e+04 2.057492e+01 3.854887e-01 4.768122e-02 -2.603511e-01 -2.241307e-01 2.415630e-01
1.242481e+01 1.191459e+04 2.041568e+01 3.846973e-01 4.763525e-02 -2.599847e-01 -2.239378e-01 2.412891e-01
1.247368e+01 1.184564e+04 2.025829e+01 3.839105e-01 4.758950e-02 -2.596200e-01 -2.237452e-01 2.410161e-01
1.252256e+01 1.177735e+04 2.010273e+01 3.831284e-01 4.754398e-02 -2.592570e-01 -2.235530e-01 2.407440e-01
1.257143e+01 1.170972e+04 1.994897e+01 3.823508e-01 4.749868e-02 -2.588956e-01 -2.233609e-01 2.404728e-01
1.262030e+01 1.164275e+04 1.979698e+01 3.815778e-01 4.745360e-02 -2.585359e-01 -2.231692e-01 2.402025e-01
1.266917e+01 1.157641e+04 1.964673e+01 3.808092e-01 4.740873e-02 -2.581778e-01 -2.229778e-01 2.399332e-01
1.271805e+01 1.151071e+04 1.949820e+01 3.800451e-01 4.736409e-02 -2.578214e-01 -2.227866e-01 2.396647e-01
1.276692e+01 1.144563e+04 1.935135e+01 3.792853e-01 4.731965e-02 -2.574665e-01 -2.225958e-01 2.393971e-01
1.281579e+01 1.138117e+04 1.920618e+01 3.785299e-01 4.727543e-02 -2.571132e-01 -2.224052e-01 2.391303e-01
1.286466e+01 1.131732e+04 1.906264e+01 3.777788e-01 4.723142e-02 -2.567615e-01 -2.222149e-01 2.388645e-01
1.291353e+01 1.125407e+04 1.892072e+01 3.770320e-01 4.718761e-02 -2.564114e-01 -2.220250e-01 2.385995e-01
1.296241e+01 1.119141e+04 1.878039e+01 3.762894e-01 4.714401e-02 -2.560628e-01 -2.218353e-01 2.383354e-01
1.301128e+01 1.112933e+04 1.864162e+01 3.755510e-01 4.710062e-02 -2.557157e-01 -2.216459e-01 2.380721e-01
1.306015e+01 1.106783e+04 1.850440e+01 3.748168e-01 4.705743e-02 -2.553702e-01 -2.214568e-01 2.378097e-01
1.310902e+01 1.100690e+04 1.836870e+01 3.740867e-01 4.701444e-02 -2.550262e-01 -2.212681e-01 2.375482e-01
1.315789e+01 1.094653e+04 1.823450e+01 3.733606e-01 4.697165e-02 -2.546837e-01 -2.210796e-01 2.372875e-01
1.320677e+01 1.088672e+04 1.810177e+01 3.726386e-01 4.692906e-02 -2.543427e-01 -2.208914e-01 2.370277e-01
1.325564e+01 1.082746e+04 1.797050e+01 3.719206e-01 4.688667e-02 -2.540031e-01 -2.207036e-01 2.367687e-01
1.330451e+01 1.076873e+04 1.784066e+01 3.712065e-01 4.684447e-02 -2.536651e-01 -2.205160e-01 2.365105e-01
1.335338e+01 1.071054e+04 1.771224e+01 3.704963e-01 4.680246e-02 -2.533285e-01 -2.203288e-01 2.362532e-01
1.340226e+01 1.065288e+04 1.758521e+01 3.697901e-01 4.676065e-02 -2.529933e-01 -2.201419e-01 2.359967e-01
1.345113e+01 1.059573e+04 1.745954e+01 3.690877e-01 4.671902e-02 -2.526596e-01 -2.199552e-01 2.357410e-01
1.350000e+01 1.053910e+04 1.733524e+01 3.683891e-01 4.667759e-02 -2.523273e-01 -2.197689e-01 2.354861e-01
1.354887e+01 1.048298e+04 1.721226e+01 3.676943e-01 4.663634e-02 -2.519964e-01 -2.195830e-01 2.352321e-01
1.359774e+01 1.042736e+04 1.709060e+01 3.670033e-01 4.659528e-02 -2.516669e-01 -2.193973e-01 2.349788e-01
1.364662e+01 1.037223e+04 1.697023e+01 3.663159e-01 4.655440e-02 -2.513389e-01 -2.192119e-01 2.347264e-01
1.369549e+01 1.031759e+04 1.685114e+01 3.656323e-01 4.651370e-02 -2.510121e-01 -2.190269e-01 2.344748e-01
1.374436e+01 1.026344e+04 1.673331e+01 3.649523e-01 4.647318e-02 -2.506868e-01 -2.188422e-01 2.342239e-01
1.379323e+01 1.020976e+04 1.661672e+01 3.642759e-01 4.643285e-02 -2.503628e-01 -2.186578e-01 2.339739e-01
1.384211e+01 1.015655e+04 1.650136e+01 3.636031e-01 4.639269e-02 -2.500402e-01 -2.184737e-01 2.337246e-01
1.389098e+01 1.010380e+04 1.638720e+01 3.629339e-01 4.635271e-02 -2.497189e-01 -2.182899e-01 2.334762e-01
1.393985e+01 1.005152e+04 1.627423e+01 3.622682e-01 4.631290e-02 -2.493990e-01 -2.181065e-01 2.332285e-01
1.398872e+01 9.999685e+03 1.616243e+01 3.616060e-01 4.627327e-02 -2.490804e-01 -2.179234e-01 2.329816e-01
1.403759e+01 9.948301e+03 1.605179e+01 3.609472e-01 4.623381e-02 -2.487631e-01 -2.177406e-01 2.327355e-01
1.408647e+01 9.897360e+03 1.594229e+01 3.602919e-01 4.619452e-02 -2.484470e-01 -2.175581e-01 2.324901e-01
1.413534e+01 9.846856e+03 1.583392e+01 3.596400e-01 4.615540e-02 -2.481323e-01 -2.173759e-01 2.322456e-01
1.418421e+01 9.796785e+03 1.572665e+01 3.589914e-01 4.611645e-02 -2.478189e-01 -2.171941e-01 2.320017e-01
1.423308e+01 9.747140e+03 1.562049e+01 3.583462e-01 4.607767e-02 -2.475067e-01 -2.170126e-01 2.317587e-01
1.428195e+01 9.697917e+03 1.551540e+01 3.577043e-01 4.603905e-02 -2.471958e-01 -2.168314e-01 2.315164e-01
1.433083e+01 9.649111e+03 1.541137e+01 3.570657e-01 4.600060e-02 -2.468862e-01 -2.166506e-01 2.312748e-01
1.437970e+01 9.600717e+03 1.530840e+01 3.564304e-01 4.596231e-02 -2.465778e-01 -2.164701e-01 2.310340e-01
1.442857e+01 9.552729e+03 1.520646e+01 3.557983e-01 4.592418e-02 -2.462707e-01 -2.162899e-01 2.307940e-01
1.447744e+01 9.505144e+03 1.510555e+01 3.551694e-01 4.588622e-02 -2.459647e-01 -2.161100e-01 2.305546e-01
1.452632e+01 9.457957e+03 1.500564e+01 3.545436e-01 4.584841e-02 -2.456600e-01 -2.159305e-01 2.303161e-01
1.457519e+01 9.411162e+03 1.490674e+01 3.539211e-01 4.581077e-02 -2.453565e-01 -2.157513e-01 2.300782e-01
1.462406e+01 9.364755e+03 1.480881e+01 3.533016e-01 4.577328e-02 -2.450543e-01 -2.155724e-01 2.298411e-01
1.467293e+01 9.318732e+03 1.471185e+01 3.526852e-01 4.573595e-02 -2.447532e-01 -2.153938e-01 2.296047e-01
1.472180e+01 9.273089e+03 1.461585e+01 3.520720e-01 4.569877e-02 -2.444533e-01 -2.152156e-01 2.293690e-01
1.477068e+01 9.227820e+03 1.452080e+01 3.514617e-01 4.566174e-02 -2.441545e-01 -2.150377e-01 2.291341e-01
1.481955e+01 9.182923e+03 1.442667e+01 3.508545e-01 4.562487e-02 -2.438570e-01 -2.148601e-01 2.288998e-01
1.486842e+01 9.138391e+03 1.433347e+01 3.502503e-01 4.558815e-02 -2.435606e-01 -2.146829e-01 2.286663e-01
1.491729e+01 9.094222e+03 1.424117e+01 3.496491e-01 4.555158e-02 -2.432653e-01 -2.145060e-01 2.284335e-01
1.496617e+01 9.050411e+03 1.414977e+01 3.490508e-01 4.551516e-02 -2.429712e-01 -2.143294e-01 2.282014e-01
1.501504e+01 9.006953e+03 1.405925e+01 3.484554e-01 4.547889e-02 -2.426783e-01 -2.141531e-01 2.279700e-01
1.506391e+01 8.963846e+03 1.396960e+01 3.478629e-01 4.544277e-02 -2.423865e-01 -2.139772e-01 2.277393e-01
1.511278e+01 8.921085e+03 1.388082e+01 3.472733e-01 4.540679e-02 -2.420958e-01 -2.138016e-01 2.275093e-01
1.516165e+01 8.878666e+03 1.379289e+01 3.466866e-01 4.537096e-02 -2.418062e-01 -2.136264e-01 2.272799e-01
1.521053e+01 8.836586e+03 1.370580e+01 3.461027e-01 4.533527e-02 -2.415177e-01 -2.134514e-01 2.270513e-01
1.525940e+01 8.794840e+03 1.361953e+01 3.455216e-01 4.529972e-02 -2.412303e-01 -2.132768e-01 2.268234e-01
1.530827e+01 8.753425e+03 1.353409e+01 3.449433e-01 4.526432e-02 -2.409440e-01 -2.131025e-01 2.265961e-01
1.535714e+01 8.712337e+03 1.344945e+01 3.443677e-01 4.522906e-02 -2.406588e-01 -2.129286e-01 2.263695e-01
1.540602e+01 8.671573e+03 1.336561e+01 3.437949e-01 4.519393e-02 -2.403747e-01 -2.127550e-01 2.261436e-01
1.545489e+01 8.631128e+03 1.328256e+01 3.432248e-01 4.515895e-02 -2.400917e-01 -2.125817e-01 2.259183e-01
1.550376e+01 8.591000e+03 1.320028e+01 3.426575e-01 4.512410e-02 -2.398097e-01 -2.124087e-01 2.256937e-01
1.555263e+01 8.551186e+03 1.311878e+01 3.420927e-01 4.508939e-02 -2.395287e-01 -2.122361e-01 2.254698e-01
1.560150e+01 8.511680e+03 1.303803e+01 3.415307e-01 4.505482e-02 -2.392489e-01 -2.120638e-01 2.252466e-01
1.565038e+01 8.472481e+03 1.295803e+01 3.409713e-01 4.502038e-02 -2.389700e-01 -2.118918e-01 2.250240e-01
1.569925e+01 8.433585e+03 1.287878e+01 3.404145e-01 4.498608e-02 -2.386922e-01 -2.117202e-01 2.248020e-01
1.574812e+01 8.394989e+03 1.280025e+01 3.398603e-01 4.495191e-02 -2.384154e-01 -2.115489e-01 2.245808e-01
1.579699e+01 8.356689e+03 1.272244e+01 3.393086e-01 4.491787e-02 -2.381397e-01 -2.113779e-01 2.243601e-01
1.584586e+01 8.318682e+03 1.264535e+01 3.387596e-01 4.488397e-02 -2.378649e-01 -2.112072e-01 2.241401e-01
1.589474e+01 8.280965e+03 1.256897e+01 3.382130e-01 4.485019e-02 -2.375912e-01 -2.110369e-01 2.239208e-01
1.594361e+01 8.243536e+03 1.249327e+01 3.376690e-01 4.481654e-02 -2.373185e-01 -2.108669e-01 2.237021e-01
1.599248e+01 8.206390e+03 1.241827e+01 3.371275e-01 4.478302e-02 -2.370468e-01 -2.106972e-01 2.234840e-01
1.604135e+01 8.169525e+03 1.234395e+01 3.365884e-01 4.474963e-02 -2.367760e-01 -2.105279e-01 2.232666e-01
1.609023e+01 8.132938e+03 1.227029e+01 3.360518e-01 4.471637e-02 -2.365063e-01 -2.103589e-01 2.230498e-01
1.613910e+01 8.096626e+03 1.219730e+01 3.355177e-01 4.468323e-02 -2.362375e-01 -2.101902e-01 2.228336e-01
1.618797e+01 8.060586e+03 1.212496e+01 3.349859e-01 4.465022e-02 -2.359697e-01 -2.100218e-01 2.226180e-01
1.623684e+01 8.024816e+03 1.205327e+01 3.344566e-01 4.461733e-02 -2.357028e-01 -2.098538e-01 2.224031e-01
1.628571e+01 7.989312e+03 1.198222e+01 3.339296e-01 4.458457e-02 -2.354370e-01 -2.096860e-01 2.221888e-01
1.633459e+01 7.954071e+03 1.191180e+01 3.334051e-01 4.455193e-02 -2.351720e-01 -2.095187e-01 2.219751e-01
1.638346e+01 7.919092e+03 1.184201e+01 3.328828e-01 4.451941e-02 -2.349081e-01 -2.093516e-01 2.217620e-01
1.643233e+01 7.884371e+03 1.177283e+01 3.323629e-01 4.448701e-02 -2.346450e-01 -2.091849e-01 2.215495e-01
1.648120e+01 7.849905e+03 1.170426e+01 3.318454e-01 4.445473e-02 -2.343829e-01 -2.090184e-01 2.213376e-01
1.653008e+01 7.815692e+03 1.163630e+01 3.313301e-01 4.442257e-02 -2.341217e-01 -2.088523e-01 2.211264e-01
1.657895e+01 7.781729e+03 1.156893e+01 3.308171e-01 4.439053e-02 -2.338615e-01 -2.086866e-01 2.209157e-01
1.662782e+01 7.748015e+03 1.150214e+01 3.303064e-01 4.435861e-02 -2.336021e-01 -2.085211e-01 2.207056e-01
1.667669e+01 7.714545e+03 1.143594e+01 3.297979e-01 4.432680e-02 -2.333437e-01 -2.083560e-01 2.204962e-01
1.672556e+01 7.681318e+03 1.137032e+01 3.292916e-01 4.429512e-02 -2.330862e-01 -2.081912e-01 2.202873e-01
1.677444e+01 7.648332e+03 1.130526e+01 3.287876e-01 4.426354e-02 -2.328295e-01 -2.080267e-01 2.200790e-01
1.682331e+01 7.615583e+03 1.124076e+01 3.282857e-01 4.423208e-02 -2.325738e-01 -2.078626e-01 2.198713e-01
1.687218e+01 7.583070e+03 1.117682e+01 3.277861e-01 4.420074e-02 -2.323190e-01 -2.076987e-01 2.196642e-01
1.692105e+01 7.550790e+03 1.111343e+01 3.272886e-01 4.416951e-02 -2.320650e-01 -2.075352e-01 2.194576e-01
1.696992e+01 7.518740e+03 1.105058e+01 3.267932e-01 4.413839e-02 -2.318119e-01 -2.073720e-01 2.192517e-01
1.701880e+01 7.486919e+03 1.098826e+01 3.263000e-01 4.410738e-02 -2.315597e-01 -2.072091e-01 2.190463e-01
1.706767e+01 7.455325e+03 1.092648e+01 3.258089e-01 4.407649e-02 -2.313084e-01 -2.070466e-01 2.188415e-01
1.711654e+01 7.423954e+03 1.086522e+01 3.253199e-01 4.404570e-02 -2.310579e-01 -2.068843e-01 2.186373e-01
1.716541e+01 7.392804e+03 1.080448e+01 3.248331e-01 4.401503e-02 -2.308083e-01 -2.067224e-01 2.184336e-01
1.721429e+01 7.361874e+03 1.074425e+01 3.243482e-01 4.398446e-02 -2.305595e-01 -2.065608e-01 2.182305e-01
1.726316e+01 7.331162e+03 1.068453e+01 3.238655e-01 4.395400e-02 -2.303116e-01 -2.063995e-01 2.180280e-01
1.731203e+01 7.300664e+03 1.062531e+01 3.233848e-01 4.392365e-02 -2.300645e-01 -2.062385e-01 2.178260e-01
1.736090e+01 7.270380e+03 1.056658e+01 3.229061e-01 4.389341e-02 -2.298183e-01 -2.060779e-01 2.176246e-01
1.740977e+01 7.240307e+03 1.050834e+01 3.224295e-01 4.386327e-02 -2.295729e-01 -2.059175e-01 2.174237e-01
1.745865e+01 7.210442e+03 1.045059e+01 3.219548e-01 4.383324e-02 -2.293283e-01 -2.057575e-01 2.172234e-01
1.750752e+01 7.180785e+03 1.039332e+01 3.214821e-01 4.380331e-02 -2.290846e-01 -2.055978e-01 2.170237e-01
1.755639e+01 7.151332e+03 1.033652e+01 3.210115e-01 4.377349e-02 -2.288416e-01 -2.054384e-01 2.168245e-01
1.760526e+01 7.122082e+03 1.028018e+01 3.205427e-01 4.374377e-02 -2.285995e-01 -2.052793e-01 2.166258e-01
1.765414e+01 7.093034e+03 1.022432e+01 3.200760e-01 4.371415e-02 -2.283582e-01 -2.051205e-01 2.164277e-01
1.770301e+01 7.064184e+03 1.016891e+01 3.196111e-01 4.368464e-02 -2.281177e-01 -2.049620e-01 2.162301e-01
1.775188e+01 7.035531e+03 1.011395e+01 3.191482e-01 4.365523e-02 -2.278779e-01 -2.048039e-01 2.160331e-01
1.780075e+01 7.007074e+03 1.005944e+01 3.186872e-01 4.362591e-02 -2.276390e-01 -2.046460e-01 2.158366e-01
1.784962e+01 6.978810e+03 1.000537e+01 3.182281e-01 4.359670e-02 -2.274009e-01 -2.044885e-01 2.156406e-01
1.789850e+01 6.950737e+03 9.951748e+00 3.177708e-01 4.356759e-02 -2.271635e-01 -2.043313e-01 2.154452e-01
1.794737e+01 6.922854e+03 9.898555e+00 3.173155e-01 4.353858e-02 -2.269269e-01 -2.041744e-01 2.152502e-01
1.799624e+01 6.895159e+03 9.845791e+00 3.168620e-01 4.350967e-02 -2.266911e-01 -2.040178e-01 2.150559e-01
1.804511e+01 6.867650e+03 9.793452e+00 3.164103e-01 4.348085e-02 -2.264561e-01 -2.038615e-01 2.148620e-01
1.809398e+01 6.840326e+03 9.741532e+00 3.159605e-01 4.345214e-02 -2.262219e-01 -2.037055e-01 2.146687e-01
1.814286e+01 6.813184e+03 9.690028e+00 3.155125e-01 4.342352e-02 -2.259884e-01 -2.035498e-01 2.144758e-01
1.819173e+01 6.786223e+03 9.638935e+00 3.150662e-01 4.339499e-02 -2.257556e-01 -2.033944e-01 2.142835e-01
1.824060e+01 6.759441e+03 9.588249e+00 3.146218e-01 4.336656e-02 -2.255236e-01 -2.032393e-01 2.140917e-01
1.828947e+01 6.732837e+03 9.537965e+00 3.141792e-01 4.333823e-02 -2.252924e-01 -2.030846e-01 2.139005e-01
1.833835e+01 6.706409e+03 9.488079e+00 3.137384e-01 4.330999e-02 -2.250619e-01 -2.029301e-01 2.137097e-01
1.838722e+01 6.680155e+03 9.438586e+00 3.132993e-01 4.328185e-02 -2.248321e-01 -2.027760e-01 2.135194e-01
1.843609e+01 6.654074e+03 9.389484e+00 3.128619e-01 4.325379e-02 -2.246031e-01 -2.026221e-01 2.133297e-01
1.848496e+01 6.628164e+03 9.340767e+00 3.124263e-01 4.322584e-02 -2.243748e-01 -2.024685e-01 2.131404e-01
1.853383e+01 6.602423e+03 9.292432e+00 3.119924e-01 4.319797e-02 -2.241473e-01 -2.023153e-01 2.129517e-01
1.858271e+01 6.576851e+03 9.244474e+00 3.115602e-01 4.317019e-02 -2.239204e-01 -2.021623e-01 2.127634e-01
1.863158e+01 6.551444e+03 9.196890e+00 3.111298e-01 4.314251e-02 -2.236943e-01 -2.020097e-01 2.125757e-01
1.868045e+01 6.526203e+03 9.149676e+00 3.107010e-01 4.311492e-02 -2.234689e-01 -2.018573e-01 2.123884e-01
1.872932e+01 6.501125e+03 9.102827e+00 3.102739e-01 4.308742e-02 -2.232443e-01 -2.017053e-01 2.122017e-01
1.877820e+01 6.476210e+03 9.056341e+00 3.098485e-01 4.306000e-02 -2.230203e-01 -2.015535e-01 2.120154e-01
1.882707e+01 6.451454e+03 9.010213e+00 3.094247e-01 4.303268e-02 -2.227970e-01 -2.014021e-01 2.118296e-01
1.887594e+01 6.426858e+03 8.964440e+00 3.090026e-01 4.300544e-02 -2.225744e-01 -2.012509e-01 2.116443e-01
1.892481e+01 6.402419e+03 8.919018e+00 3.085821e-01 4.297830e-02 -2.223526e-01 -2.011000e-01 2.114595e-01
1.897368e+01 6.378137e+03 8.873943e+00 3.081632e-01 4.295124e-02 -2.221314e-01 -2.009495e-01 2.112751e-01
1.902256e+01 6.354009e+03 8.829213e+00 3.077460e-01 4.292426e-02 -2.219109e-01 -2.007992e-01 2.110913e-01
1.907143e+01 6.330034e+03 8.784823e+00 3.073303e-01 4.289738e-02 -2.216911e-01 -2.006492e-01 2.109079e-01
1.912030e+01 6.306212e+03 8.740770e+00 3.069163e-01 4.287058e-02 -2.214719e-01 -2.004995e-01 2.107250e-01
1.916917e+01 6.282540e+03 8.697050e+00 3.065038e-01 4.284386e-02 -2.212535e-01 -2.003501e-01 2.105426e-01
1.921805e+01 6.259018e+03 8.653660e+00 3.060930e-01 4.281723e-02 -2.210357e-01 -2.002010e-01 2.103606e-01
1.926692e+01 6.235644e+03 8.610598e+00 3.056836e-01 4.279069e-02 -2.208186e-01 -2.000522e-01 2.101791e-01
1.931579e+01 6.212416e+03 8.567859e+00 3.052759e-01 4.276423e-02 -2.206022e-01 -1.999037e-01 2.099981e-01
1.936466e+01 6.189334e+03 8.525440e+00 3.048697e-01 4.273785e-02 -2.203864e-01 -1.997555e-01 2.098175e-01
1.941353e+01 6.166396e+03 8.483339e+00 3.044650e-01 4.271156e-02 -2.201713e-01 -1.996075e-01 2.096374e-01
1.946241e+01 6.143601e+03 8.441551e+00 3.040618e-01 4.268534e-02 -2.199568e-01 -1.994599e-01 2.094578e-01
1.951128e+01 6.120948e+03 8.400075e+00 3.036602e-01 4.265921e-02 -2.197430e-01 -1.993125e-01 2.092786e-01
1.956015e+01 6.098435e+03 8.358906e+00 3.032600e-01 4.263317e-02 -2.195299e-01 -1.991654e-01 2.090999e-01
1.960902e+01 6.076061e+03 8.318042e+00 3.028614e-01 4.260720e-02 -2.193173e-01 -1.990187e-01 2.089216e-01
1.965789e+01 6.053825e+03 8.277479e+00 3.024643e-01 4.258132e-02 -2.191055e-01 -1.988722e-01 2.087438e-01
1.970677e+01 6.031726e+03 8.237215e+00 3.020686e-01 4.255551e-02 -2.188942e-01 -1.987259e-01 2.085665e-01
1.975564e+01 6.009763e+03 8.197247e+00 3.016744e-01 4.252979e-02 -2.186836e-01 -1.985800e-01 2.083895e-01
1.980451e+01 5.987934e+03 8.157572e+00 3.012817e-01 4.250414e-02 -2.184737e-01 -1.984344e-01 2.082131e-01
1.985338e+01 5.966239e+03 8.118187e+00 3.008904e-01 4.247857e-02 -2.182643e-01 -1.982890e-01 2.080371e-01
1.990226e+01 5.944675e+03 8.079089e+00 3.005005e-01 4.245308e-02 -2.180556e-01 -1.981439e-01 2.078615e-01
1.995113e+01 5.923243e+03 8.040276e+00 3.001121e-01 4.242768e-02 -2.178475e-01 -1.979991e-01 2.076864e-01
2.000000e+01 5.901940e+03 8.001744e+00 2.997251e-01 4.240234e-02 -2.176401e-01 -1.978546e-01 2.075117e-01
