###############PARAM###############
0.000000e+00 
801 
###################################
1.000000e-01 1.102489e+00 7.717380e-01 -4.535191e-03
1.123750e-01 1.102489e+00 7.717380e-01 -4.535191e-03
1.247500e-01 1.102489e+00 7.717380e-01 -4.535191e-03
1.371250e-01 1.102489e+00 7.717380e-01 -4.535191e-03
1.495000e-01 1.102489e+00 7.717380e-01 -4.535191e-03
1.618750e-01 1.102489e+00 7.717380e-01 -4.535191e-03
1.742500e-01 1.102489e+00 7.717380e-01 -4.535191e-03
1.866250e-01 1.102489e+00 7.717380e-01 -4.535191e-03
1.990000e-01 1.102489e+00 7.717380e-01 -4.535191e-03
2.113750e-01 1.102489e+00 7.717380e-01 -4.535191e-03
2.237500e-01 1.102489e+00 7.717380e-01 -4.535191e-03
2.361250e-01 1.102489e+00 7.717380e-01 -4.535191e-03
2.485000e-01 1.102489e+00 7.717380e-01 -4.535191e-03
2.608750e-01 1.102489e+00 7.717380e-01 -4.535191e-03
2.732500e-01 1.102489e+00 7.717380e-01 -4.535191e-03
2.856250e-01 1.102489e+00 7.717380e-01 -4.535191e-03
2.980000e-01 1.102489e+00 7.717380e-01 -4.535191e-03
3.103750e-01 1.102489e+00 7.717380e-01 -4.535191e-03
3.227500e-01 1.102489e+00 7.717380e-01 -4.535191e-03
3.351250e-01 1.102489e+00 7.717380e-01 -4.535191e-03
3.475000e-01 1.102489e+00 7.717380e-01 -4.535191e-03
3.598750e-01 1.102489e+00 7.717380e-01 -4.535191e-03
3.722500e-01 1.102489e+00 7.717380e-01 -4.535191e-03
3.846250e-01 1.102489e+00 7.717380e-01 -4.535191e-03
3.970000e-01 1.102489e+00 7.717380e-01 -4.535191e-03
4.093750e-01 1.102489e+00 7.717380e-01 -4.535191e-03
4.217500e-01 1.102489e+00 7.717380e-01 -4.535191e-03
4.341250e-01 1.102489e+00 7.717380e-01 -4.535191e-03
4.465000e-01 1.102489e+00 7.717380e-01 -4.535191e-03
4.588750e-01 1.102489e+00 7.717380e-01 -4.535191e-03
4.712500e-01 1.102489e+00 7.717380e-01 -4.535191e-03
4.836250e-01 1.102489e+00 7.717380e-01 -4.535191e-03
4.960000e-01 1.102489e+00 7.717380e-01 -4.535191e-03
5.083750e-01 1.102489e+00 7.717380e-01 -4.535191e-03
5.207500e-01 1.102489e+00 7.717380e-01 -4.535191e-03
5.331250e-01 1.102489e+00 7.717380e-01 -4.535191e-03
5.455000e-01 1.102489e+00 7.717380e-01 -4.535191e-03
5.578750e-01 1.102489e+00 7.717380e-01 -4.535191e-03
5.702500e-01 1.102489e+00 7.717380e-01 -4.535191e-03
5.826250e-01 1.102489e+00 7.717380e-01 -4.535191e-03
5.950000e-01 1.102489e+00 7.717380e-01 -4.535191e-03
6.073750e-01 1.102489e+00 7.717380e-01 -4.535191e-03
6.197500e-01 1.102489e+00 7.717380e-01 -4.535191e-03
6.321250e-01 1.102489e+00 7.717380e-01 -4.535191e-03
6.445000e-01 1.102489e+00 7.717380e-01 -4.535191e-03
6.568750e-01 1.102489e+00 7.717380e-01 -4.535191e-03
6.692500e-01 1.102489e+00 7.717380e-01 -4.535191e-03
6.816250e-01 1.102489e+00 7.717380e-01 -4.535191e-03
6.940000e-01 1.102489e+00 7.717380e-01 -4.535191e-03
7.063750e-01 1.102489e+00 7.717380e-01 -4.535191e-03
7.187500e-01 1.102489e+00 7.717380e-01 -4.535191e-03
7.311250e-01 1.102489e+00 7.717380e-01 -4.535191e-03
7.435000e-01 1.102489e+00 7.717380e-01 -4.535191e-03
7.558750e-01 1.102489e+00 7.717380e-01 -4.535191e-03
7.682500e-01 1.102489e+00 7.717380e-01 -4.535191e-03
7.806250e-01 1.102489e+00 7.717380e-01 -4.535191e-03
7.930000e-01 1.102489e+00 7.717380e-01 -4.535191e-03
8.053750e-01 1.102489e+00 7.717380e-01 -4.535191e-03
8.177500e-01 1.102489e+00 7.717380e-01 -4.535191e-03
8.301250e-01 1.102489e+00 7.717380e-01 -4.535191e-03
8.425000e-01 1.102489e+00 7.717380e-01 -4.535191e-03
8.548750e-01 1.102489e+00 7.717380e-01 -4.535191e-03
8.672500e-01 1.102489e+00 7.717380e-01 -4.535191e-03
8.796250e-01 1.102489e+00 7.717380e-01 -4.535191e-03
8.920000e-01 1.102489e+00 7.717380e-01 -4.535191e-03
9.043750e-01 1.102489e+00 7.717380e-01 -4.535191e-03
9.167500e-01 1.102489e+00 7.717380e-01 -4.535191e-03
9.291250e-01 1.102489e+00 7.717380e-01 -4.535191e-03
9.415000e-01 1.102489e+00 7.717380e-01 -4.535191e-03
9.538750e-01 1.102489e+00 7.717380e-01 -4.535191e-03
9.662500e-01 1.102489e+00 7.717380e-01 -4.535191e-03
9.786250e-01 1.102489e+00 7.717380e-01 -4.535191e-03
9.910000e-01 1.102489e+00 7.717380e-01 -4.535191e-03
1.003375e+00 1.102489e+00 7.717380e-01 -4.535191e-03
1.015750e+00 1.102489e+00 7.717380e-01 -4.535191e-03
1.028125e+00 1.102489e+00 7.717380e-01 -4.535191e-03
1.040500e+00 1.102489e+00 7.717380e-01 -4.535191e-03
1.052875e+00 1.102489e+00 7.717380e-01 -4.535191e-03
1.065250e+00 1.102489e+00 7.717380e-01 -4.535191e-03
1.077625e+00 1.102489e+00 7.717380e-01 -4.535191e-03
1.090000e+00 1.102489e+00 7.717380e-01 -4.535191e-03
1.102375e+00 1.102489e+00 7.717380e-01 -4.535191e-03
1.114750e+00 1.102489e+00 7.717380e-01 -4.535191e-03
1.127125e+00 1.102489e+00 7.717380e-01 -4.535191e-03
1.139500e+00 1.102489e+00 7.717380e-01 -4.535191e-03
1.151875e+00 1.102489e+00 7.717380e-01 -4.535191e-03
1.164250e+00 1.102489e+00 7.717380e-01 -4.535191e-03
1.176625e+00 1.102489e+00 7.717380e-01 -4.535191e-03
1.189000e+00 1.102489e+00 7.717380e-01 -4.535191e-03
1.201375e+00 1.102489e+00 7.717380e-01 -4.535191e-03
1.213750e+00 1.102489e+00 7.717380e-01 -4.535191e-03
1.226125e+00 1.102489e+00 7.717380e-01 -4.535191e-03
1.238500e+00 1.102489e+00 7.717380e-01 -4.535191e-03
1.250875e+00 1.102489e+00 7.717380e-01 -4.535191e-03
1.263250e+00 1.102489e+00 7.717380e-01 -4.535191e-03
1.275625e+00 1.102489e+00 7.717380e-01 -4.535191e-03
1.288000e+00 1.102489e+00 7.717380e-01 -4.535191e-03
1.300375e+00 1.102489e+00 7.717380e-01 -4.535191e-03
1.312750e+00 1.102489e+00 7.717380e-01 -4.535191e-03
1.325125e+00 1.102489e+00 7.717380e-01 -4.535191e-03
1.337500e+00 1.102489e+00 7.717380e-01 -4.535191e-03
1.349875e+00 1.102489e+00 7.717380e-01 -4.535191e-03
1.362250e+00 1.102489e+00 7.717380e-01 -4.535191e-03
1.374625e+00 1.102489e+00 7.717380e-01 -4.535191e-03
1.387000e+00 1.102489e+00 7.717380e-01 -4.535191e-03
1.399375e+00 1.102489e+00 7.717380e-01 -4.535191e-03
1.411750e+00 1.102489e+00 7.717380e-01 -4.535191e-03
1.424125e+00 1.102489e+00 7.717380e-01 -4.535191e-03
1.436500e+00 1.102489e+00 7.717380e-01 -4.535191e-03
1.448875e+00 1.102489e+00 7.717380e-01 -4.535191e-03
1.461250e+00 1.102489e+00 7.717380e-01 -4.535191e-03
1.473625e+00 1.102489e+00 7.717380e-01 -4.535191e-03
1.486000e+00 1.102489e+00 7.717380e-01 -4.535191e-03
1.498375e+00 1.102489e+00 7.717380e-01 -4.535191e-03
1.510750e+00 1.102489e+00 7.717380e-01 -4.535191e-03
1.523125e+00 1.102489e+00 7.717380e-01 -4.535191e-03
1.535500e+00 1.102489e+00 7.717380e-01 -4.535191e-03
1.547875e+00 1.102489e+00 7.717380e-01 -4.535191e-03
1.560250e+00 1.102489e+00 7.717380e-01 -4.535191e-03
1.572625e+00 1.102489e+00 7.717380e-01 -4.535191e-03
1.585000e+00 1.102489e+00 7.717380e-01 -4.535191e-03
1.597375e+00 1.102489e+00 7.717380e-01 -4.535191e-03
1.609750e+00 1.102489e+00 7.717380e-01 -4.535191e-03
1.622125e+00 1.102489e+00 7.717380e-01 -4.535191e-03
1.634500e+00 1.102489e+00 7.717380e-01 -4.535191e-03
1.646875e+00 1.102489e+00 7.717380e-01 -4.535191e-03
1.659250e+00 1.102489e+00 7.717380e-01 -4.535191e-03
1.671625e+00 1.102489e+00 7.717380e-01 -4.535191e-03
1.684000e+00 1.102489e+00 7.717380e-01 -4.535191e-03
1.696375e+00 1.102489e+00 7.717380e-01 -4.535191e-03
1.708750e+00 1.102489e+00 7.717380e-01 -4.535191e-03
1.721125e+00 1.102489e+00 7.717380e-01 -4.535191e-03
1.733500e+00 1.102489e+00 7.717380e-01 -4.535191e-03
1.745875e+00 1.102489e+00 7.717380e-01 -4.535191e-03
1.758250e+00 1.102489e+00 7.717380e-01 -4.535191e-03
1.770625e+00 1.102489e+00 7.717380e-01 -4.535191e-03
1.783000e+00 1.102489e+00 7.717380e-01 -4.535191e-03
1.795375e+00 1.102489e+00 7.717380e-01 -4.535191e-03
1.807750e+00 1.102489e+00 7.717380e-01 -4.535191e-03
1.820125e+00 1.102489e+00 7.717380e-01 -4.535191e-03
1.832500e+00 1.102489e+00 7.717380e-01 -4.535191e-03
1.844875e+00 1.102489e+00 7.717380e-01 -4.535191e-03
1.857250e+00 1.102489e+00 7.717380e-01 -4.535191e-03
1.869625e+00 1.102489e+00 7.717380e-01 -4.535191e-03
1.882000e+00 1.102489e+00 7.717380e-01 -4.535191e-03
1.894375e+00 1.102489e+00 7.717380e-01 -4.535191e-03
1.906750e+00 1.102489e+00 7.717380e-01 -4.535191e-03
1.919125e+00 1.102489e+00 7.717380e-01 -4.535191e-03
1.931500e+00 1.102489e+00 7.717380e-01 -4.535191e-03
1.943875e+00 1.102489e+00 7.717380e-01 -4.535191e-03
1.956250e+00 1.102489e+00 7.717380e-01 -4.535191e-03
1.968625e+00 1.102489e+00 7.717380e-01 -4.535191e-03
1.981000e+00 1.102489e+00 7.717380e-01 -4.535191e-03
1.993375e+00 1.102489e+00 7.717380e-01 -4.535191e-03
2.005750e+00 1.102489e+00 7.717380e-01 -4.535191e-03
2.018125e+00 1.102489e+00 7.717380e-01 -4.535191e-03
2.030500e+00 1.102489e+00 7.717380e-01 -4.535191e-03
2.042875e+00 1.102489e+00 7.717380e-01 -4.535191e-03
2.055250e+00 1.102489e+00 7.717380e-01 -4.535191e-03
2.067625e+00 1.102489e+00 7.717380e-01 -4.535191e-03
2.080000e+00 1.102489e+00 7.717380e-01 -4.535191e-03
2.092375e+00 1.102489e+00 7.717380e-01 -4.535191e-03
2.104750e+00 1.102489e+00 7.717380e-01 -4.535191e-03
2.117125e+00 1.102489e+00 7.717380e-01 -4.535191e-03
2.129500e+00 1.102489e+00 7.717380e-01 -4.535191e-03
2.141875e+00 1.102489e+00 7.717380e-01 -4.535191e-03
2.154250e+00 1.102489e+00 7.717380e-01 -4.535191e-03
2.166625e+00 1.102489e+00 7.717380e-01 -4.535191e-03
2.179000e+00 1.102489e+00 7.717380e-01 -4.535191e-03
2.191375e+00 1.102489e+00 7.717380e-01 -4.535191e-03
2.203750e+00 1.102489e+00 7.717380e-01 -4.535191e-03
2.216125e+00 1.102489e+00 7.717380e-01 -4.535191e-03
2.228500e+00 1.102489e+00 7.717380e-01 -4.535191e-03
2.240875e+00 1.102489e+00 7.717380e-01 -4.535191e-03
2.253250e+00 1.102489e+00 7.717380e-01 -4.535191e-03
2.265625e+00 1.102489e+00 7.717380e-01 -4.535191e-03
2.278000e+00 1.102489e+00 7.717380e-01 -4.535191e-03
2.290375e+00 1.102489e+00 7.717380e-01 -4.535191e-03
2.302750e+00 1.102489e+00 7.717380e-01 -4.535191e-03
2.315125e+00 1.102489e+00 7.717380e-01 -4.535191e-03
2.327500e+00 1.102489e+00 7.717380e-01 -4.535191e-03
2.339875e+00 1.102489e+00 7.717380e-01 -4.535191e-03
2.352250e+00 1.102489e+00 7.717380e-01 -4.535191e-03
2.364625e+00 1.102489e+00 7.717380e-01 -4.535191e-03
2.377000e+00 1.102489e+00 7.717380e-01 -4.535191e-03
2.389375e+00 1.102489e+00 7.717380e-01 -4.535191e-03
2.401750e+00 1.102489e+00 7.717380e-01 -4.535191e-03
2.414125e+00 1.102489e+00 7.717380e-01 -4.535191e-03
2.426500e+00 1.102489e+00 7.717380e-01 -4.535191e-03
2.438875e+00 1.102489e+00 7.717380e-01 -4.535191e-03
2.451250e+00 1.102489e+00 7.717380e-01 -4.535191e-03
2.463625e+00 1.102489e+00 7.717380e-01 -4.535191e-03
2.476000e+00 1.102489e+00 7.717380e-01 -4.535191e-03
2.488375e+00 1.102489e+00 7.717380e-01 -4.535191e-03
2.500750e+00 1.102489e+00 7.717380e-01 -4.535191e-03
2.513125e+00 1.102489e+00 7.717380e-01 -4.535191e-03
2.525500e+00 1.102489e+00 7.717380e-01 -4.535191e-03
2.537875e+00 1.102489e+00 7.717380e-01 -4.535191e-03
2.550250e+00 1.102489e+00 7.717380e-01 -4.535191e-03
2.562625e+00 1.102489e+00 7.717380e-01 -4.535191e-03
2.575000e+00 1.102489e+00 7.717380e-01 -4.535191e-03
2.587375e+00 1.102489e+00 7.717380e-01 -4.535191e-03
2.599750e+00 1.102489e+00 7.717380e-01 -4.535191e-03
2.612125e+00 1.102489e+00 7.717380e-01 -4.535191e-03
2.624500e+00 1.102489e+00 7.717380e-01 -4.535191e-03
2.636875e+00 1.102489e+00 7.717380e-01 -4.535191e-03
2.649250e+00 1.102489e+00 7.717380e-01 -4.535191e-03
2.661625e+00 1.102489e+00 7.717380e-01 -4.535191e-03
2.674000e+00 1.102489e+00 7.717380e-01 -4.535191e-03
2.686375e+00 1.102489e+00 7.717380e-01 -4.535191e-03
2.698750e+00 1.102489e+00 7.717380e-01 -4.535191e-03
2.711125e+00 1.102489e+00 7.717380e-01 -4.535191e-03
2.723500e+00 1.102489e+00 7.717380e-01 -4.535191e-03
2.735875e+00 1.102489e+00 7.717380e-01 -4.535191e-03
2.748250e+00 1.102489e+00 7.717380e-01 -4.535191e-03
2.760625e+00 1.102489e+00 7.717380e-01 -4.535191e-03
2.773000e+00 1.102489e+00 7.717380e-01 -4.535191e-03
2.785375e+00 1.102489e+00 7.717380e-01 -4.535191e-03
2.797750e+00 1.102489e+00 7.717380e-01 -4.535191e-03
2.810125e+00 1.102489e+00 7.717380e-01 -4.535191e-03
2.822500e+00 1.102489e+00 7.717380e-01 -4.535191e-03
2.834875e+00 1.102489e+00 7.717380e-01 -4.535191e-03
2.847250e+00 1.102489e+00 7.717380e-01 -4.535191e-03
2.859625e+00 1.102489e+00 7.717380e-01 -4.535191e-03
2.872000e+00 1.102489e+00 7.717380e-01 -4.535191e-03
2.884375e+00 1.102489e+00 7.717380e-01 -4.535191e-03
2.896750e+00 1.102489e+00 7.717380e-01 -4.535191e-03
2.909125e+00 1.102489e+00 7.717380e-01 -4.535191e-03
2.921500e+00 1.102489e+00 7.717380e-01 -4.535191e-03
2.933875e+00 1.102489e+00 7.717380e-01 -4.535191e-03
2.946250e+00 1.102489e+00 7.717380e-01 -4.535191e-03
2.958625e+00 1.102489e+00 7.717380e-01 -4.535191e-03
2.971000e+00 1.102489e+00 7.717380e-01 -4.535191e-03
2.983375e+00 1.102489e+00 7.717380e-01 -4.535191e-03
2.995750e+00 1.102489e+00 7.717380e-01 -4.535191e-03
3.008125e+00 1.102489e+00 7.717380e-01 -4.535191e-03
3.020500e+00 1.102489e+00 7.717380e-01 -4.535191e-03
3.032875e+00 1.102489e+00 7.717380e-01 -4.535191e-03
3.045250e+00 1.102489e+00 7.717380e-01 -4.535191e-03
3.057625e+00 1.102489e+00 7.717380e-01 -4.535191e-03
3.070000e+00 1.102489e+00 7.717380e-01 -4.535191e-03
3.082375e+00 1.102489e+00 7.717380e-01 -4.535191e-03
3.094750e+00 1.102489e+00 7.717380e-01 -4.535191e-03
3.107125e+00 1.102489e+00 7.717380e-01 -4.535191e-03
3.119500e+00 1.102489e+00 7.717380e-01 -4.535191e-03
3.131875e+00 1.102489e+00 7.717380e-01 -4.535191e-03
3.144250e+00 1.102489e+00 7.717380e-01 -4.535191e-03
3.156625e+00 1.102489e+00 7.717380e-01 -4.535191e-03
3.169000e+00 1.102489e+00 7.717380e-01 -4.535191e-03
3.181375e+00 1.102489e+00 7.717380e-01 -4.535191e-03
3.193750e+00 1.102489e+00 7.717380e-01 -4.535191e-03
3.206125e+00 1.102489e+00 7.717380e-01 -4.535191e-03
3.218500e+00 1.102489e+00 7.717380e-01 -4.535191e-03
3.230875e+00 1.102489e+00 7.717380e-01 -4.535191e-03
3.243250e+00 1.102489e+00 7.717380e-01 -4.535191e-03
3.255625e+00 1.102489e+00 7.717380e-01 -4.535191e-03
3.268000e+00 1.102489e+00 7.717380e-01 -4.535191e-03
3.280375e+00 1.102489e+00 7.717380e-01 -4.535191e-03
3.292750e+00 1.102489e+00 7.717380e-01 -4.535191e-03
3.305125e+00 1.102489e+00 7.717380e-01 -4.535191e-03
3.317500e+00 1.102489e+00 7.717380e-01 -4.535191e-03
3.329875e+00 1.102489e+00 7.717380e-01 -4.535191e-03
3.342250e+00 1.102489e+00 7.717380e-01 -4.535191e-03
3.354625e+00 1.102489e+00 7.717380e-01 -4.535191e-03
3.367000e+00 1.102489e+00 7.717380e-01 -4.535191e-03
3.379375e+00 1.102489e+00 7.717380e-01 -4.535191e-03
3.391750e+00 1.102489e+00 7.717380e-01 -4.535191e-03
3.404125e+00 1.102489e+00 7.717380e-01 -4.535191e-03
3.416500e+00 1.102489e+00 7.717380e-01 -4.535191e-03
3.428875e+00 1.102489e+00 7.717380e-01 -4.535191e-03
3.441250e+00 1.102489e+00 7.717380e-01 -4.535191e-03
3.453625e+00 1.102489e+00 7.717380e-01 -4.535191e-03
3.466000e+00 1.102489e+00 7.717380e-01 -4.535191e-03
3.478375e+00 1.102489e+00 7.717380e-01 -4.535191e-03
3.490750e+00 1.102489e+00 7.717380e-01 -4.535191e-03
3.503125e+00 1.102489e+00 7.717380e-01 -4.535191e-03
3.515500e+00 1.102489e+00 7.717380e-01 -4.535191e-03
3.527875e+00 1.102489e+00 7.717380e-01 -4.535191e-03
3.540250e+00 1.102489e+00 7.717380e-01 -4.535191e-03
3.552625e+00 1.102489e+00 7.717380e-01 -4.535191e-03
3.565000e+00 1.102489e+00 7.717380e-01 -4.535191e-03
3.577375e+00 1.102489e+00 7.717380e-01 -4.535191e-03
3.589750e+00 1.102489e+00 7.717380e-01 -4.535191e-03
3.602125e+00 1.102489e+00 7.717380e-01 -4.535191e-03
3.614500e+00 1.102489e+00 7.717380e-01 -4.535191e-03
3.626875e+00 1.102489e+00 7.717380e-01 -4.535191e-03
3.639250e+00 1.102489e+00 7.717380e-01 -4.535191e-03
3.651625e+00 1.102489e+00 7.717380e-01 -4.535191e-03
3.664000e+00 1.102489e+00 7.717380e-01 -4.535191e-03
3.676375e+00 1.102489e+00 7.717380e-01 -4.535191e-03
3.688750e+00 1.102489e+00 7.717380e-01 -4.535191e-03
3.701125e+00 1.102489e+00 7.717380e-01 -4.535191e-03
3.713500e+00 1.102489e+00 7.717380e-01 -4.535191e-03
3.725875e+00 1.102489e+00 7.717380e-01 -4.535191e-03
3.738250e+00 1.102489e+00 7.717380e-01 -4.535191e-03
3.750625e+00 1.102489e+00 7.717380e-01 -4.535191e-03
3.763000e+00 1.102489e+00 7.717380e-01 -4.535191e-03
3.775375e+00 1.102489e+00 7.717380e-01 -4.535191e-03
3.787750e+00 1.102489e+00 7.717380e-01 -4.535191e-03
3.800125e+00 1.102489e+00 7.717380e-01 -4.535191e-03
3.812500e+00 1.102489e+00 7.717380e-01 -4.535191e-03
3.824875e+00 1.102489e+00 7.717380e-01 -4.535191e-03
3.837250e+00 1.102489e+00 7.717380e-01 -4.535191e-03
3.849625e+00 1.102489e+00 7.717380e-01 -4.535191e-03
3.862000e+00 1.102489e+00 7.717380e-01 -4.535191e-03
3.874375e+00 1.102489e+00 7.717380e-01 -4.535191e-03
3.886750e+00 1.102489e+00 7.717380e-01 -4.535191e-03
3.899125e+00 1.102489e+00 7.717380e-01 -4.535191e-03
3.911500e+00 1.102489e+00 7.717380e-01 -4.535191e-03
3.923875e+00 1.102489e+00 7.717380e-01 -4.535191e-03
3.936250e+00 1.102489e+00 7.717380e-01 -4.535191e-03
3.948625e+00 1.102489e+00 7.717380e-01 -4.535191e-03
3.961000e+00 1.102489e+00 7.717380e-01 -4.535191e-03
3.973375e+00 1.102489e+00 7.717380e-01 -4.535191e-03
3.985750e+00 1.102489e+00 7.717380e-01 -4.535191e-03
3.998125e+00 1.102489e+00 7.717380e-01 -4.535191e-03
4.010500e+00 1.102489e+00 7.717380e-01 -4.535191e-03
4.022875e+00 1.102489e+00 7.717380e-01 -4.535191e-03
4.035250e+00 1.102489e+00 7.717380e-01 -4.535191e-03
4.047625e+00 1.102489e+00 7.717380e-01 -4.535191e-03
4.060000e+00 1.102489e+00 7.717380e-01 -4.535191e-03
4.072375e+00 1.102489e+00 7.717380e-01 -4.535191e-03
4.084750e+00 1.102489e+00 7.717380e-01 -4.535191e-03
4.097125e+00 1.102489e+00 7.717380e-01 -4.535191e-03
4.109500e+00 1.102489e+00 7.717380e-01 -4.535191e-03
4.121875e+00 1.102489e+00 7.717380e-01 -4.535191e-03
4.134250e+00 1.102489e+00 7.717380e-01 -4.535191e-03
4.146625e+00 1.102489e+00 7.717380e-01 -4.535191e-03
4.159000e+00 1.102489e+00 7.717380e-01 -4.535191e-03
4.171375e+00 1.102489e+00 7.717380e-01 -4.535191e-03
4.183750e+00 1.102489e+00 7.717380e-01 -4.535191e-03
4.196125e+00 1.102489e+00 7.717380e-01 -4.535191e-03
4.208500e+00 1.102489e+00 7.717380e-01 -4.535191e-03
4.220875e+00 1.102489e+00 7.717380e-01 -4.535191e-03
4.233250e+00 1.102489e+00 7.717380e-01 -4.535191e-03
4.245625e+00 1.102489e+00 7.717380e-01 -4.535191e-03
4.258000e+00 1.102489e+00 7.717380e-01 -4.535191e-03
4.270375e+00 1.102489e+00 7.717380e-01 -4.535191e-03
4.282750e+00 1.102489e+00 7.717380e-01 -4.535191e-03
4.295125e+00 1.102489e+00 7.717380e-01 -4.535191e-03
4.307500e+00 1.102489e+00 7.717380e-01 -4.535191e-03
4.319875e+00 1.102489e+00 7.717380e-01 -4.535191e-03
4.332250e+00 1.102489e+00 7.717380e-01 -4.535191e-03
4.344625e+00 1.102489e+00 7.717380e-01 -4.535191e-03
4.357000e+00 1.102489e+00 7.717380e-01 -4.535191e-03
4.369375e+00 1.102489e+00 7.717380e-01 -4.535191e-03
4.381750e+00 1.102489e+00 7.717380e-01 -4.535191e-03
4.394125e+00 1.102489e+00 7.717380e-01 -4.535191e-03
4.406500e+00 1.102489e+00 7.717380e-01 -4.535191e-03
4.418875e+00 1.102489e+00 7.717380e-01 -4.535191e-03
4.431250e+00 1.102489e+00 7.717380e-01 -4.535191e-03
4.443625e+00 1.102489e+00 7.717380e-01 -4.535191e-03
4.456000e+00 1.102489e+00 7.717380e-01 -4.535191e-03
4.468375e+00 1.102489e+00 7.717380e-01 -4.535191e-03
4.480750e+00 1.102489e+00 7.717380e-01 -4.535191e-03
4.493125e+00 1.102489e+00 7.717380e-01 -4.535191e-03
4.505500e+00 1.102489e+00 7.717380e-01 -4.535191e-03
4.517875e+00 1.102489e+00 7.717380e-01 -4.535191e-03
4.530250e+00 1.102489e+00 7.717380e-01 -4.535191e-03
4.542625e+00 1.102489e+00 7.717380e-01 -4.535191e-03
4.555000e+00 1.102489e+00 7.717380e-01 -4.535191e-03
4.567375e+00 1.102489e+00 7.717380e-01 -4.535191e-03
4.579750e+00 1.102489e+00 7.717380e-01 -4.535191e-03
4.592125e+00 1.102489e+00 7.717380e-01 -4.535191e-03
4.604500e+00 1.102489e+00 7.717380e-01 -4.535191e-03
4.616875e+00 1.102489e+00 7.717380e-01 -4.535191e-03
4.629250e+00 1.102489e+00 7.717380e-01 -4.535191e-03
4.641625e+00 1.102489e+00 7.717380e-01 -4.535191e-03
4.654000e+00 1.102489e+00 7.717380e-01 -4.535191e-03
4.666375e+00 1.102489e+00 7.717380e-01 -4.535191e-03
4.678750e+00 1.102489e+00 7.717380e-01 -4.535191e-03
4.691125e+00 1.102489e+00 7.717380e-01 -4.535191e-03
4.703500e+00 1.102489e+00 7.717380e-01 -4.535191e-03
4.715875e+00 1.102489e+00 7.717380e-01 -4.535191e-03
4.728250e+00 1.102489e+00 7.717380e-01 -4.535191e-03
4.740625e+00 1.102489e+00 7.717380e-01 -4.535191e-03
4.753000e+00 1.102489e+00 7.717380e-01 -4.535191e-03
4.765375e+00 1.102489e+00 7.717380e-01 -4.535191e-03
4.777750e+00 1.102489e+00 7.717380e-01 -4.535191e-03
4.790125e+00 1.102489e+00 7.717380e-01 -4.535191e-03
4.802500e+00 1.102489e+00 7.717380e-01 -4.535191e-03
4.814875e+00 1.102489e+00 7.717380e-01 -4.535191e-03
4.827250e+00 1.102489e+00 7.717380e-01 -4.535191e-03
4.839625e+00 1.102489e+00 7.717380e-01 -4.535191e-03
4.852000e+00 1.102489e+00 7.717380e-01 -4.535191e-03
4.864375e+00 1.102489e+00 7.717380e-01 -4.535191e-03
4.876750e+00 1.102489e+00 7.717380e-01 -4.535191e-03
4.889125e+00 1.102489e+00 7.717380e-01 -4.535191e-03
4.901500e+00 1.102489e+00 7.717380e-01 -4.535191e-03
4.913875e+00 1.102489e+00 7.717380e-01 -4.535191e-03
4.926250e+00 1.102489e+00 7.717380e-01 -4.535191e-03
4.938625e+00 1.102489e+00 7.717380e-01 -4.535191e-03
4.951000e+00 1.102489e+00 7.717380e-01 -4.535191e-03
4.963375e+00 1.102489e+00 7.717380e-01 -4.535191e-03
4.975750e+00 1.102489e+00 7.717380e-01 -4.535191e-03
4.988125e+00 1.102489e+00 7.717380e-01 -4.535191e-03
5.000500e+00 1.102489e+00 7.717380e-01 -4.535191e-03
5.012875e+00 1.102489e+00 7.717380e-01 -4.535191e-03
5.025250e+00 1.102489e+00 7.717380e-01 -4.535191e-03
5.037625e+00 1.102489e+00 7.717380e-01 -4.535191e-03
5.050000e+00 1.102489e+00 7.717380e-01 -4.535191e-03
5.062375e+00 1.102489e+00 7.717380e-01 -4.535191e-03
5.074750e+00 1.102489e+00 7.717380e-01 -4.535191e-03
5.087125e+00 1.102489e+00 7.717380e-01 -4.535191e-03
5.099500e+00 1.102489e+00 7.717380e-01 -4.535191e-03
5.111875e+00 1.102489e+00 7.717380e-01 -4.535191e-03
5.124250e+00 1.102489e+00 7.717380e-01 -4.535191e-03
5.136625e+00 1.102489e+00 7.717380e-01 -4.535191e-03
5.149000e+00 1.102489e+00 7.717380e-01 -4.535191e-03
5.161375e+00 1.102489e+00 7.717380e-01 -4.535191e-03
5.173750e+00 1.102489e+00 7.717380e-01 -4.535191e-03
5.186125e+00 1.102489e+00 7.717380e-01 -4.535191e-03
5.198500e+00 1.102489e+00 7.717380e-01 -4.535191e-03
5.210875e+00 1.102489e+00 7.717380e-01 -4.535191e-03
5.223250e+00 1.102489e+00 7.717380e-01 -4.535191e-03
5.235625e+00 1.102489e+00 7.717380e-01 -4.535191e-03
5.248000e+00 1.102489e+00 7.717380e-01 -4.535191e-03
5.260375e+00 1.102489e+00 7.717380e-01 -4.535191e-03
5.272750e+00 1.102489e+00 7.717380e-01 -4.535191e-03
5.285125e+00 1.102489e+00 7.717380e-01 -4.535191e-03
5.297500e+00 1.102489e+00 7.717380e-01 -4.535191e-03
5.309875e+00 1.102489e+00 7.717380e-01 -4.535191e-03
5.322250e+00 1.102489e+00 7.717380e-01 -4.535191e-03
5.334625e+00 1.102489e+00 7.717380e-01 -4.535191e-03
5.347000e+00 1.102489e+00 7.717380e-01 -4.535191e-03
5.359375e+00 1.102489e+00 7.717380e-01 -4.535191e-03
5.371750e+00 1.102489e+00 7.717380e-01 -4.535191e-03
5.384125e+00 1.102489e+00 7.717380e-01 -4.535191e-03
5.396500e+00 1.102489e+00 7.717380e-01 -4.535191e-03
5.408875e+00 1.102489e+00 7.717380e-01 -4.535191e-03
5.421250e+00 1.102489e+00 7.717380e-01 -4.535191e-03
5.433625e+00 1.102489e+00 7.717380e-01 -4.535191e-03
5.446000e+00 1.102489e+00 7.717380e-01 -4.535191e-03
5.458375e+00 1.102489e+00 7.717380e-01 -4.535191e-03
5.470750e+00 1.102489e+00 7.717380e-01 -4.535191e-03
5.483125e+00 1.102489e+00 7.717380e-01 -4.535191e-03
5.495500e+00 1.102489e+00 7.717380e-01 -4.535191e-03
5.507875e+00 1.102489e+00 7.717380e-01 -4.535191e-03
5.520250e+00 1.102489e+00 7.717380e-01 -4.535191e-03
5.532625e+00 1.102489e+00 7.717380e-01 -4.535191e-03
5.545000e+00 1.102489e+00 7.717380e-01 -4.535191e-03
5.557375e+00 1.102489e+00 7.717380e-01 -4.535191e-03
5.569750e+00 1.102489e+00 7.717380e-01 -4.535191e-03
5.582125e+00 1.102489e+00 7.717380e-01 -4.535191e-03
5.594500e+00 1.102489e+00 7.717380e-01 -4.535191e-03
5.606875e+00 1.102489e+00 7.717380e-01 -4.535191e-03
5.619250e+00 1.102489e+00 7.717380e-01 -4.535191e-03
5.631625e+00 1.102489e+00 7.717380e-01 -4.535191e-03
5.644000e+00 1.102489e+00 7.717380e-01 -4.535191e-03
5.656375e+00 1.102489e+00 7.717380e-01 -4.535191e-03
5.668750e+00 1.102489e+00 7.717380e-01 -4.535191e-03
5.681125e+00 1.102489e+00 7.717380e-01 -4.535191e-03
5.693500e+00 1.102489e+00 7.717380e-01 -4.535191e-03
5.705875e+00 1.102489e+00 7.717380e-01 -4.535191e-03
5.718250e+00 1.102489e+00 7.717380e-01 -4.535191e-03
5.730625e+00 1.102489e+00 7.717380e-01 -4.535191e-03
5.743000e+00 1.102489e+00 7.717380e-01 -4.535191e-03
5.755375e+00 1.102489e+00 7.717380e-01 -4.535191e-03
5.767750e+00 1.102489e+00 7.717380e-01 -4.535191e-03
5.780125e+00 1.102489e+00 7.717380e-01 -4.535191e-03
5.792500e+00 1.102489e+00 7.717380e-01 -4.535191e-03
5.804875e+00 1.102489e+00 7.717380e-01 -4.535191e-03
5.817250e+00 1.102489e+00 7.717380e-01 -4.535191e-03
5.829625e+00 1.102489e+00 7.717380e-01 -4.535191e-03
5.842000e+00 1.102489e+00 7.717380e-01 -4.535191e-03
5.854375e+00 1.102489e+00 7.717380e-01 -4.535191e-03
5.866750e+00 1.102489e+00 7.717380e-01 -4.535191e-03
5.879125e+00 1.102489e+00 7.717380e-01 -4.535191e-03
5.891500e+00 1.102489e+00 7.717380e-01 -4.535191e-03
5.903875e+00 1.102489e+00 7.717380e-01 -4.535191e-03
5.916250e+00 1.102489e+00 7.717380e-01 -4.535191e-03
5.928625e+00 1.102489e+00 7.717380e-01 -4.535191e-03
5.941000e+00 1.102489e+00 7.717380e-01 -4.535191e-03
5.953375e+00 1.102489e+00 7.717380e-01 -4.535191e-03
5.965750e+00 1.102489e+00 7.717380e-01 -4.535191e-03
5.978125e+00 1.102489e+00 7.717380e-01 -4.535191e-03
5.990500e+00 1.102489e+00 7.717380e-01 -4.535191e-03
6.002875e+00 1.102489e+00 7.717380e-01 -4.535191e-03
6.015250e+00 1.102489e+00 7.717380e-01 -4.535191e-03
6.027625e+00 1.102489e+00 7.717380e-01 -4.535191e-03
6.040000e+00 1.102489e+00 7.717380e-01 -4.535191e-03
6.052375e+00 1.102489e+00 7.717380e-01 -4.535191e-03
6.064750e+00 1.102489e+00 7.717380e-01 -4.535191e-03
6.077125e+00 1.102489e+00 7.717380e-01 -4.535191e-03
6.089500e+00 1.102489e+00 7.717380e-01 -4.535191e-03
6.101875e+00 1.102489e+00 7.717380e-01 -4.535191e-03
6.114250e+00 1.102489e+00 7.717380e-01 -4.535191e-03
6.126625e+00 1.102489e+00 7.717380e-01 -4.535191e-03
6.139000e+00 1.102489e+00 7.717380e-01 -4.535191e-03
6.151375e+00 1.102489e+00 7.717380e-01 -4.535191e-03
6.163750e+00 1.102489e+00 7.717380e-01 -4.535191e-03
6.176125e+00 1.102489e+00 7.717380e-01 -4.535191e-03
6.188500e+00 1.102489e+00 7.717380e-01 -4.535191e-03
6.200875e+00 1.102489e+00 7.717380e-01 -4.535191e-03
6.213250e+00 1.102489e+00 7.717380e-01 -4.535191e-03
6.225625e+00 1.102489e+00 7.717380e-01 -4.535191e-03
6.238000e+00 1.102489e+00 7.717380e-01 -4.535191e-03
6.250375e+00 1.102489e+00 7.717380e-01 -4.535191e-03
6.262750e+00 1.102489e+00 7.717380e-01 -4.535191e-03
6.275125e+00 1.102489e+00 7.717380e-01 -4.535191e-03
6.287500e+00 1.102489e+00 7.717380e-01 -4.535191e-03
6.299875e+00 1.102489e+00 7.717380e-01 -4.535191e-03
6.312250e+00 1.102489e+00 7.717380e-01 -4.535191e-03
6.324625e+00 1.102489e+00 7.717380e-01 -4.535191e-03
6.337000e+00 1.102489e+00 7.717380e-01 -4.535191e-03
6.349375e+00 1.102489e+00 7.717380e-01 -4.535191e-03
6.361750e+00 1.102489e+00 7.717380e-01 -4.535191e-03
6.374125e+00 1.102489e+00 7.717380e-01 -4.535191e-03
6.386500e+00 1.102489e+00 7.717380e-01 -4.535191e-03
6.398875e+00 1.102489e+00 7.717380e-01 -4.535191e-03
6.411250e+00 1.102489e+00 7.717380e-01 -4.535191e-03
6.423625e+00 1.102489e+00 7.717380e-01 -4.535191e-03
6.436000e+00 1.102489e+00 7.717380e-01 -4.535191e-03
6.448375e+00 1.102489e+00 7.717380e-01 -4.535191e-03
6.460750e+00 1.102489e+00 7.717380e-01 -4.535191e-03
6.473125e+00 1.102489e+00 7.717380e-01 -4.535191e-03
6.485500e+00 1.102489e+00 7.717380e-01 -4.535191e-03
6.497875e+00 1.102489e+00 7.717380e-01 -4.535191e-03
6.510250e+00 1.102489e+00 7.717380e-01 -4.535191e-03
6.522625e+00 1.102489e+00 7.717380e-01 -4.535191e-03
6.535000e+00 1.102489e+00 7.717380e-01 -4.535191e-03
6.547375e+00 1.102489e+00 7.717380e-01 -4.535191e-03
6.559750e+00 1.102489e+00 7.717380e-01 -4.535191e-03
6.572125e+00 1.102489e+00 7.717380e-01 -4.535191e-03
6.584500e+00 1.102489e+00 7.717380e-01 -4.535191e-03
6.596875e+00 1.102489e+00 7.717380e-01 -4.535191e-03
6.609250e+00 1.102489e+00 7.717380e-01 -4.535191e-03
6.621625e+00 1.102489e+00 7.717380e-01 -4.535191e-03
6.634000e+00 1.102489e+00 7.717380e-01 -4.535191e-03
6.646375e+00 1.102489e+00 7.717380e-01 -4.535191e-03
6.658750e+00 1.102489e+00 7.717380e-01 -4.535191e-03
6.671125e+00 1.102489e+00 7.717380e-01 -4.535191e-03
6.683500e+00 1.102489e+00 7.717380e-01 -4.535191e-03
6.695875e+00 1.102489e+00 7.717380e-01 -4.535191e-03
6.708250e+00 1.102489e+00 7.717380e-01 -4.535191e-03
6.720625e+00 1.102489e+00 7.717380e-01 -4.535191e-03
6.733000e+00 1.102489e+00 7.717380e-01 -4.535191e-03
6.745375e+00 1.102489e+00 7.717380e-01 -4.535191e-03
6.757750e+00 1.102489e+00 7.717380e-01 -4.535191e-03
6.770125e+00 1.102489e+00 7.717380e-01 -4.535191e-03
6.782500e+00 1.102489e+00 7.717380e-01 -4.535191e-03
6.794875e+00 1.102489e+00 7.717380e-01 -4.535191e-03
6.807250e+00 1.102489e+00 7.717380e-01 -4.535191e-03
6.819625e+00 1.102489e+00 7.717380e-01 -4.535191e-03
6.832000e+00 1.102489e+00 7.717380e-01 -4.535191e-03
6.844375e+00 1.102489e+00 7.717380e-01 -4.535191e-03
6.856750e+00 1.102489e+00 7.717380e-01 -4.535191e-03
6.869125e+00 1.102489e+00 7.717380e-01 -4.535191e-03
6.881500e+00 1.102489e+00 7.717380e-01 -4.535191e-03
6.893875e+00 1.102489e+00 7.717380e-01 -4.535191e-03
6.906250e+00 1.102489e+00 7.717380e-01 -4.535191e-03
6.918625e+00 1.102489e+00 7.717380e-01 -4.535191e-03
6.931000e+00 1.102489e+00 7.717380e-01 -4.535191e-03
6.943375e+00 1.102489e+00 7.717380e-01 -4.535191e-03
6.955750e+00 1.102489e+00 7.717380e-01 -4.535191e-03
6.968125e+00 1.102489e+00 7.717380e-01 -4.535191e-03
6.980500e+00 1.102489e+00 7.717380e-01 -4.535191e-03
6.992875e+00 1.102489e+00 7.717380e-01 -4.535191e-03
7.005250e+00 1.102489e+00 7.717380e-01 -4.535191e-03
7.017625e+00 1.102489e+00 7.717380e-01 -4.535191e-03
7.030000e+00 1.102489e+00 7.717380e-01 -4.535191e-03
7.042375e+00 1.102489e+00 7.717380e-01 -4.535191e-03
7.054750e+00 1.102489e+00 7.717380e-01 -4.535191e-03
7.067125e+00 1.102489e+00 7.717380e-01 -4.535191e-03
7.079500e+00 1.102489e+00 7.717380e-01 -4.535191e-03
7.091875e+00 1.102489e+00 7.717380e-01 -4.535191e-03
7.104250e+00 1.102489e+00 7.717380e-01 -4.535191e-03
7.116625e+00 1.102489e+00 7.717380e-01 -4.535191e-03
7.129000e+00 1.102489e+00 7.717380e-01 -4.535191e-03
7.141375e+00 1.102489e+00 7.717380e-01 -4.535191e-03
7.153750e+00 1.102489e+00 7.717380e-01 -4.535191e-03
7.166125e+00 1.102489e+00 7.717380e-01 -4.535191e-03
7.178500e+00 1.102489e+00 7.717380e-01 -4.535191e-03
7.190875e+00 1.102489e+00 7.717380e-01 -4.535191e-03
7.203250e+00 1.102489e+00 7.717380e-01 -4.535191e-03
7.215625e+00 1.102489e+00 7.717380e-01 -4.535191e-03
7.228000e+00 1.102489e+00 7.717380e-01 -4.535191e-03
7.240375e+00 1.102489e+00 7.717380e-01 -4.535191e-03
7.252750e+00 1.102489e+00 7.717380e-01 -4.535191e-03
7.265125e+00 1.102489e+00 7.717380e-01 -4.535191e-03
7.277500e+00 1.102489e+00 7.717380e-01 -4.535191e-03
7.289875e+00 1.102489e+00 7.717380e-01 -4.535191e-03
7.302250e+00 1.102489e+00 7.717380e-01 -4.535191e-03
7.314625e+00 1.102489e+00 7.717380e-01 -4.535191e-03
7.327000e+00 1.102489e+00 7.717380e-01 -4.535191e-03
7.339375e+00 1.102489e+00 7.717380e-01 -4.535191e-03
7.351750e+00 1.102489e+00 7.717380e-01 -4.535191e-03
7.364125e+00 1.102489e+00 7.717380e-01 -4.535191e-03
7.376500e+00 1.102489e+00 7.717380e-01 -4.535191e-03
7.388875e+00 1.102489e+00 7.717380e-01 -4.535191e-03
7.401250e+00 1.102489e+00 7.717380e-01 -4.535191e-03
7.413625e+00 1.102489e+00 7.717380e-01 -4.535191e-03
7.426000e+00 1.102489e+00 7.717380e-01 -4.535191e-03
7.438375e+00 1.102489e+00 7.717380e-01 -4.535191e-03
7.450750e+00 1.102489e+00 7.717380e-01 -4.535191e-03
7.463125e+00 1.102489e+00 7.717380e-01 -4.535191e-03
7.475500e+00 1.102489e+00 7.717380e-01 -4.535191e-03
7.487875e+00 1.102489e+00 7.717380e-01 -4.535191e-03
7.500250e+00 1.102489e+00 7.717380e-01 -4.535191e-03
7.512625e+00 1.102489e+00 7.717380e-01 -4.535191e-03
7.525000e+00 1.102489e+00 7.717380e-01 -4.535191e-03
7.537375e+00 1.102489e+00 7.717380e-01 -4.535191e-03
7.549750e+00 1.102489e+00 7.717380e-01 -4.535191e-03
7.562125e+00 1.102489e+00 7.717380e-01 -4.535191e-03
7.574500e+00 1.102489e+00 7.717380e-01 -4.535191e-03
7.586875e+00 1.102489e+00 7.717380e-01 -4.535191e-03
7.599250e+00 1.102489e+00 7.717380e-01 -4.535191e-03
7.611625e+00 1.102489e+00 7.717380e-01 -4.535191e-03
7.624000e+00 1.102489e+00 7.717380e-01 -4.535191e-03
7.636375e+00 1.102489e+00 7.717380e-01 -4.535191e-03
7.648750e+00 1.102489e+00 7.717380e-01 -4.535191e-03
7.661125e+00 1.102489e+00 7.717380e-01 -4.535191e-03
7.673500e+00 1.102489e+00 7.717380e-01 -4.535191e-03
7.685875e+00 1.102489e+00 7.717380e-01 -4.535191e-03
7.698250e+00 1.102489e+00 7.717380e-01 -4.535191e-03
7.710625e+00 1.102489e+00 7.717380e-01 -4.535191e-03
7.723000e+00 1.102489e+00 7.717380e-01 -4.535191e-03
7.735375e+00 1.102489e+00 7.717380e-01 -4.535191e-03
7.747750e+00 1.102489e+00 7.717380e-01 -4.535191e-03
7.760125e+00 1.102489e+00 7.717380e-01 -4.535191e-03
7.772500e+00 1.102489e+00 7.717380e-01 -4.535191e-03
7.784875e+00 1.102489e+00 7.717380e-01 -4.535191e-03
7.797250e+00 1.102489e+00 7.717380e-01 -4.535191e-03
7.809625e+00 1.102489e+00 7.717380e-01 -4.535191e-03
7.822000e+00 1.102489e+00 7.717380e-01 -4.535191e-03
7.834375e+00 1.102489e+00 7.717380e-01 -4.535191e-03
7.846750e+00 1.102489e+00 7.717380e-01 -4.535191e-03
7.859125e+00 1.102489e+00 7.717380e-01 -4.535191e-03
7.871500e+00 1.102489e+00 7.717380e-01 -4.535191e-03
7.883875e+00 1.102489e+00 7.717380e-01 -4.535191e-03
7.896250e+00 1.102489e+00 7.717380e-01 -4.535191e-03
7.908625e+00 1.102489e+00 7.717380e-01 -4.535191e-03
7.921000e+00 1.102489e+00 7.717380e-01 -4.535191e-03
7.933375e+00 1.102489e+00 7.717380e-01 -4.535191e-03
7.945750e+00 1.102489e+00 7.717380e-01 -4.535191e-03
7.958125e+00 1.102489e+00 7.717380e-01 -4.535191e-03
7.970500e+00 1.102489e+00 7.717380e-01 -4.535191e-03
7.982875e+00 1.102489e+00 7.717380e-01 -4.535191e-03
7.995250e+00 1.102489e+00 7.717380e-01 -4.535191e-03
8.007625e+00 1.102489e+00 7.717380e-01 -4.535191e-03
8.020000e+00 1.102489e+00 7.717380e-01 -4.535191e-03
8.032375e+00 1.102489e+00 7.717380e-01 -4.535191e-03
8.044750e+00 1.102489e+00 7.717380e-01 -4.535191e-03
8.057125e+00 1.102489e+00 7.717380e-01 -4.535191e-03
8.069500e+00 1.102489e+00 7.717380e-01 -4.535191e-03
8.081875e+00 1.102489e+00 7.717380e-01 -4.535191e-03
8.094250e+00 1.102489e+00 7.717380e-01 -4.535191e-03
8.106625e+00 1.102489e+00 7.717380e-01 -4.535191e-03
8.119000e+00 1.102489e+00 7.717380e-01 -4.535191e-03
8.131375e+00 1.102489e+00 7.717380e-01 -4.535191e-03
8.143750e+00 1.102489e+00 7.717380e-01 -4.535191e-03
8.156125e+00 1.102489e+00 7.717380e-01 -4.535191e-03
8.168500e+00 1.102489e+00 7.717380e-01 -4.535191e-03
8.180875e+00 1.102489e+00 7.717380e-01 -4.535191e-03
8.193250e+00 1.102489e+00 7.717380e-01 -4.535191e-03
8.205625e+00 1.102489e+00 7.717380e-01 -4.535191e-03
8.218000e+00 1.102489e+00 7.717380e-01 -4.535191e-03
8.230375e+00 1.102489e+00 7.717380e-01 -4.535191e-03
8.242750e+00 1.102489e+00 7.717380e-01 -4.535191e-03
8.255125e+00 1.102489e+00 7.717380e-01 -4.535191e-03
8.267500e+00 1.102489e+00 7.717380e-01 -4.535191e-03
8.279875e+00 1.102489e+00 7.717380e-01 -4.535191e-03
8.292250e+00 1.102489e+00 7.717380e-01 -4.535191e-03
8.304625e+00 1.102489e+00 7.717380e-01 -4.535191e-03
8.317000e+00 1.102489e+00 7.717380e-01 -4.535191e-03
8.329375e+00 1.102489e+00 7.717380e-01 -4.535191e-03
8.341750e+00 1.102489e+00 7.717380e-01 -4.535191e-03
8.354125e+00 1.102489e+00 7.717380e-01 -4.535191e-03
8.366500e+00 1.102489e+00 7.717380e-01 -4.535191e-03
8.378875e+00 1.102489e+00 7.717380e-01 -4.535191e-03
8.391250e+00 1.102489e+00 7.717380e-01 -4.535191e-03
8.403625e+00 1.102489e+00 7.717380e-01 -4.535191e-03
8.416000e+00 1.102489e+00 7.717380e-01 -4.535191e-03
8.428375e+00 1.102489e+00 7.717380e-01 -4.535191e-03
8.440750e+00 1.102489e+00 7.717380e-01 -4.535191e-03
8.453125e+00 1.102489e+00 7.717380e-01 -4.535191e-03
8.465500e+00 1.102489e+00 7.717380e-01 -4.535191e-03
8.477875e+00 1.102489e+00 7.717380e-01 -4.535191e-03
8.490250e+00 1.102489e+00 7.717380e-01 -4.535191e-03
8.502625e+00 1.102489e+00 7.717380e-01 -4.535191e-03
8.515000e+00 1.102489e+00 7.717380e-01 -4.535191e-03
8.527375e+00 1.102489e+00 7.717380e-01 -4.535191e-03
8.539750e+00 1.102489e+00 7.717380e-01 -4.535191e-03
8.552125e+00 1.102489e+00 7.717380e-01 -4.535191e-03
8.564500e+00 1.102489e+00 7.717380e-01 -4.535191e-03
8.576875e+00 1.102489e+00 7.717380e-01 -4.535191e-03
8.589250e+00 1.102489e+00 7.717380e-01 -4.535191e-03
8.601625e+00 1.102489e+00 7.717380e-01 -4.535191e-03
8.614000e+00 1.102489e+00 7.717380e-01 -4.535191e-03
8.626375e+00 1.102489e+00 7.717380e-01 -4.535191e-03
8.638750e+00 1.102489e+00 7.717380e-01 -4.535191e-03
8.651125e+00 1.102489e+00 7.717380e-01 -4.535191e-03
8.663500e+00 1.102489e+00 7.717380e-01 -4.535191e-03
8.675875e+00 1.102489e+00 7.717380e-01 -4.535191e-03
8.688250e+00 1.102489e+00 7.717380e-01 -4.535191e-03
8.700625e+00 1.102489e+00 7.717380e-01 -4.535191e-03
8.713000e+00 1.102489e+00 7.717380e-01 -4.535191e-03
8.725375e+00 1.102489e+00 7.717380e-01 -4.535191e-03
8.737750e+00 1.102489e+00 7.717380e-01 -4.535191e-03
8.750125e+00 1.102489e+00 7.717380e-01 -4.535191e-03
8.762500e+00 1.102489e+00 7.717380e-01 -4.535191e-03
8.774875e+00 1.102489e+00 7.717380e-01 -4.535191e-03
8.787250e+00 1.102489e+00 7.717380e-01 -4.535191e-03
8.799625e+00 1.102489e+00 7.717380e-01 -4.535191e-03
8.812000e+00 1.102489e+00 7.717380e-01 -4.535191e-03
8.824375e+00 1.102489e+00 7.717380e-01 -4.535191e-03
8.836750e+00 1.102489e+00 7.717380e-01 -4.535191e-03
8.849125e+00 1.102489e+00 7.717380e-01 -4.535191e-03
8.861500e+00 1.102489e+00 7.717380e-01 -4.535191e-03
8.873875e+00 1.102489e+00 7.717380e-01 -4.535191e-03
8.886250e+00 1.102489e+00 7.717380e-01 -4.535191e-03
8.898625e+00 1.102489e+00 7.717380e-01 -4.535191e-03
8.911000e+00 1.102489e+00 7.717380e-01 -4.535191e-03
8.923375e+00 1.102489e+00 7.717380e-01 -4.535191e-03
8.935750e+00 1.102489e+00 7.717380e-01 -4.535191e-03
8.948125e+00 1.102489e+00 7.717380e-01 -4.535191e-03
8.960500e+00 1.102489e+00 7.717380e-01 -4.535191e-03
8.972875e+00 1.102489e+00 7.717380e-01 -4.535191e-03
8.985250e+00 1.102489e+00 7.717380e-01 -4.535191e-03
8.997625e+00 1.102489e+00 7.717380e-01 -4.535191e-03
9.010000e+00 1.102489e+00 7.717380e-01 -4.535191e-03
9.022375e+00 1.102489e+00 7.717380e-01 -4.535191e-03
9.034750e+00 1.102489e+00 7.717380e-01 -4.535191e-03
9.047125e+00 1.102489e+00 7.717380e-01 -4.535191e-03
9.059500e+00 1.102489e+00 7.717380e-01 -4.535191e-03
9.071875e+00 1.102489e+00 7.717380e-01 -4.535191e-03
9.084250e+00 1.102489e+00 7.717380e-01 -4.535191e-03
9.096625e+00 1.102489e+00 7.717380e-01 -4.535191e-03
9.109000e+00 1.102489e+00 7.717380e-01 -4.535191e-03
9.121375e+00 1.102489e+00 7.717380e-01 -4.535191e-03
9.133750e+00 1.102489e+00 7.717380e-01 -4.535191e-03
9.146125e+00 1.102489e+00 7.717380e-01 -4.535191e-03
9.158500e+00 1.102489e+00 7.717380e-01 -4.535191e-03
9.170875e+00 1.102489e+00 7.717380e-01 -4.535191e-03
9.183250e+00 1.102489e+00 7.717380e-01 -4.535191e-03
9.195625e+00 1.102489e+00 7.717380e-01 -4.535191e-03
9.208000e+00 1.102489e+00 7.717380e-01 -4.535191e-03
9.220375e+00 1.102489e+00 7.717380e-01 -4.535191e-03
9.232750e+00 1.102489e+00 7.717380e-01 -4.535191e-03
9.245125e+00 1.102489e+00 7.717380e-01 -4.535191e-03
9.257500e+00 1.102489e+00 7.717380e-01 -4.535191e-03
9.269875e+00 1.102489e+00 7.717380e-01 -4.535191e-03
9.282250e+00 1.102489e+00 7.717380e-01 -4.535191e-03
9.294625e+00 1.102489e+00 7.717380e-01 -4.535191e-03
9.307000e+00 1.102489e+00 7.717380e-01 -4.535191e-03
9.319375e+00 1.102489e+00 7.717380e-01 -4.535191e-03
9.331750e+00 1.102489e+00 7.717380e-01 -4.535191e-03
9.344125e+00 1.102489e+00 7.717380e-01 -4.535191e-03
9.356500e+00 1.102489e+00 7.717380e-01 -4.535191e-03
9.368875e+00 1.102489e+00 7.717380e-01 -4.535191e-03
9.381250e+00 1.102489e+00 7.717380e-01 -4.535191e-03
9.393625e+00 1.102489e+00 7.717380e-01 -4.535191e-03
9.406000e+00 1.102489e+00 7.717380e-01 -4.535191e-03
9.418375e+00 1.102489e+00 7.717380e-01 -4.535191e-03
9.430750e+00 1.102489e+00 7.717380e-01 -4.535191e-03
9.443125e+00 1.102489e+00 7.717380e-01 -4.535191e-03
9.455500e+00 1.102489e+00 7.717380e-01 -4.535191e-03
9.467875e+00 1.102489e+00 7.717380e-01 -4.535191e-03
9.480250e+00 1.102489e+00 7.717380e-01 -4.535191e-03
9.492625e+00 1.102489e+00 7.717380e-01 -4.535191e-03
9.505000e+00 1.102489e+00 7.717380e-01 -4.535191e-03
9.517375e+00 1.102489e+00 7.717380e-01 -4.535191e-03
9.529750e+00 1.102489e+00 7.717380e-01 -4.535191e-03
9.542125e+00 1.102489e+00 7.717380e-01 -4.535191e-03
9.554500e+00 1.102489e+00 7.717380e-01 -4.535191e-03
9.566875e+00 1.102489e+00 7.717380e-01 -4.535191e-03
9.579250e+00 1.102489e+00 7.717380e-01 -4.535191e-03
9.591625e+00 1.102489e+00 7.717380e-01 -4.535191e-03
9.604000e+00 1.102489e+00 7.717380e-01 -4.535191e-03
9.616375e+00 1.102489e+00 7.717380e-01 -4.535191e-03
9.628750e+00 1.102489e+00 7.717380e-01 -4.535191e-03
9.641125e+00 1.102489e+00 7.717380e-01 -4.535191e-03
9.653500e+00 1.102489e+00 7.717380e-01 -4.535191e-03
9.665875e+00 1.102489e+00 7.717380e-01 -4.535191e-03
9.678250e+00 1.102489e+00 7.717380e-01 -4.535191e-03
9.690625e+00 1.102489e+00 7.717380e-01 -4.535191e-03
9.703000e+00 1.102489e+00 7.717380e-01 -4.535191e-03
9.715375e+00 1.102489e+00 7.717380e-01 -4.535191e-03
9.727750e+00 1.102489e+00 7.717380e-01 -4.535191e-03
9.740125e+00 1.102489e+00 7.717380e-01 -4.535191e-03
9.752500e+00 1.102489e+00 7.717380e-01 -4.535191e-03
9.764875e+00 1.102489e+00 7.717380e-01 -4.535191e-03
9.777250e+00 1.102489e+00 7.717380e-01 -4.535191e-03
9.789625e+00 1.102489e+00 7.717380e-01 -4.535191e-03
9.802000e+00 1.102489e+00 7.717380e-01 -4.535191e-03
9.814375e+00 1.102489e+00 7.717380e-01 -4.535191e-03
9.826750e+00 1.102489e+00 7.717380e-01 -4.535191e-03
9.839125e+00 1.102489e+00 7.717380e-01 -4.535191e-03
9.851500e+00 1.102489e+00 7.717380e-01 -4.535191e-03
9.863875e+00 1.102489e+00 7.717380e-01 -4.535191e-03
9.876250e+00 1.102489e+00 7.717380e-01 -4.535191e-03
9.888625e+00 1.102489e+00 7.717380e-01 -4.535191e-03
9.901000e+00 1.102489e+00 7.717380e-01 -4.535191e-03
9.913375e+00 1.102489e+00 7.717380e-01 -4.535191e-03
9.925750e+00 1.102489e+00 7.717380e-01 -4.535191e-03
9.938125e+00 1.102489e+00 7.717380e-01 -4.535191e-03
9.950500e+00 1.102489e+00 7.717380e-01 -4.535191e-03
9.962875e+00 1.102489e+00 7.717380e-01 -4.535191e-03
9.975250e+00 1.102489e+00 7.717380e-01 -4.535191e-03
9.987625e+00 1.102489e+00 7.717380e-01 -4.535191e-03
1.000000e+01 1.102489e+00 7.717380e-01 -4.535191e-03
