###############PARAM###############
2.001642e-01 
1601 
###################################
0.000000e+00 5.000000e+00 1.000000e+00 5.000000e-01
6.250000e-04 5.000000e+00 1.000000e+00 5.000000e-01
1.250000e-03 5.000000e+00 1.000000e+00 5.000000e-01
1.875000e-03 5.000000e+00 1.000000e+00 5.000000e-01
2.500000e-03 5.000000e+00 1.000000e+00 5.000000e-01
3.125000e-03 5.000000e+00 1.000000e+00 5.000000e-01
3.750000e-03 5.000000e+00 1.000000e+00 5.000000e-01
4.375000e-03 5.000000e+00 1.000000e+00 5.000000e-01
5.000000e-03 5.000000e+00 1.000000e+00 5.000000e-01
5.625000e-03 5.000000e+00 1.000000e+00 5.000000e-01
6.250000e-03 5.000000e+00 1.000000e+00 5.000000e-01
6.875000e-03 5.000000e+00 1.000000e+00 5.000000e-01
7.500000e-03 5.000000e+00 1.000000e+00 5.000000e-01
8.125000e-03 5.000000e+00 1.000000e+00 5.000000e-01
8.750000e-03 5.000000e+00 1.000000e+00 5.000000e-01
9.375000e-03 5.000000e+00 1.000000e+00 5.000000e-01
1.000000e-02 5.000000e+00 1.000000e+00 5.000000e-01
1.062500e-02 5.000000e+00 1.000000e+00 5.000000e-01
1.125000e-02 5.000000e+00 1.000000e+00 5.000000e-01
1.187500e-02 5.000000e+00 1.000000e+00 5.000000e-01
1.250000e-02 5.000000e+00 1.000000e+00 5.000000e-01
1.312500e-02 5.000000e+00 1.000000e+00 5.000000e-01
1.375000e-02 5.000000e+00 1.000000e+00 5.000000e-01
1.437500e-02 5.000000e+00 1.000000e+00 5.000000e-01
1.500000e-02 5.000000e+00 1.000000e+00 5.000000e-01
1.562500e-02 5.000000e+00 1.000000e+00 5.000000e-01
1.625000e-02 5.000000e+00 1.000000e+00 5.000000e-01
1.687500e-02 5.000000e+00 1.000000e+00 5.000000e-01
1.750000e-02 5.000000e+00 1.000000e+00 5.000000e-01
1.812500e-02 5.000000e+00 1.000000e+00 5.000000e-01
1.875000e-02 5.000000e+00 1.000000e+00 5.000000e-01
1.937500e-02 5.000000e+00 1.000000e+00 5.000000e-01
2.000000e-02 5.000000e+00 1.000000e+00 5.000000e-01
2.062500e-02 5.000000e+00 1.000000e+00 5.000000e-01
2.125000e-02 5.000000e+00 1.000000e+00 5.000000e-01
2.187500e-02 5.000000e+00 1.000000e+00 5.000000e-01
2.250000e-02 5.000000e+00 1.000000e+00 5.000000e-01
2.312500e-02 5.000000e+00 1.000000e+00 5.000000e-01
2.375000e-02 5.000000e+00 1.000000e+00 5.000000e-01
2.437500e-02 5.000000e+00 1.000000e+00 5.000000e-01
2.500000e-02 5.000000e+00 1.000000e+00 5.000000e-01
2.562500e-02 5.000000e+00 1.000000e+00 5.000000e-01
2.625000e-02 5.000000e+00 1.000000e+00 5.000000e-01
2.687500e-02 5.000000e+00 1.000000e+00 5.000000e-01
2.750000e-02 5.000000e+00 1.000000e+00 5.000000e-01
2.812500e-02 5.000000e+00 1.000000e+00 5.000000e-01
2.875000e-02 5.000000e+00 1.000000e+00 5.000000e-01
2.937500e-02 5.000000e+00 1.000000e+00 5.000000e-01
3.000000e-02 5.000000e+00 1.000000e+00 5.000000e-01
3.062500e-02 5.000000e+00 1.000000e+00 5.000000e-01
3.125000e-02 5.000000e+00 1.000000e+00 5.000000e-01
3.187500e-02 5.000000e+00 1.000000e+00 5.000000e-01
3.250000e-02 5.000000e+00 1.000000e+00 5.000000e-01
3.312500e-02 5.000000e+00 1.000000e+00 5.000000e-01
3.375000e-02 5.000000e+00 1.000000e+00 5.000000e-01
3.437500e-02 5.000000e+00 1.000000e+00 5.000000e-01
3.500000e-02 5.000000e+00 1.000000e+00 5.000000e-01
3.562500e-02 5.000000e+00 1.000000e+00 5.000000e-01
3.625000e-02 5.000000e+00 1.000000e+00 5.000000e-01
3.687500e-02 5.000000e+00 1.000000e+00 5.000000e-01
3.750000e-02 5.000000e+00 1.000000e+00 5.000000e-01
3.812500e-02 5.000000e+00 1.000000e+00 5.000000e-01
3.875000e-02 5.000000e+00 1.000000e+00 5.000000e-01
3.937500e-02 5.000000e+00 1.000000e+00 5.000000e-01
4.000000e-02 5.000000e+00 1.000000e+00 5.000000e-01
4.062500e-02 5.000000e+00 1.000000e+00 5.000000e-01
4.125000e-02 5.000000e+00 1.000000e+00 5.000000e-01
4.187500e-02 5.000000e+00 1.000000e+00 5.000000e-01
4.250000e-02 5.000000e+00 1.000000e+00 5.000000e-01
4.312500e-02 5.000000e+00 1.000000e+00 5.000000e-01
4.375000e-02 5.000000e+00 1.000000e+00 5.000000e-01
4.437500e-02 5.000000e+00 1.000000e+00 5.000000e-01
4.500000e-02 5.000000e+00 1.000000e+00 5.000000e-01
4.562500e-02 5.000000e+00 1.000000e+00 5.000000e-01
4.625000e-02 5.000000e+00 1.000000e+00 5.000000e-01
4.687500e-02 5.000000e+00 1.000000e+00 5.000000e-01
4.750000e-02 5.000000e+00 1.000000e+00 5.000000e-01
4.812500e-02 5.000000e+00 1.000000e+00 5.000000e-01
4.875000e-02 5.000000e+00 1.000000e+00 5.000000e-01
4.937500e-02 5.000000e+00 1.000000e+00 5.000000e-01
5.000000e-02 5.000000e+00 1.000000e+00 5.000000e-01
5.062500e-02 5.000000e+00 1.000000e+00 5.000000e-01
5.125000e-02 5.000000e+00 1.000000e+00 5.000000e-01
5.187500e-02 5.000000e+00 1.000000e+00 5.000000e-01
5.250000e-02 5.000000e+00 1.000000e+00 5.000000e-01
5.312500e-02 5.000000e+00 1.000000e+00 5.000000e-01
5.375000e-02 5.000000e+00 1.000000e+00 5.000000e-01
5.437500e-02 5.000000e+00 1.000000e+00 5.000000e-01
5.500000e-02 5.000000e+00 1.000000e+00 5.000000e-01
5.562500e-02 5.000000e+00 1.000000e+00 5.000000e-01
5.625000e-02 5.000000e+00 1.000000e+00 5.000000e-01
5.687500e-02 5.000000e+00 1.000000e+00 5.000000e-01
5.750000e-02 5.000000e+00 1.000000e+00 5.000000e-01
5.812500e-02 5.000000e+00 1.000000e+00 5.000000e-01
5.875000e-02 5.000000e+00 1.000000e+00 5.000000e-01
5.937500e-02 5.000000e+00 1.000000e+00 5.000000e-01
6.000000e-02 5.000000e+00 1.000000e+00 5.000000e-01
6.062500e-02 5.000000e+00 1.000000e+00 5.000000e-01
6.125000e-02 5.000000e+00 1.000000e+00 5.000000e-01
6.187500e-02 5.000000e+00 1.000000e+00 5.000000e-01
6.250000e-02 5.000000e+00 1.000000e+00 5.000000e-01
6.312500e-02 5.000000e+00 1.000000e+00 5.000000e-01
6.375000e-02 5.000000e+00 1.000000e+00 5.000000e-01
6.437500e-02 5.000000e+00 1.000000e+00 5.000000e-01
6.500000e-02 5.000000e+00 1.000000e+00 5.000000e-01
6.562500e-02 5.000000e+00 1.000000e+00 5.000000e-01
6.625000e-02 5.000000e+00 1.000000e+00 5.000000e-01
6.687500e-02 5.000000e+00 1.000000e+00 5.000000e-01
6.750000e-02 5.000000e+00 1.000000e+00 5.000000e-01
6.812500e-02 5.000000e+00 1.000000e+00 5.000000e-01
6.875000e-02 5.000000e+00 1.000000e+00 5.000000e-01
6.937500e-02 5.000000e+00 1.000000e+00 5.000000e-01
7.000000e-02 5.000000e+00 1.000000e+00 5.000000e-01
7.062500e-02 5.000000e+00 1.000000e+00 5.000000e-01
7.125000e-02 5.000000e+00 1.000000e+00 5.000000e-01
7.187500e-02 5.000000e+00 1.000000e+00 5.000000e-01
7.250000e-02 5.000000e+00 1.000000e+00 5.000000e-01
7.312500e-02 5.000000e+00 1.000000e+00 5.000000e-01
7.375000e-02 5.000000e+00 1.000000e+00 5.000000e-01
7.437500e-02 5.000000e+00 1.000000e+00 5.000000e-01
7.500000e-02 5.000000e+00 1.000000e+00 5.000000e-01
7.562500e-02 5.000000e+00 1.000000e+00 5.000000e-01
7.625000e-02 5.000000e+00 1.000000e+00 5.000000e-01
7.687500e-02 5.000000e+00 1.000000e+00 5.000000e-01
7.750000e-02 5.000000e+00 1.000000e+00 5.000000e-01
7.812500e-02 5.000000e+00 1.000000e+00 5.000000e-01
7.875000e-02 5.000000e+00 1.000000e+00 5.000000e-01
7.937500e-02 5.000000e+00 1.000000e+00 5.000000e-01
8.000000e-02 5.000000e+00 1.000000e+00 5.000000e-01
8.062500e-02 5.000000e+00 1.000000e+00 5.000000e-01
8.125000e-02 5.000000e+00 1.000000e+00 5.000000e-01
8.187500e-02 5.000000e+00 1.000000e+00 5.000000e-01
8.250000e-02 5.000000e+00 1.000000e+00 5.000000e-01
8.312500e-02 5.000000e+00 1.000000e+00 5.000000e-01
8.375000e-02 5.000000e+00 1.000000e+00 5.000000e-01
8.437500e-02 5.000000e+00 1.000000e+00 5.000000e-01
8.500000e-02 5.000000e+00 1.000000e+00 5.000000e-01
8.562500e-02 5.000000e+00 1.000000e+00 5.000000e-01
8.625000e-02 5.000000e+00 1.000000e+00 5.000000e-01
8.687500e-02 5.000000e+00 1.000000e+00 5.000000e-01
8.750000e-02 5.000000e+00 1.000000e+00 5.000000e-01
8.812500e-02 5.000000e+00 1.000000e+00 5.000000e-01
8.875000e-02 5.000000e+00 1.000000e+00 5.000000e-01
8.937500e-02 5.000000e+00 1.000000e+00 5.000000e-01
9.000000e-02 5.000000e+00 1.000000e+00 5.000000e-01
9.062500e-02 5.000000e+00 1.000000e+00 5.000000e-01
9.125000e-02 5.000000e+00 1.000000e+00 5.000000e-01
9.187500e-02 5.000000e+00 1.000000e+00 5.000000e-01
9.250000e-02 5.000000e+00 1.000000e+00 5.000000e-01
9.312500e-02 5.000000e+00 1.000000e+00 5.000000e-01
9.375000e-02 5.000000e+00 1.000000e+00 5.000000e-01
9.437500e-02 5.000000e+00 1.000000e+00 5.000000e-01
9.500000e-02 5.000000e+00 1.000000e+00 5.000000e-01
9.562500e-02 5.000000e+00 1.000000e+00 5.000000e-01
9.625000e-02 5.000000e+00 1.000000e+00 5.000000e-01
9.687500e-02 5.000000e+00 1.000000e+00 5.000000e-01
9.750000e-02 5.000000e+00 1.000000e+00 5.000000e-01
9.812500e-02 5.000000e+00 1.000000e+00 5.000000e-01
9.875000e-02 5.000000e+00 1.000000e+00 5.000000e-01
9.937500e-02 5.000000e+00 1.000000e+00 5.000000e-01
1.000000e-01 5.000000e+00 1.000000e+00 5.000000e-01
1.006250e-01 5.000000e+00 1.000000e+00 5.000000e-01
1.012500e-01 5.000000e+00 1.000000e+00 5.000000e-01
1.018750e-01 5.000000e+00 1.000000e+00 5.000000e-01
1.025000e-01 5.000000e+00 1.000000e+00 5.000000e-01
1.031250e-01 5.000000e+00 1.000000e+00 5.000000e-01
1.037500e-01 5.000000e+00 1.000000e+00 5.000000e-01
1.043750e-01 5.000000e+00 1.000000e+00 5.000000e-01
1.050000e-01 5.000000e+00 1.000000e+00 5.000000e-01
1.056250e-01 5.000000e+00 1.000000e+00 5.000000e-01
1.062500e-01 5.000000e+00 1.000000e+00 5.000000e-01
1.068750e-01 5.000000e+00 1.000000e+00 5.000000e-01
1.075000e-01 5.000000e+00 1.000000e+00 5.000000e-01
1.081250e-01 5.000000e+00 1.000000e+00 5.000000e-01
1.087500e-01 5.000000e+00 1.000000e+00 5.000000e-01
1.093750e-01 5.000000e+00 1.000000e+00 5.000000e-01
1.100000e-01 5.000000e+00 1.000000e+00 5.000000e-01
1.106250e-01 5.000000e+00 1.000000e+00 5.000000e-01
1.112500e-01 5.000000e+00 1.000000e+00 5.000000e-01
1.118750e-01 5.000000e+00 1.000000e+00 5.000000e-01
1.125000e-01 5.000000e+00 1.000000e+00 5.000000e-01
1.131250e-01 5.000000e+00 1.000000e+00 5.000000e-01
1.137500e-01 5.000000e+00 1.000000e+00 5.000000e-01
1.143750e-01 5.000000e+00 1.000000e+00 5.000000e-01
1.150000e-01 5.000000e+00 1.000000e+00 5.000000e-01
1.156250e-01 5.000000e+00 1.000000e+00 5.000000e-01
1.162500e-01 5.000000e+00 1.000000e+00 5.000000e-01
1.168750e-01 5.000000e+00 1.000000e+00 5.000000e-01
1.175000e-01 5.000000e+00 1.000000e+00 5.000000e-01
1.181250e-01 5.000000e+00 1.000000e+00 5.000000e-01
1.187500e-01 5.000000e+00 1.000000e+00 5.000000e-01
1.193750e-01 5.000000e+00 1.000000e+00 5.000000e-01
1.200000e-01 5.000000e+00 1.000000e+00 5.000000e-01
1.206250e-01 5.000000e+00 1.000000e+00 5.000000e-01
1.212500e-01 5.000000e+00 1.000000e+00 5.000000e-01
1.218750e-01 5.000000e+00 1.000000e+00 5.000000e-01
1.225000e-01 5.000000e+00 1.000000e+00 5.000000e-01
1.231250e-01 5.000000e+00 1.000000e+00 5.000000e-01
1.237500e-01 5.000000e+00 1.000000e+00 5.000000e-01
1.243750e-01 5.000000e+00 1.000000e+00 5.000000e-01
1.250000e-01 5.000000e+00 1.000000e+00 5.000000e-01
1.256250e-01 5.000000e+00 1.000000e+00 5.000000e-01
1.262500e-01 5.000000e+00 1.000000e+00 5.000000e-01
1.268750e-01 5.000000e+00 1.000000e+00 5.000000e-01
1.275000e-01 5.000000e+00 1.000000e+00 5.000000e-01
1.281250e-01 5.000000e+00 1.000000e+00 5.000000e-01
1.287500e-01 5.000000e+00 1.000000e+00 5.000000e-01
1.293750e-01 5.000000e+00 1.000000e+00 5.000000e-01
1.300000e-01 5.000000e+00 1.000000e+00 5.000000e-01
1.306250e-01 5.000000e+00 1.000000e+00 5.000000e-01
1.312500e-01 5.000000e+00 1.000000e+00 5.000000e-01
1.318750e-01 5.000000e+00 1.000000e+00 5.000000e-01
1.325000e-01 5.000000e+00 1.000000e+00 5.000000e-01
1.331250e-01 5.000000e+00 1.000000e+00 5.000000e-01
1.337500e-01 5.000000e+00 1.000000e+00 5.000000e-01
1.343750e-01 5.000000e+00 1.000000e+00 5.000000e-01
1.350000e-01 5.000000e+00 1.000000e+00 5.000000e-01
1.356250e-01 5.000000e+00 1.000000e+00 5.000000e-01
1.362500e-01 5.000000e+00 1.000000e+00 5.000000e-01
1.368750e-01 5.000000e+00 1.000000e+00 5.000000e-01
1.375000e-01 5.000000e+00 1.000000e+00 5.000000e-01
1.381250e-01 5.000000e+00 1.000000e+00 5.000000e-01
1.387500e-01 5.000000e+00 1.000000e+00 5.000000e-01
1.393750e-01 5.000000e+00 1.000000e+00 5.000000e-01
1.400000e-01 5.000000e+00 1.000000e+00 5.000000e-01
1.406250e-01 5.000000e+00 1.000000e+00 5.000000e-01
1.412500e-01 5.000000e+00 1.000000e+00 5.000000e-01
1.418750e-01 5.000000e+00 1.000000e+00 5.000000e-01
1.425000e-01 5.000000e+00 1.000000e+00 5.000000e-01
1.431250e-01 5.000000e+00 1.000000e+00 5.000000e-01
1.437500e-01 5.000000e+00 1.000000e+00 5.000000e-01
1.443750e-01 5.000000e+00 1.000000e+00 5.000000e-01
1.450000e-01 5.000000e+00 1.000000e+00 5.000000e-01
1.456250e-01 5.000000e+00 1.000000e+00 5.000000e-01
1.462500e-01 5.000000e+00 1.000000e+00 5.000000e-01
1.468750e-01 5.000000e+00 1.000000e+00 5.000000e-01
1.475000e-01 5.000000e+00 1.000000e+00 5.000000e-01
1.481250e-01 5.000000e+00 1.000000e+00 5.000000e-01
1.487500e-01 5.000000e+00 1.000000e+00 5.000000e-01
1.493750e-01 5.000000e+00 1.000000e+00 5.000000e-01
1.500000e-01 5.000000e+00 1.000000e+00 5.000000e-01
1.506250e-01 5.000000e+00 1.000000e+00 5.000000e-01
1.512500e-01 5.000000e+00 1.000000e+00 5.000000e-01
1.518750e-01 5.000000e+00 1.000000e+00 5.000000e-01
1.525000e-01 5.000000e+00 1.000000e+00 5.000000e-01
1.531250e-01 5.000000e+00 1.000000e+00 5.000000e-01
1.537500e-01 5.000000e+00 1.000000e+00 5.000000e-01
1.543750e-01 5.000000e+00 1.000000e+00 5.000000e-01
1.550000e-01 5.000000e+00 1.000000e+00 5.000000e-01
1.556250e-01 5.000000e+00 1.000000e+00 5.000000e-01
1.562500e-01 5.000000e+00 1.000000e+00 5.000000e-01
1.568750e-01 5.000000e+00 1.000000e+00 5.000000e-01
1.575000e-01 5.000000e+00 1.000000e+00 5.000000e-01
1.581250e-01 5.000000e+00 1.000000e+00 5.000000e-01
1.587500e-01 5.000000e+00 1.000000e+00 5.000000e-01
1.593750e-01 5.000000e+00 1.000000e+00 5.000000e-01
1.600000e-01 5.000000e+00 1.000000e+00 5.000000e-01
1.606250e-01 5.000000e+00 1.000000e+00 5.000000e-01
1.612500e-01 5.000000e+00 1.000000e+00 5.000000e-01
1.618750e-01 5.000000e+00 1.000000e+00 5.000000e-01
1.625000e-01 5.000000e+00 1.000000e+00 5.000000e-01
1.631250e-01 5.000000e+00 1.000000e+00 5.000000e-01
1.637500e-01 5.000000e+00 1.000000e+00 5.000000e-01
1.643750e-01 5.000000e+00 1.000000e+00 5.000000e-01
1.650000e-01 5.000000e+00 1.000000e+00 5.000000e-01
1.656250e-01 5.000000e+00 1.000000e+00 5.000000e-01
1.662500e-01 5.000000e+00 1.000000e+00 5.000000e-01
1.668750e-01 5.000000e+00 1.000000e+00 5.000000e-01
1.675000e-01 5.000000e+00 1.000000e+00 5.000000e-01
1.681250e-01 5.000000e+00 1.000000e+00 5.000000e-01
1.687500e-01 5.000000e+00 1.000000e+00 5.000000e-01
1.693750e-01 5.000000e+00 1.000000e+00 5.000000e-01
1.700000e-01 5.000000e+00 1.000000e+00 5.000000e-01
1.706250e-01 5.000000e+00 1.000000e+00 5.000000e-01
1.712500e-01 5.000000e+00 1.000000e+00 5.000000e-01
1.718750e-01 5.000000e+00 1.000000e+00 5.000000e-01
1.725000e-01 5.000000e+00 1.000000e+00 5.000000e-01
1.731250e-01 5.000000e+00 1.000000e+00 5.000000e-01
1.737500e-01 5.000000e+00 1.000000e+00 5.000000e-01
1.743750e-01 5.000000e+00 1.000000e+00 5.000000e-01
1.750000e-01 5.000000e+00 1.000000e+00 5.000000e-01
1.756250e-01 5.000000e+00 1.000000e+00 5.000000e-01
1.762500e-01 5.000000e+00 1.000000e+00 5.000000e-01
1.768750e-01 5.000000e+00 1.000000e+00 5.000000e-01
1.775000e-01 5.000000e+00 1.000000e+00 5.000000e-01
1.781250e-01 5.000000e+00 1.000000e+00 5.000000e-01
1.787500e-01 5.000000e+00 1.000000e+00 5.000000e-01
1.793750e-01 5.000000e+00 1.000000e+00 5.000000e-01
1.800000e-01 5.000000e+00 1.000000e+00 5.000000e-01
1.806250e-01 5.000000e+00 1.000000e+00 5.000000e-01
1.812500e-01 5.000000e+00 1.000000e+00 5.000000e-01
1.818750e-01 5.000000e+00 1.000000e+00 5.000000e-01
1.825000e-01 5.000000e+00 1.000000e+00 5.000000e-01
1.831250e-01 5.000000e+00 1.000000e+00 5.000000e-01
1.837500e-01 5.000000e+00 1.000000e+00 5.000000e-01
1.843750e-01 5.000000e+00 1.000000e+00 5.000000e-01
1.850000e-01 5.000000e+00 1.000000e+00 5.000000e-01
1.856250e-01 5.000000e+00 1.000000e+00 5.000000e-01
1.862500e-01 5.000000e+00 1.000000e+00 5.000000e-01
1.868750e-01 5.000000e+00 1.000000e+00 5.000000e-01
1.875000e-01 5.000000e+00 1.000000e+00 5.000000e-01
1.881250e-01 5.000000e+00 1.000000e+00 5.000000e-01
1.887500e-01 5.000000e+00 1.000000e+00 5.000000e-01
1.893750e-01 5.000000e+00 1.000000e+00 5.000000e-01
1.900000e-01 5.000000e+00 1.000000e+00 5.000000e-01
1.906250e-01 5.000000e+00 1.000000e+00 5.000000e-01
1.912500e-01 5.000000e+00 1.000000e+00 5.000000e-01
1.918750e-01 5.000000e+00 1.000000e+00 5.000000e-01
1.925000e-01 5.000000e+00 1.000000e+00 5.000000e-01
1.931250e-01 5.000000e+00 1.000000e+00 5.000000e-01
1.937500e-01 5.000000e+00 1.000000e+00 5.000000e-01
1.943750e-01 5.000000e+00 1.000000e+00 5.000000e-01
1.950000e-01 5.000000e+00 1.000000e+00 5.000000e-01
1.956250e-01 5.000000e+00 1.000000e+00 5.000000e-01
1.962500e-01 5.000000e+00 1.000000e+00 5.000000e-01
1.968750e-01 5.000000e+00 1.000000e+00 5.000000e-01
1.975000e-01 5.000000e+00 1.000000e+00 5.000000e-01
1.981250e-01 5.000000e+00 1.000000e+00 5.000000e-01
1.987500e-01 5.000000e+00 1.000000e+00 5.000000e-01
1.993750e-01 5.000000e+00 1.000000e+00 5.000000e-01
2.000000e-01 5.000000e+00 1.000000e+00 5.000000e-01
2.006250e-01 5.000000e+00 1.000000e+00 5.000000e-01
2.012500e-01 5.000000e+00 1.000000e+00 5.000000e-01
2.018750e-01 5.000000e+00 1.000000e+00 5.000000e-01
2.025000e-01 5.000000e+00 1.000000e+00 5.000000e-01
2.031250e-01 5.000000e+00 1.000000e+00 5.000000e-01
2.037500e-01 5.000000e+00 1.000000e+00 5.000000e-01
2.043750e-01 5.000000e+00 1.000000e+00 5.000000e-01
2.050000e-01 5.000000e+00 1.000000e+00 5.000000e-01
2.056250e-01 5.000000e+00 1.000000e+00 5.000000e-01
2.062500e-01 5.000000e+00 1.000000e+00 5.000000e-01
2.068750e-01 5.000000e+00 1.000000e+00 5.000000e-01
2.075000e-01 5.000000e+00 1.000000e+00 5.000000e-01
2.081250e-01 5.000000e+00 1.000000e+00 5.000000e-01
2.087500e-01 5.000000e+00 1.000000e+00 5.000000e-01
2.093750e-01 5.000000e+00 1.000000e+00 5.000000e-01
2.100000e-01 5.000000e+00 1.000000e+00 5.000000e-01
2.106250e-01 5.000000e+00 1.000000e+00 5.000000e-01
2.112500e-01 5.000000e+00 1.000000e+00 5.000000e-01
2.118750e-01 5.000000e+00 1.000000e+00 5.000000e-01
2.125000e-01 5.000000e+00 1.000000e+00 5.000000e-01
2.131250e-01 5.000000e+00 1.000000e+00 5.000000e-01
2.137500e-01 5.000000e+00 1.000000e+00 5.000000e-01
2.143750e-01 5.000000e+00 1.000000e+00 5.000000e-01
2.150000e-01 5.000000e+00 1.000000e+00 5.000000e-01
2.156250e-01 5.000000e+00 1.000000e+00 5.000000e-01
2.162500e-01 5.000000e+00 1.000000e+00 5.000000e-01
2.168750e-01 5.000000e+00 1.000000e+00 5.000000e-01
2.175000e-01 5.000000e+00 1.000000e+00 5.000000e-01
2.181250e-01 5.000000e+00 1.000000e+00 5.000000e-01
2.187500e-01 5.000000e+00 1.000000e+00 5.000000e-01
2.193750e-01 5.000000e+00 1.000000e+00 5.000000e-01
2.200000e-01 5.000000e+00 1.000000e+00 5.000000e-01
2.206250e-01 5.000000e+00 1.000000e+00 5.000000e-01
2.212500e-01 5.000000e+00 1.000000e+00 5.000000e-01
2.218750e-01 5.000000e+00 1.000000e+00 5.000000e-01
2.225000e-01 5.000000e+00 1.000000e+00 5.000000e-01
2.231250e-01 5.000000e+00 1.000000e+00 5.000000e-01
2.237500e-01 5.000000e+00 1.000000e+00 5.000000e-01
2.243750e-01 5.000000e+00 1.000000e+00 5.000000e-01
2.250000e-01 5.000000e+00 1.000000e+00 5.000000e-01
2.256250e-01 5.000000e+00 1.000000e+00 5.000000e-01
2.262500e-01 5.000000e+00 1.000000e+00 5.000000e-01
2.268750e-01 5.000000e+00 1.000000e+00 5.000000e-01
2.275000e-01 5.000000e+00 1.000000e+00 5.000000e-01
2.281250e-01 5.000000e+00 1.000000e+00 5.000000e-01
2.287500e-01 5.000000e+00 1.000000e+00 5.000000e-01
2.293750e-01 5.000000e+00 1.000000e+00 5.000000e-01
2.300000e-01 5.000000e+00 1.000000e+00 5.000000e-01
2.306250e-01 5.000000e+00 1.000000e+00 5.000000e-01
2.312500e-01 5.000000e+00 1.000000e+00 5.000000e-01
2.318750e-01 5.000000e+00 1.000000e+00 5.000000e-01
2.325000e-01 5.000000e+00 1.000000e+00 5.000000e-01
2.331250e-01 5.000000e+00 1.000000e+00 5.000000e-01
2.337500e-01 5.000000e+00 1.000000e+00 5.000000e-01
2.343750e-01 5.000000e+00 1.000000e+00 5.000000e-01
2.350000e-01 5.000000e+00 1.000000e+00 5.000000e-01
2.356250e-01 5.000000e+00 1.000000e+00 5.000000e-01
2.362500e-01 5.000000e+00 1.000000e+00 5.000000e-01
2.368750e-01 5.000000e+00 1.000000e+00 5.000000e-01
2.375000e-01 5.000000e+00 1.000000e+00 5.000000e-01
2.381250e-01 5.000000e+00 1.000000e+00 5.000000e-01
2.387500e-01 5.000000e+00 1.000000e+00 5.000000e-01
2.393750e-01 5.000000e+00 1.000000e+00 5.000000e-01
2.400000e-01 5.000000e+00 1.000000e+00 5.000000e-01
2.406250e-01 5.000000e+00 1.000000e+00 5.000000e-01
2.412500e-01 5.000000e+00 1.000000e+00 5.000000e-01
2.418750e-01 5.000000e+00 1.000000e+00 5.000000e-01
2.425000e-01 5.000000e+00 1.000000e+00 5.000000e-01
2.431250e-01 5.000000e+00 1.000000e+00 5.000000e-01
2.437500e-01 5.000000e+00 1.000000e+00 5.000000e-01
2.443750e-01 5.000000e+00 1.000000e+00 5.000000e-01
2.450000e-01 5.000000e+00 1.000000e+00 5.000000e-01
2.456250e-01 5.000000e+00 1.000000e+00 5.000000e-01
2.462500e-01 5.000000e+00 1.000000e+00 5.000000e-01
2.468750e-01 5.000000e+00 1.000000e+00 5.000000e-01
2.475000e-01 5.000000e+00 1.000000e+00 5.000000e-01
2.481250e-01 5.000000e+00 1.000000e+00 5.000000e-01
2.487500e-01 5.000000e+00 1.000000e+00 5.000000e-01
2.493750e-01 5.000000e+00 1.000000e+00 5.000000e-01
2.500000e-01 5.000000e+00 1.000000e+00 5.000000e-01
2.506250e-01 5.000000e+00 1.000000e+00 5.000000e-01
2.512500e-01 5.000000e+00 1.000000e+00 5.000000e-01
2.518750e-01 5.000000e+00 1.000000e+00 5.000000e-01
2.525000e-01 5.000000e+00 1.000000e+00 5.000000e-01
2.531250e-01 5.000000e+00 1.000000e+00 5.000000e-01
2.537500e-01 5.000000e+00 1.000000e+00 5.000000e-01
2.543750e-01 5.000000e+00 1.000000e+00 5.000000e-01
2.550000e-01 5.000000e+00 1.000000e+00 5.000000e-01
2.556250e-01 5.000000e+00 1.000000e+00 5.000000e-01
2.562500e-01 5.000000e+00 1.000000e+00 5.000000e-01
2.568750e-01 5.000000e+00 1.000000e+00 5.000000e-01
2.575000e-01 5.000000e+00 1.000000e+00 5.000000e-01
2.581250e-01 5.000000e+00 1.000000e+00 5.000000e-01
2.587500e-01 5.000000e+00 1.000000e+00 5.000000e-01
2.593750e-01 5.000000e+00 1.000000e+00 5.000000e-01
2.600000e-01 5.000000e+00 1.000000e+00 5.000000e-01
2.606250e-01 5.000000e+00 1.000000e+00 5.000000e-01
2.612500e-01 5.000000e+00 1.000000e+00 5.000000e-01
2.618750e-01 5.000000e+00 1.000000e+00 5.000000e-01
2.625000e-01 5.000000e+00 1.000000e+00 5.000000e-01
2.631250e-01 5.000000e+00 1.000000e+00 5.000000e-01
2.637500e-01 5.000000e+00 1.000000e+00 5.000000e-01
2.643750e-01 5.000000e+00 1.000000e+00 5.000000e-01
2.650000e-01 5.000000e+00 1.000000e+00 5.000000e-01
2.656250e-01 5.000000e+00 1.000000e+00 5.000000e-01
2.662500e-01 5.000000e+00 1.000000e+00 5.000000e-01
2.668750e-01 5.000000e+00 1.000000e+00 5.000000e-01
2.675000e-01 5.000000e+00 1.000000e+00 5.000000e-01
2.681250e-01 5.000000e+00 1.000000e+00 5.000000e-01
2.687500e-01 5.000000e+00 1.000000e+00 5.000000e-01
2.693750e-01 5.000000e+00 1.000000e+00 5.000000e-01
2.700000e-01 5.000000e+00 1.000000e+00 5.000000e-01
2.706250e-01 5.000000e+00 1.000000e+00 5.000000e-01
2.712500e-01 5.000000e+00 1.000000e+00 5.000000e-01
2.718750e-01 5.000000e+00 1.000000e+00 5.000000e-01
2.725000e-01 5.000000e+00 1.000000e+00 5.000000e-01
2.731250e-01 5.000000e+00 1.000000e+00 5.000000e-01
2.737500e-01 5.000000e+00 1.000000e+00 5.000000e-01
2.743750e-01 5.000000e+00 1.000000e+00 5.000000e-01
2.750000e-01 5.000000e+00 1.000000e+00 5.000000e-01
2.756250e-01 5.000000e+00 1.000000e+00 5.000000e-01
2.762500e-01 5.000000e+00 1.000000e+00 5.000000e-01
2.768750e-01 5.000000e+00 1.000000e+00 5.000000e-01
2.775000e-01 5.000000e+00 1.000000e+00 5.000000e-01
2.781250e-01 5.000000e+00 1.000000e+00 5.000000e-01
2.787500e-01 5.000000e+00 1.000000e+00 5.000000e-01
2.793750e-01 5.000000e+00 1.000000e+00 5.000000e-01
2.800000e-01 5.000000e+00 1.000000e+00 5.000000e-01
2.806250e-01 5.000000e+00 1.000000e+00 5.000000e-01
2.812500e-01 5.000000e+00 1.000000e+00 5.000000e-01
2.818750e-01 5.000000e+00 1.000000e+00 5.000000e-01
2.825000e-01 5.000000e+00 1.000000e+00 5.000000e-01
2.831250e-01 5.000000e+00 1.000000e+00 5.000000e-01
2.837500e-01 5.000000e+00 1.000000e+00 5.000000e-01
2.843750e-01 5.000000e+00 1.000000e+00 5.000000e-01
2.850000e-01 5.000000e+00 1.000000e+00 5.000000e-01
2.856250e-01 5.000000e+00 1.000000e+00 5.000000e-01
2.862500e-01 5.000000e+00 1.000000e+00 5.000000e-01
2.868750e-01 5.000000e+00 1.000000e+00 5.000000e-01
2.875000e-01 5.000000e+00 1.000000e+00 5.000000e-01
2.881250e-01 5.000000e+00 1.000000e+00 5.000000e-01
2.887500e-01 5.000000e+00 1.000000e+00 5.000000e-01
2.893750e-01 5.000000e+00 1.000000e+00 5.000000e-01
2.900000e-01 5.000000e+00 1.000000e+00 5.000000e-01
2.906250e-01 5.000000e+00 1.000000e+00 5.000000e-01
2.912500e-01 5.000000e+00 1.000000e+00 5.000000e-01
2.918750e-01 5.000000e+00 1.000000e+00 5.000000e-01
2.925000e-01 5.000000e+00 1.000000e+00 5.000000e-01
2.931250e-01 5.000000e+00 1.000000e+00 5.000000e-01
2.937500e-01 5.000000e+00 1.000000e+00 5.000000e-01
2.943750e-01 5.000000e+00 1.000000e+00 5.000000e-01
2.950000e-01 5.000000e+00 1.000000e+00 5.000000e-01
2.956250e-01 5.000000e+00 1.000000e+00 5.000000e-01
2.962500e-01 5.000000e+00 1.000000e+00 5.000000e-01
2.968750e-01 5.000000e+00 1.000000e+00 5.000000e-01
2.975000e-01 5.000000e+00 1.000000e+00 5.000000e-01
2.981250e-01 5.000000e+00 1.000000e+00 5.000000e-01
2.987500e-01 5.000000e+00 1.000000e+00 5.000000e-01
2.993750e-01 5.000000e+00 1.000000e+00 5.000000e-01
3.000000e-01 5.000000e+00 1.000000e+00 5.000000e-01
3.006250e-01 5.000000e+00 1.000000e+00 5.000000e-01
3.012500e-01 5.000000e+00 1.000000e+00 5.000000e-01
3.018750e-01 5.000000e+00 1.000000e+00 5.000000e-01
3.025000e-01 5.000000e+00 1.000000e+00 5.000000e-01
3.031250e-01 5.000000e+00 1.000000e+00 5.000000e-01
3.037500e-01 5.000000e+00 1.000000e+00 5.000000e-01
3.043750e-01 5.000000e+00 1.000000e+00 5.000000e-01
3.050000e-01 5.000000e+00 1.000000e+00 5.000000e-01
3.056250e-01 5.000000e+00 1.000000e+00 5.000000e-01
3.062500e-01 5.000000e+00 1.000000e+00 5.000000e-01
3.068750e-01 5.000000e+00 1.000000e+00 5.000000e-01
3.075000e-01 5.000000e+00 1.000000e+00 5.000000e-01
3.081250e-01 5.000000e+00 1.000000e+00 5.000000e-01
3.087500e-01 5.000000e+00 1.000000e+00 5.000000e-01
3.093750e-01 5.000000e+00 1.000000e+00 5.000000e-01
3.100000e-01 5.000000e+00 1.000000e+00 5.000000e-01
3.106250e-01 5.000000e+00 1.000000e+00 5.000000e-01
3.112500e-01 5.000000e+00 1.000000e+00 5.000000e-01
3.118750e-01 5.000000e+00 1.000000e+00 5.000000e-01
3.125000e-01 5.000000e+00 1.000000e+00 5.000000e-01
3.131250e-01 5.000000e+00 1.000000e+00 5.000000e-01
3.137500e-01 5.000000e+00 1.000000e+00 5.000000e-01
3.143750e-01 5.000000e+00 1.000000e+00 5.000000e-01
3.150000e-01 5.000000e+00 1.000000e+00 5.000000e-01
3.156250e-01 5.000000e+00 1.000000e+00 5.000000e-01
3.162500e-01 5.000000e+00 1.000000e+00 5.000000e-01
3.168750e-01 5.000000e+00 1.000000e+00 5.000000e-01
3.175000e-01 5.000000e+00 1.000000e+00 5.000000e-01
3.181250e-01 5.000000e+00 1.000000e+00 5.000000e-01
3.187500e-01 5.000000e+00 1.000000e+00 5.000000e-01
3.193750e-01 5.000000e+00 1.000000e+00 5.000000e-01
3.200000e-01 5.000000e+00 1.000000e+00 5.000000e-01
3.206250e-01 5.000000e+00 1.000000e+00 5.000000e-01
3.212500e-01 5.000000e+00 1.000000e+00 5.000000e-01
3.218750e-01 5.000000e+00 1.000000e+00 5.000000e-01
3.225000e-01 5.000000e+00 1.000000e+00 5.000000e-01
3.231250e-01 5.000000e+00 1.000000e+00 5.000000e-01
3.237500e-01 5.000000e+00 1.000000e+00 5.000000e-01
3.243750e-01 5.000000e+00 1.000000e+00 5.000000e-01
3.250000e-01 5.000000e+00 1.000000e+00 5.000000e-01
3.256250e-01 5.000000e+00 1.000000e+00 5.000000e-01
3.262500e-01 5.000000e+00 1.000000e+00 5.000000e-01
3.268750e-01 5.000000e+00 1.000000e+00 5.000000e-01
3.275000e-01 5.000000e+00 1.000000e+00 5.000000e-01
3.281250e-01 5.000000e+00 1.000000e+00 5.000000e-01
3.287500e-01 5.000000e+00 1.000000e+00 5.000000e-01
3.293750e-01 5.000000e+00 1.000000e+00 5.000000e-01
3.300000e-01 5.000000e+00 1.000000e+00 5.000000e-01
3.306250e-01 5.000000e+00 1.000000e+00 5.000000e-01
3.312500e-01 5.000000e+00 1.000000e+00 5.000000e-01
3.318750e-01 5.000000e+00 1.000000e+00 5.000000e-01
3.325000e-01 5.000000e+00 1.000000e+00 5.000000e-01
3.331250e-01 5.000000e+00 1.000000e+00 5.000000e-01
3.337500e-01 5.000000e+00 1.000000e+00 5.000000e-01
3.343750e-01 5.000000e+00 1.000000e+00 5.000000e-01
3.350000e-01 5.000000e+00 1.000000e+00 5.000000e-01
3.356250e-01 5.000000e+00 1.000000e+00 5.000000e-01
3.362500e-01 5.000000e+00 1.000000e+00 5.000000e-01
3.368750e-01 5.000000e+00 1.000000e+00 5.000000e-01
3.375000e-01 5.000000e+00 1.000000e+00 5.000000e-01
3.381250e-01 5.000000e+00 1.000000e+00 5.000000e-01
3.387500e-01 5.000000e+00 1.000000e+00 5.000000e-01
3.393750e-01 5.000000e+00 1.000000e+00 5.000000e-01
3.400000e-01 5.000000e+00 1.000000e+00 5.000000e-01
3.406250e-01 5.000000e+00 1.000000e+00 5.000000e-01
3.412500e-01 5.000000e+00 1.000000e+00 5.000000e-01
3.418750e-01 5.000000e+00 1.000000e+00 5.000000e-01
3.425000e-01 5.000000e+00 1.000000e+00 5.000000e-01
3.431250e-01 5.000000e+00 1.000000e+00 5.000000e-01
3.437500e-01 5.000000e+00 1.000000e+00 5.000000e-01
3.443750e-01 5.000000e+00 1.000000e+00 5.000000e-01
3.450000e-01 5.000000e+00 1.000000e+00 5.000000e-01
3.456250e-01 5.000000e+00 1.000000e+00 5.000000e-01
3.462500e-01 5.000000e+00 1.000000e+00 5.000000e-01
3.468750e-01 5.000000e+00 1.000000e+00 5.000000e-01
3.475000e-01 5.000000e+00 1.000000e+00 5.000000e-01
3.481250e-01 5.000000e+00 1.000000e+00 5.000000e-01
3.487500e-01 5.000000e+00 1.000000e+00 5.000000e-01
3.493750e-01 5.000000e+00 1.000000e+00 5.000000e-01
3.500000e-01 5.000000e+00 1.000000e+00 5.000000e-01
3.506250e-01 5.000000e+00 1.000000e+00 5.000000e-01
3.512500e-01 5.000000e+00 1.000000e+00 5.000000e-01
3.518750e-01 5.000000e+00 1.000000e+00 5.000000e-01
3.525000e-01 5.000000e+00 1.000000e+00 5.000000e-01
3.531250e-01 5.000000e+00 1.000000e+00 5.000000e-01
3.537500e-01 5.000000e+00 1.000000e+00 5.000000e-01
3.543750e-01 5.000000e+00 1.000000e+00 5.000000e-01
3.550000e-01 5.000000e+00 1.000000e+00 5.000000e-01
3.556250e-01 5.000000e+00 1.000000e+00 5.000000e-01
3.562500e-01 5.000000e+00 1.000000e+00 5.000000e-01
3.568750e-01 5.000000e+00 1.000000e+00 5.000000e-01
3.575000e-01 5.000000e+00 1.000000e+00 5.000000e-01
3.581250e-01 5.000000e+00 1.000000e+00 5.000000e-01
3.587500e-01 5.000000e+00 1.000000e+00 5.000000e-01
3.593750e-01 5.000000e+00 1.000000e+00 5.000000e-01
3.600000e-01 5.000000e+00 1.000000e+00 5.000000e-01
3.606250e-01 5.000000e+00 1.000000e+00 5.000000e-01
3.612500e-01 5.000000e+00 1.000000e+00 5.000000e-01
3.618750e-01 5.000000e+00 1.000000e+00 5.000000e-01
3.625000e-01 5.000000e+00 1.000000e+00 5.000000e-01
3.631250e-01 5.000000e+00 1.000000e+00 5.000000e-01
3.637500e-01 5.000000e+00 1.000000e+00 5.000000e-01
3.643750e-01 5.000000e+00 1.000000e+00 5.000000e-01
3.650000e-01 5.000000e+00 1.000000e+00 5.000000e-01
3.656250e-01 5.000000e+00 1.000000e+00 5.000000e-01
3.662500e-01 5.000000e+00 1.000000e+00 5.000000e-01
3.668750e-01 5.000000e+00 1.000000e+00 5.000000e-01
3.675000e-01 5.000000e+00 1.000000e+00 5.000000e-01
3.681250e-01 5.000000e+00 1.000000e+00 5.000000e-01
3.687500e-01 5.000000e+00 1.000000e+00 5.000000e-01
3.693750e-01 5.000000e+00 1.000000e+00 5.000000e-01
3.700000e-01 5.000000e+00 1.000000e+00 5.000000e-01
3.706250e-01 5.000000e+00 1.000000e+00 5.000000e-01
3.712500e-01 5.000000e+00 1.000000e+00 5.000000e-01
3.718750e-01 5.000000e+00 1.000000e+00 5.000000e-01
3.725000e-01 5.000000e+00 1.000000e+00 5.000000e-01
3.731250e-01 5.000000e+00 1.000000e+00 5.000000e-01
3.737500e-01 5.000000e+00 1.000000e+00 5.000000e-01
3.743750e-01 5.000000e+00 1.000000e+00 5.000000e-01
3.750000e-01 5.000000e+00 1.000000e+00 5.000000e-01
3.756250e-01 5.000000e+00 1.000000e+00 5.000000e-01
3.762500e-01 5.000000e+00 1.000000e+00 5.000000e-01
3.768750e-01 5.000000e+00 1.000000e+00 5.000000e-01
3.775000e-01 5.000000e+00 1.000000e+00 5.000000e-01
3.781250e-01 5.000000e+00 1.000000e+00 5.000000e-01
3.787500e-01 5.000000e+00 1.000000e+00 5.000000e-01
3.793750e-01 5.000000e+00 1.000000e+00 5.000000e-01
3.800000e-01 5.000000e+00 1.000000e+00 5.000000e-01
3.806250e-01 5.000000e+00 1.000000e+00 5.000000e-01
3.812500e-01 5.000000e+00 1.000000e+00 5.000000e-01
3.818750e-01 5.000000e+00 1.000000e+00 5.000000e-01
3.825000e-01 5.000000e+00 1.000000e+00 5.000000e-01
3.831250e-01 5.000000e+00 1.000000e+00 5.000000e-01
3.837500e-01 5.000000e+00 1.000000e+00 5.000000e-01
3.843750e-01 5.000000e+00 1.000000e+00 5.000000e-01
3.850000e-01 5.000000e+00 1.000000e+00 5.000000e-01
3.856250e-01 5.000000e+00 1.000000e+00 5.000000e-01
3.862500e-01 5.000000e+00 1.000000e+00 5.000000e-01
3.868750e-01 5.000000e+00 1.000000e+00 5.000000e-01
3.875000e-01 5.000000e+00 1.000000e+00 5.000000e-01
3.881250e-01 5.000000e+00 1.000000e+00 5.000000e-01
3.887500e-01 5.000000e+00 1.000000e+00 5.000000e-01
3.893750e-01 5.000000e+00 1.000000e+00 5.000000e-01
3.900000e-01 5.000000e+00 1.000000e+00 5.000000e-01
3.906250e-01 5.000000e+00 1.000000e+00 5.000000e-01
3.912500e-01 5.000000e+00 1.000000e+00 5.000000e-01
3.918750e-01 5.000000e+00 1.000000e+00 5.000000e-01
3.925000e-01 5.000000e+00 1.000000e+00 5.000000e-01
3.931250e-01 5.000000e+00 1.000000e+00 5.000000e-01
3.937500e-01 5.000000e+00 1.000000e+00 5.000000e-01
3.943750e-01 5.000000e+00 1.000000e+00 5.000000e-01
3.950000e-01 5.000000e+00 1.000000e+00 5.000000e-01
3.956250e-01 5.000000e+00 1.000000e+00 5.000000e-01
3.962500e-01 5.000000e+00 1.000000e+00 5.000000e-01
3.968750e-01 5.000000e+00 1.000000e+00 5.000000e-01
3.975000e-01 5.000000e+00 1.000000e+00 5.000000e-01
3.981250e-01 5.000000e+00 1.000000e+00 5.000000e-01
3.987500e-01 5.000000e+00 1.000000e+00 5.000000e-01
3.993750e-01 5.000000e+00 1.000000e+00 5.000000e-01
4.000000e-01 5.000000e+00 1.000000e+00 5.000000e-01
4.006250e-01 5.000000e+00 1.000000e+00 5.000000e-01
4.012500e-01 5.000000e+00 1.000000e+00 5.000000e-01
4.018750e-01 5.000000e+00 1.000000e+00 5.000000e-01
4.025000e-01 5.000000e+00 1.000000e+00 5.000000e-01
4.031250e-01 5.000000e+00 1.000000e+00 5.000000e-01
4.037500e-01 5.000000e+00 1.000000e+00 5.000000e-01
4.043750e-01 5.000000e+00 1.000000e+00 5.000000e-01
4.050000e-01 5.000000e+00 1.000000e+00 5.000000e-01
4.056250e-01 5.000000e+00 1.000000e+00 5.000000e-01
4.062500e-01 5.000000e+00 1.000000e+00 5.000000e-01
4.068750e-01 5.000000e+00 1.000000e+00 5.000000e-01
4.075000e-01 5.000000e+00 1.000000e+00 5.000000e-01
4.081250e-01 5.000000e+00 1.000000e+00 5.000000e-01
4.087500e-01 5.000000e+00 1.000000e+00 5.000000e-01
4.093750e-01 5.000000e+00 1.000000e+00 5.000000e-01
4.100000e-01 5.000000e+00 1.000000e+00 5.000000e-01
4.106250e-01 5.000000e+00 1.000000e+00 5.000000e-01
4.112500e-01 5.000000e+00 1.000000e+00 5.000000e-01
4.118750e-01 5.000000e+00 1.000000e+00 5.000000e-01
4.125000e-01 5.000000e+00 1.000000e+00 5.000000e-01
4.131250e-01 5.000000e+00 1.000000e+00 5.000000e-01
4.137500e-01 5.000000e+00 1.000000e+00 5.000000e-01
4.143750e-01 5.000000e+00 1.000000e+00 5.000000e-01
4.150000e-01 5.000000e+00 1.000000e+00 5.000000e-01
4.156250e-01 5.000000e+00 1.000000e+00 5.000000e-01
4.162500e-01 5.000000e+00 1.000000e+00 5.000000e-01
4.168750e-01 5.000000e+00 1.000000e+00 5.000000e-01
4.175000e-01 5.000000e+00 1.000000e+00 5.000000e-01
4.181250e-01 5.000000e+00 1.000000e+00 5.000000e-01
4.187500e-01 5.000000e+00 1.000000e+00 5.000000e-01
4.193750e-01 5.000000e+00 1.000000e+00 5.000000e-01
4.200000e-01 5.000000e+00 1.000000e+00 5.000000e-01
4.206250e-01 5.000000e+00 1.000000e+00 5.000000e-01
4.212500e-01 5.000000e+00 1.000000e+00 5.000000e-01
4.218750e-01 5.000000e+00 1.000000e+00 5.000000e-01
4.225000e-01 5.000000e+00 1.000000e+00 5.000000e-01
4.231250e-01 5.000000e+00 1.000000e+00 5.000000e-01
4.237500e-01 5.000000e+00 1.000000e+00 5.000000e-01
4.243750e-01 5.000000e+00 1.000000e+00 5.000000e-01
4.250000e-01 5.000000e+00 1.000000e+00 5.000000e-01
4.256250e-01 5.000000e+00 1.000000e+00 5.000000e-01
4.262500e-01 5.000000e+00 1.000000e+00 5.000000e-01
4.268750e-01 5.000000e+00 1.000000e+00 5.000000e-01
4.275000e-01 5.000000e+00 1.000000e+00 5.000000e-01
4.281250e-01 5.000000e+00 1.000000e+00 5.000000e-01
4.287500e-01 5.000000e+00 1.000000e+00 5.000000e-01
4.293750e-01 5.000000e+00 1.000000e+00 5.000000e-01
4.300000e-01 5.000000e+00 1.000000e+00 5.000000e-01
4.306250e-01 5.000000e+00 1.000000e+00 5.000000e-01
4.312500e-01 5.000000e+00 1.000000e+00 5.000000e-01
4.318750e-01 5.000000e+00 1.000000e+00 5.000000e-01
4.325000e-01 5.000000e+00 1.000000e+00 5.000000e-01
4.331250e-01 5.000000e+00 1.000000e+00 5.000000e-01
4.337500e-01 5.000000e+00 1.000000e+00 5.000000e-01
4.343750e-01 5.000000e+00 1.000000e+00 5.000000e-01
4.350000e-01 5.000000e+00 1.000000e+00 5.000000e-01
4.356250e-01 5.000000e+00 1.000000e+00 5.000000e-01
4.362500e-01 5.000000e+00 1.000000e+00 5.000000e-01
4.368750e-01 5.000000e+00 1.000000e+00 5.000000e-01
4.375000e-01 5.000000e+00 1.000000e+00 5.000000e-01
4.381250e-01 5.000000e+00 1.000000e+00 5.000000e-01
4.387500e-01 5.000000e+00 1.000000e+00 5.000000e-01
4.393750e-01 5.000000e+00 1.000000e+00 5.000000e-01
4.400000e-01 5.000000e+00 1.000000e+00 5.000000e-01
4.406250e-01 5.000000e+00 1.000000e+00 5.000000e-01
4.412500e-01 5.000000e+00 1.000000e+00 5.000000e-01
4.418750e-01 5.000000e+00 1.000000e+00 5.000000e-01
4.425000e-01 5.000000e+00 1.000000e+00 5.000000e-01
4.431250e-01 5.000000e+00 1.000000e+00 5.000000e-01
4.437500e-01 5.000000e+00 1.000000e+00 5.000000e-01
4.443750e-01 5.000000e+00 1.000000e+00 5.000000e-01
4.450000e-01 5.000000e+00 1.000000e+00 5.000000e-01
4.456250e-01 5.000000e+00 1.000000e+00 5.000000e-01
4.462500e-01 5.000000e+00 1.000000e+00 5.000000e-01
4.468750e-01 5.000000e+00 1.000000e+00 5.000000e-01
4.475000e-01 5.000000e+00 1.000000e+00 5.000000e-01
4.481250e-01 5.000000e+00 1.000000e+00 5.000000e-01
4.487500e-01 5.000000e+00 1.000000e+00 5.000000e-01
4.493750e-01 5.000000e+00 1.000000e+00 5.000000e-01
4.500000e-01 5.000000e+00 1.000000e+00 5.000000e-01
4.506250e-01 5.000000e+00 1.000000e+00 5.000000e-01
4.512500e-01 5.000000e+00 1.000000e+00 5.000000e-01
4.518750e-01 5.000000e+00 1.000000e+00 5.000000e-01
4.525000e-01 5.000000e+00 1.000000e+00 5.000000e-01
4.531250e-01 5.000000e+00 1.000000e+00 5.000000e-01
4.537500e-01 5.000000e+00 1.000000e+00 5.000000e-01
4.543750e-01 5.000000e+00 1.000000e+00 5.000000e-01
4.550000e-01 5.000000e+00 1.000000e+00 5.000000e-01
4.556250e-01 5.000000e+00 1.000000e+00 5.000000e-01
4.562500e-01 5.000000e+00 1.000000e+00 5.000000e-01
4.568750e-01 5.000000e+00 1.000000e+00 5.000000e-01
4.575000e-01 5.000000e+00 1.000000e+00 5.000000e-01
4.581250e-01 5.000000e+00 1.000000e+00 5.000000e-01
4.587500e-01 5.000000e+00 1.000000e+00 5.000000e-01
4.593750e-01 5.000000e+00 1.000000e+00 5.000000e-01
4.600000e-01 5.000000e+00 1.000000e+00 5.000000e-01
4.606250e-01 5.000000e+00 1.000000e+00 5.000000e-01
4.612500e-01 5.000000e+00 1.000000e+00 5.000000e-01
4.618750e-01 5.000000e+00 1.000000e+00 5.000000e-01
4.625000e-01 5.000000e+00 1.000000e+00 5.000000e-01
4.631250e-01 5.000000e+00 1.000000e+00 5.000000e-01
4.637500e-01 5.000000e+00 1.000000e+00 5.000000e-01
4.643750e-01 5.000000e+00 1.000000e+00 5.000000e-01
4.650000e-01 5.000000e+00 1.000000e+00 5.000000e-01
4.656250e-01 5.000000e+00 1.000000e+00 5.000000e-01
4.662500e-01 5.000000e+00 1.000000e+00 5.000000e-01
4.668750e-01 5.000000e+00 1.000000e+00 5.000000e-01
4.675000e-01 5.000000e+00 1.000000e+00 5.000000e-01
4.681250e-01 5.000000e+00 1.000000e+00 5.000000e-01
4.687500e-01 5.000000e+00 1.000000e+00 5.000000e-01
4.693750e-01 5.000000e+00 1.000000e+00 5.000000e-01
4.700000e-01 5.000000e+00 1.000000e+00 5.000000e-01
4.706250e-01 5.000000e+00 1.000000e+00 5.000000e-01
4.712500e-01 5.000000e+00 1.000000e+00 5.000000e-01
4.718750e-01 5.000000e+00 1.000000e+00 5.000000e-01
4.725000e-01 5.000000e+00 1.000000e+00 5.000000e-01
4.731250e-01 5.099468e+00 1.028420e+00 4.894130e-01
4.737500e-01 5.967352e+00 1.284922e+00 4.005124e-01
4.743750e-01 6.654467e+00 1.496456e+00 3.551683e-01
4.750000e-01 6.678429e+00 1.503822e+00 3.477007e-01
4.756250e-01 6.642456e+00 1.491818e+00 3.459717e-01
4.762500e-01 6.599667e+00 1.478304e+00 3.428929e-01
4.768750e-01 6.586050e+00 1.474393e+00 3.420305e-01
4.775000e-01 6.589603e+00 1.475554e+00 3.427687e-01
4.781250e-01 6.613163e+00 1.482874e+00 3.448808e-01
4.787500e-01 6.646124e+00 1.493208e+00 3.475673e-01
4.793750e-01 6.655828e+00 1.496377e+00 3.482123e-01
4.800000e-01 6.652710e+00 1.495436e+00 3.477262e-01
4.806250e-01 6.635214e+00 1.489895e+00 3.461449e-01
4.812500e-01 6.608966e+00 1.481527e+00 3.439643e-01
4.818750e-01 6.599325e+00 1.478444e+00 3.432929e-01
4.825000e-01 6.601465e+00 1.479124e+00 3.436575e-01
4.831250e-01 6.614907e+00 1.483391e+00 3.448706e-01
4.837500e-01 6.636514e+00 1.490234e+00 3.466354e-01
4.843750e-01 6.645788e+00 1.493177e+00 3.472813e-01
4.850000e-01 6.644479e+00 1.492764e+00 3.470066e-01
4.856250e-01 6.634258e+00 1.489520e+00 3.460761e-01
4.862500e-01 6.616577e+00 1.483921e+00 3.446256e-01
4.868750e-01 6.608341e+00 1.481320e+00 3.440327e-01
4.875000e-01 6.609056e+00 1.481559e+00 3.442381e-01
4.881250e-01 6.616678e+00 1.483998e+00 3.449496e-01
4.887500e-01 6.630920e+00 1.488509e+00 3.461248e-01
4.893750e-01 6.638331e+00 1.490842e+00 3.466698e-01
4.900000e-01 6.638106e+00 1.490754e+00 3.465237e-01
4.906250e-01 6.632482e+00 1.488941e+00 3.459903e-01
4.912500e-01 6.621106e+00 1.485332e+00 3.450448e-01
4.918750e-01 6.614425e+00 1.483235e+00 3.445374e-01
4.925000e-01 6.614433e+00 1.483257e+00 3.446382e-01
4.931250e-01 6.618674e+00 1.484636e+00 3.450441e-01
4.937500e-01 6.627698e+00 1.487511e+00 3.457961e-01
4.943750e-01 6.633589e+00 1.489379e+00 3.462503e-01
4.950000e-01 6.633732e+00 1.489418e+00 3.461846e-01
4.956250e-01 6.630525e+00 1.488389e+00 3.458832e-01
4.962500e-01 6.623236e+00 1.486074e+00 3.452827e-01
4.968750e-01 6.618039e+00 1.484437e+00 3.448852e-01
4.975000e-01 6.617692e+00 1.484339e+00 3.449261e-01
4.981250e-01 6.620003e+00 1.485090e+00 3.451501e-01
4.987500e-01 6.625774e+00 1.486929e+00 3.456267e-01
4.993750e-01 6.630268e+00 1.488355e+00 3.459718e-01
5.000000e-01 6.630762e+00 1.488510e+00 3.459486e-01
5.006250e-01 6.629120e+00 1.487984e+00 3.457824e-01
5.012500e-01 6.624623e+00 1.486550e+00 3.454037e-01
5.018750e-01 6.620739e+00 1.485309e+00 3.450974e-01
5.025000e-01 6.620207e+00 1.485135e+00 3.451029e-01
5.031250e-01 6.621369e+00 1.485502e+00 3.452271e-01
5.037500e-01 6.624859e+00 1.486614e+00 3.455273e-01
5.043750e-01 6.628174e+00 1.487677e+00 3.457947e-01
5.050000e-01 6.628664e+00 1.487846e+00 3.458046e-01
5.056250e-01 6.627855e+00 1.487599e+00 3.457188e-01
5.062500e-01 6.625158e+00 1.486746e+00 3.454891e-01
5.068750e-01 6.622432e+00 1.485869e+00 3.452667e-01
5.075000e-01 6.622009e+00 1.485713e+00 3.452480e-01
5.081250e-01 6.622662e+00 1.485900e+00 3.453071e-01
5.087500e-01 6.624816e+00 1.486562e+00 3.454806e-01
5.093750e-01 6.627132e+00 1.487289e+00 3.456633e-01
5.100000e-01 6.627568e+00 1.487428e+00 3.456857e-01
5.106250e-01 6.627089e+00 1.487281e+00 3.456457e-01
5.112500e-01 6.625399e+00 1.486756e+00 3.455146e-01
5.118750e-01 6.623400e+00 1.486130e+00 3.453614e-01
5.125000e-01 6.622921e+00 1.485978e+00 3.453356e-01
5.131250e-01 6.623255e+00 1.486079e+00 3.453649e-01
5.137500e-01 6.624552e+00 1.486478e+00 3.454644e-01
5.143750e-01 6.626250e+00 1.487002e+00 3.455892e-01
5.150000e-01 6.626821e+00 1.487170e+00 3.456184e-01
5.156250e-01 6.626676e+00 1.487119e+00 3.455930e-01
5.162500e-01 6.625798e+00 1.486836e+00 3.455155e-01
5.168750e-01 6.624512e+00 1.486430e+00 3.454153e-01
5.175000e-01 6.624021e+00 1.486275e+00 3.453873e-01
5.181250e-01 6.624099e+00 1.486300e+00 3.454089e-01
5.187500e-01 6.624733e+00 1.486499e+00 3.454707e-01
5.193750e-01 6.625744e+00 1.486817e+00 3.455554e-01
5.200000e-01 6.626159e+00 1.486948e+00 3.455839e-01
5.206250e-01 6.626104e+00 1.486932e+00 3.455687e-01
5.212500e-01 6.625617e+00 1.486782e+00 3.455220e-01
5.218750e-01 6.624790e+00 1.486525e+00 3.454534e-01
5.225000e-01 6.624413e+00 1.486411e+00 3.454270e-01
5.231250e-01 6.624456e+00 1.486427e+00 3.454361e-01
5.237500e-01 6.624835e+00 1.486547e+00 3.454677e-01
5.243750e-01 6.625506e+00 1.486753e+00 3.455179e-01
5.250000e-01 6.625846e+00 1.486854e+00 3.455392e-01
5.256250e-01 6.625794e+00 1.486835e+00 3.455342e-01
5.262500e-01 6.625466e+00 1.486729e+00 3.455121e-01
5.268750e-01 6.624885e+00 1.486552e+00 3.454747e-01
5.275000e-01 6.624529e+00 1.486451e+00 3.454553e-01
5.281250e-01 6.624522e+00 1.486455e+00 3.454608e-01
5.287500e-01 6.624737e+00 1.486534e+00 3.454790e-01
5.293750e-01 6.625160e+00 1.486677e+00 3.455097e-01
5.300000e-01 6.625434e+00 1.486770e+00 3.455277e-01
5.306250e-01 6.625448e+00 1.486776e+00 3.455231e-01
5.312500e-01 6.625289e+00 1.486725e+00 3.455079e-01
5.318750e-01 6.624972e+00 1.486620e+00 3.454807e-01
5.325000e-01 6.624776e+00 1.486552e+00 3.454639e-01
5.331250e-01 6.624795e+00 1.486556e+00 3.454650e-01
5.337500e-01 6.624919e+00 1.486595e+00 3.454753e-01
5.343750e-01 6.625127e+00 1.486667e+00 3.454969e-01
5.350000e-01 6.625223e+00 1.486705e+00 3.455111e-01
5.356250e-01 6.625148e+00 1.486691e+00 3.455134e-01
5.362500e-01 6.624978e+00 1.486647e+00 3.455062e-01
5.368750e-01 6.624727e+00 1.486573e+00 3.454885e-01
5.375000e-01 6.624574e+00 1.486525e+00 3.454755e-01
5.381250e-01 6.624601e+00 1.486532e+00 3.454738e-01
5.387500e-01 6.624720e+00 1.486564e+00 3.454792e-01
5.393750e-01 6.624941e+00 1.486626e+00 3.454934e-01
5.400000e-01 6.625109e+00 1.486673e+00 3.455051e-01
5.406250e-01 6.625123e+00 1.486677e+00 3.455049e-01
5.412500e-01 6.625071e+00 1.486663e+00 3.454997e-01
5.418750e-01 6.624925e+00 1.486622e+00 3.454876e-01
5.425000e-01 6.624797e+00 1.486590e+00 3.454785e-01
5.431250e-01 6.624757e+00 1.486585e+00 3.454791e-01
5.437500e-01 6.624773e+00 1.486593e+00 3.454844e-01
5.443750e-01 6.624855e+00 1.486619e+00 3.454950e-01
5.450000e-01 6.624947e+00 1.486643e+00 3.455044e-01
5.456250e-01 6.624962e+00 1.486641e+00 3.455068e-01
5.462500e-01 6.624956e+00 1.486627e+00 3.455037e-01
5.468750e-01 6.624902e+00 1.486601e+00 3.454951e-01
5.475000e-01 6.624848e+00 1.486578e+00 3.454865e-01
5.481250e-01 6.624856e+00 1.486577e+00 3.454835e-01
5.487500e-01 6.624906e+00 1.486589e+00 3.454846e-01
5.493750e-01 6.624982e+00 1.486613e+00 3.454891e-01
5.500000e-01 6.625051e+00 1.486636e+00 3.454936e-01
5.506250e-01 6.625074e+00 1.486644e+00 3.454935e-01
5.512500e-01 6.625062e+00 1.486639e+00 3.454905e-01
5.518750e-01 6.625011e+00 1.486619e+00 3.454850e-01
5.525000e-01 6.624967e+00 1.486596e+00 3.454812e-01
5.531250e-01 6.624961e+00 1.486581e+00 3.454818e-01
5.537500e-01 6.624983e+00 1.486577e+00 3.454867e-01
5.543750e-01 6.625043e+00 1.486584e+00 3.454936e-01
5.550000e-01 6.625113e+00 1.486600e+00 3.455006e-01
5.556250e-01 6.625132e+00 1.486607e+00 3.455028e-01
5.562500e-01 6.625116e+00 1.486609e+00 3.455009e-01
5.568750e-01 6.625054e+00 1.486604e+00 3.454966e-01
5.575000e-01 6.624977e+00 1.486593e+00 3.454918e-01
5.581250e-01 6.624939e+00 1.486590e+00 3.454902e-01
5.587500e-01 6.624948e+00 1.486593e+00 3.454912e-01
5.593750e-01 6.625053e+00 1.486606e+00 3.454942e-01
5.600000e-01 6.625288e+00 1.486625e+00 3.454976e-01
5.606250e-01 6.625572e+00 1.486638e+00 3.454984e-01
5.612500e-01 6.625819e+00 1.486646e+00 3.454967e-01
5.618750e-01 6.625873e+00 1.486645e+00 3.454928e-01
5.625000e-01 6.625791e+00 1.486636e+00 3.454895e-01
5.631250e-01 6.625255e+00 1.486625e+00 3.454898e-01
5.637500e-01 6.622120e+00 1.486611e+00 3.454931e-01
5.643750e-01 6.605651e+00 1.486604e+00 3.454979e-01
5.650000e-01 6.546339e+00 1.486608e+00 3.455021e-01
5.656250e-01 6.413833e+00 1.486614e+00 3.455045e-01
5.662500e-01 6.186372e+00 1.486619e+00 3.455036e-01
5.668750e-01 5.846930e+00 1.486622e+00 3.455004e-01
5.675000e-01 5.389483e+00 1.486620e+00 3.454965e-01
5.681250e-01 4.823542e+00 1.486612e+00 3.454943e-01
5.687500e-01 4.175910e+00 1.486606e+00 3.454938e-01
5.693750e-01 3.488840e+00 1.486608e+00 3.454934e-01
5.700000e-01 2.815108e+00 1.486614e+00 3.454922e-01
5.706250e-01 2.210738e+00 1.486621e+00 3.454917e-01
5.712500e-01 1.730940e+00 1.486625e+00 3.454925e-01
5.718750e-01 1.429302e+00 1.486627e+00 3.454947e-01
5.725000e-01 1.320751e+00 1.486628e+00 3.454965e-01
5.731250e-01 1.320044e+00 1.486628e+00 3.454979e-01
5.737500e-01 1.320237e+00 1.486627e+00 3.454980e-01
5.743750e-01 1.320741e+00 1.486629e+00 3.454965e-01
5.750000e-01 1.321517e+00 1.486631e+00 3.454936e-01
5.756250e-01 1.322460e+00 1.486633e+00 3.454897e-01
5.762500e-01 1.323431e+00 1.486634e+00 3.454857e-01
5.768750e-01 1.324288e+00 1.486632e+00 3.454827e-01
5.775000e-01 1.324905e+00 1.486628e+00 3.454810e-01
5.781250e-01 1.325186e+00 1.486625e+00 3.454810e-01
5.787500e-01 1.325200e+00 1.486619e+00 3.454826e-01
5.793750e-01 1.325181e+00 1.486616e+00 3.454846e-01
5.800000e-01 1.325127e+00 1.486614e+00 3.454867e-01
5.806250e-01 1.325050e+00 1.486615e+00 3.454887e-01
5.812500e-01 1.324964e+00 1.486618e+00 3.454905e-01
5.818750e-01 1.324885e+00 1.486622e+00 3.454926e-01
5.825000e-01 1.324830e+00 1.486625e+00 3.454956e-01
5.831250e-01 1.324809e+00 1.486627e+00 3.454996e-01
5.837500e-01 1.324810e+00 1.486627e+00 3.455032e-01
5.843750e-01 1.324818e+00 1.486626e+00 3.455063e-01
5.850000e-01 1.324836e+00 1.486626e+00 3.455081e-01
5.856250e-01 1.324860e+00 1.486626e+00 3.455076e-01
5.862500e-01 1.324888e+00 1.486627e+00 3.455054e-01
5.868750e-01 1.324915e+00 1.486628e+00 3.455018e-01
5.875000e-01 1.324936e+00 1.486629e+00 3.454975e-01
5.881250e-01 1.324950e+00 1.486629e+00 3.454935e-01
5.887500e-01 1.324956e+00 1.486627e+00 3.454911e-01
5.893750e-01 1.324955e+00 1.486623e+00 3.454899e-01
5.900000e-01 1.324952e+00 1.486621e+00 3.454899e-01
5.906250e-01 1.324950e+00 1.486620e+00 3.454906e-01
5.912500e-01 1.324949e+00 1.486621e+00 3.454912e-01
5.918750e-01 1.324950e+00 1.486625e+00 3.454915e-01
5.925000e-01 1.324954e+00 1.486633e+00 3.454916e-01
5.931250e-01 1.324960e+00 1.486641e+00 3.454920e-01
5.937500e-01 1.324967e+00 1.486650e+00 3.454932e-01
5.943750e-01 1.324974e+00 1.486656e+00 3.454954e-01
5.950000e-01 1.324979e+00 1.486660e+00 3.454985e-01
5.956250e-01 1.324984e+00 1.486661e+00 3.455004e-01
5.962500e-01 1.324987e+00 1.486660e+00 3.455018e-01
5.968750e-01 1.324989e+00 1.486658e+00 3.455012e-01
5.975000e-01 1.324993e+00 1.486658e+00 3.454987e-01
5.981250e-01 1.324997e+00 1.486659e+00 3.454937e-01
5.987500e-01 1.325000e+00 1.486659e+00 3.454877e-01
5.993750e-01 1.325002e+00 1.486659e+00 3.454815e-01
6.000000e-01 1.325003e+00 1.486656e+00 3.454775e-01
6.006250e-01 1.325001e+00 1.486650e+00 3.454758e-01
6.012500e-01 1.324998e+00 1.486642e+00 3.454774e-01
6.018750e-01 1.324993e+00 1.486633e+00 3.454822e-01
6.025000e-01 1.324988e+00 1.486625e+00 3.454882e-01
6.031250e-01 1.324986e+00 1.486620e+00 3.454935e-01
6.037500e-01 1.324986e+00 1.486620e+00 3.454984e-01
6.043750e-01 1.324989e+00 1.486623e+00 3.455009e-01
6.050000e-01 1.324994e+00 1.486630e+00 3.455028e-01
6.056250e-01 1.325000e+00 1.486637e+00 3.455041e-01
6.062500e-01 1.325005e+00 1.486643e+00 3.455050e-01
6.068750e-01 1.325008e+00 1.486645e+00 3.455059e-01
6.075000e-01 1.325008e+00 1.486644e+00 3.455063e-01
6.081250e-01 1.325008e+00 1.486642e+00 3.455057e-01
6.087500e-01 1.325008e+00 1.486640e+00 3.455032e-01
6.093750e-01 1.325009e+00 1.486639e+00 3.454985e-01
6.100000e-01 1.325009e+00 1.486639e+00 3.454916e-01
6.106250e-01 1.325010e+00 1.486640e+00 3.454839e-01
6.112500e-01 1.325011e+00 1.486640e+00 3.454766e-01
6.118750e-01 1.325012e+00 1.486639e+00 3.454717e-01
6.125000e-01 1.325012e+00 1.486637e+00 3.454703e-01
6.131250e-01 1.325012e+00 1.486633e+00 3.454722e-01
6.137500e-01 1.325012e+00 1.486630e+00 3.454764e-01
6.143750e-01 1.325012e+00 1.486628e+00 3.454818e-01
6.150000e-01 1.325015e+00 1.486630e+00 3.454870e-01
6.156250e-01 1.325019e+00 1.486637e+00 3.454907e-01
6.162500e-01 1.325026e+00 1.486648e+00 3.454933e-01
6.168750e-01 1.325033e+00 1.486659e+00 3.454935e-01
6.175000e-01 1.325040e+00 1.486672e+00 3.454915e-01
6.181250e-01 1.325044e+00 1.486680e+00 3.454894e-01
6.187500e-01 1.325045e+00 1.486683e+00 3.454874e-01
6.193750e-01 1.325043e+00 1.486680e+00 3.454865e-01
6.200000e-01 1.325038e+00 1.486671e+00 3.454862e-01
6.206250e-01 1.325030e+00 1.486658e+00 3.454859e-01
6.212500e-01 1.325022e+00 1.486644e+00 3.454850e-01
6.218750e-01 1.325016e+00 1.486631e+00 3.454832e-01
6.225000e-01 1.325012e+00 1.486622e+00 3.454807e-01
6.231250e-01 1.325010e+00 1.486617e+00 3.454775e-01
6.237500e-01 1.325010e+00 1.486616e+00 3.454761e-01
6.243750e-01 1.325012e+00 1.486617e+00 3.454767e-01
6.250000e-01 1.325014e+00 1.486620e+00 3.454797e-01
6.256250e-01 1.325016e+00 1.486624e+00 3.454854e-01
6.262500e-01 1.325018e+00 1.486629e+00 3.454926e-01
6.268750e-01 1.325022e+00 1.486637e+00 3.455002e-01
6.275000e-01 1.325028e+00 1.486649e+00 3.455065e-01
6.281250e-01 1.325036e+00 1.486665e+00 3.455105e-01
6.287500e-01 1.325043e+00 1.486678e+00 3.455111e-01
6.293750e-01 1.325050e+00 1.486690e+00 3.455089e-01
6.300000e-01 1.325054e+00 1.486697e+00 3.455060e-01
6.306250e-01 1.325054e+00 1.486697e+00 3.455004e-01
6.312500e-01 1.325050e+00 1.486691e+00 3.454980e-01
6.318750e-01 1.325042e+00 1.486679e+00 3.454954e-01
6.325000e-01 1.325032e+00 1.486664e+00 3.454924e-01
6.331250e-01 1.325022e+00 1.486649e+00 3.454887e-01
6.337500e-01 1.325013e+00 1.486637e+00 3.454842e-01
6.343750e-01 1.325008e+00 1.486631e+00 3.454786e-01
6.350000e-01 1.325009e+00 1.486631e+00 3.454746e-01
6.356250e-01 1.325011e+00 1.486637e+00 3.454707e-01
6.362500e-01 1.325017e+00 1.486645e+00 3.454691e-01
6.368750e-01 1.325023e+00 1.486655e+00 3.454702e-01
6.375000e-01 1.325029e+00 1.486665e+00 3.454741e-01
6.381250e-01 1.325034e+00 1.486672e+00 3.454811e-01
6.387500e-01 1.325037e+00 1.486677e+00 3.454903e-01
6.393750e-01 1.325038e+00 1.486679e+00 3.454985e-01
6.400000e-01 1.325037e+00 1.486679e+00 3.455049e-01
6.406250e-01 1.325034e+00 1.486677e+00 3.455082e-01
6.412500e-01 1.325030e+00 1.486673e+00 3.455072e-01
6.418750e-01 1.325026e+00 1.486668e+00 3.455035e-01
6.425000e-01 1.325019e+00 1.486660e+00 3.454974e-01
6.431250e-01 1.325011e+00 1.486649e+00 3.454904e-01
6.437500e-01 1.325000e+00 1.486634e+00 3.454836e-01
6.443750e-01 1.324988e+00 1.486616e+00 3.454778e-01
6.450000e-01 1.324977e+00 1.486600e+00 3.454736e-01
6.456250e-01 1.324971e+00 1.486591e+00 3.454707e-01
6.462500e-01 1.324971e+00 1.486590e+00 3.454713e-01
6.468750e-01 1.324975e+00 1.486597e+00 3.454695e-01
6.475000e-01 1.324983e+00 1.486611e+00 3.454686e-01
6.481250e-01 1.324995e+00 1.486631e+00 3.454695e-01
6.487500e-01 1.325007e+00 1.486651e+00 3.454734e-01
6.493750e-01 1.325017e+00 1.486670e+00 3.454805e-01
6.500000e-01 1.325024e+00 1.486685e+00 3.454901e-01
6.506250e-01 1.325027e+00 1.486693e+00 3.455003e-01
6.512500e-01 1.325024e+00 1.486690e+00 3.455089e-01
6.518750e-01 1.325019e+00 1.486685e+00 3.455139e-01
6.525000e-01 1.325010e+00 1.486675e+00 3.455141e-01
6.531250e-01 1.325005e+00 1.486667e+00 3.455096e-01
6.537500e-01 1.325000e+00 1.486659e+00 3.455001e-01
6.543750e-01 1.324994e+00 1.486650e+00 3.454868e-01
6.550000e-01 1.324987e+00 1.486639e+00 3.454721e-01
6.556250e-01 1.324980e+00 1.486627e+00 3.454594e-01
6.562500e-01 1.324971e+00 1.486612e+00 3.454507e-01
6.568750e-01 1.324967e+00 1.486606e+00 3.454491e-01
6.575000e-01 1.324962e+00 1.486600e+00 3.454524e-01
6.581250e-01 1.324960e+00 1.486599e+00 3.454596e-01
6.587500e-01 1.324961e+00 1.486604e+00 3.454683e-01
6.593750e-01 1.324966e+00 1.486618e+00 3.454789e-01
6.600000e-01 1.324977e+00 1.486638e+00 3.454901e-01
6.606250e-01 1.324990e+00 1.486662e+00 3.455015e-01
6.612500e-01 1.325002e+00 1.486684e+00 3.455133e-01
6.618750e-01 1.325011e+00 1.486698e+00 3.455253e-01
6.625000e-01 1.325012e+00 1.486700e+00 3.455319e-01
6.631250e-01 1.325009e+00 1.486694e+00 3.455368e-01
6.637500e-01 1.325001e+00 1.486680e+00 3.455377e-01
6.643750e-01 1.324993e+00 1.486666e+00 3.455339e-01
6.650000e-01 1.324984e+00 1.486650e+00 3.455239e-01
6.656250e-01 1.324975e+00 1.486635e+00 3.455080e-01
6.662500e-01 1.324965e+00 1.486622e+00 3.454885e-01
6.668750e-01 1.324956e+00 1.486609e+00 3.454698e-01
6.675000e-01 1.324948e+00 1.486601e+00 3.454560e-01
6.681250e-01 1.324942e+00 1.486596e+00 3.454496e-01
6.687500e-01 1.324938e+00 1.486596e+00 3.454516e-01
6.693750e-01 1.324936e+00 1.486598e+00 3.454587e-01
6.700000e-01 1.324937e+00 1.486604e+00 3.454701e-01
6.706250e-01 1.324943e+00 1.486619e+00 3.454833e-01
6.712500e-01 1.324956e+00 1.486642e+00 3.454966e-01
6.718750e-01 1.324974e+00 1.486670e+00 3.455087e-01
6.725000e-01 1.324991e+00 1.486698e+00 3.455185e-01
6.731250e-01 1.325004e+00 1.486717e+00 3.455238e-01
6.737500e-01 1.325010e+00 1.486724e+00 3.455237e-01
6.743750e-01 1.325007e+00 1.486717e+00 3.455231e-01
6.750000e-01 1.324998e+00 1.486702e+00 3.455201e-01
6.756250e-01 1.324984e+00 1.486677e+00 3.455130e-01
6.762500e-01 1.324966e+00 1.486648e+00 3.455007e-01
6.768750e-01 1.324947e+00 1.486620e+00 3.454828e-01
6.775000e-01 1.324929e+00 1.486594e+00 3.454612e-01
6.781250e-01 1.324914e+00 1.486573e+00 3.454409e-01
6.787500e-01 1.324905e+00 1.486562e+00 3.454266e-01
6.793750e-01 1.324904e+00 1.486563e+00 3.454224e-01
6.800000e-01 1.324902e+00 1.486563e+00 3.454277e-01
6.806250e-01 1.324902e+00 1.486566e+00 3.454410e-01
6.812500e-01 1.324906e+00 1.486574e+00 3.454619e-01
6.818750e-01 1.324917e+00 1.486591e+00 3.454873e-01
6.825000e-01 1.324934e+00 1.486617e+00 3.455138e-01
6.831250e-01 1.324957e+00 1.486650e+00 3.455368e-01
6.837500e-01 1.324982e+00 1.486687e+00 3.455527e-01
6.843750e-01 1.325001e+00 1.486713e+00 3.455588e-01
6.850000e-01 1.325012e+00 1.486725e+00 3.455567e-01
6.856250e-01 1.325013e+00 1.486722e+00 3.455498e-01
6.862500e-01 1.325006e+00 1.486705e+00 3.455415e-01
6.868750e-01 1.324989e+00 1.486674e+00 3.455288e-01
6.875000e-01 1.324967e+00 1.486637e+00 3.455104e-01
6.881250e-01 1.324945e+00 1.486599e+00 3.454859e-01
6.887500e-01 1.324924e+00 1.486565e+00 3.454575e-01
6.893750e-01 1.324909e+00 1.486541e+00 3.454322e-01
6.900000e-01 1.324904e+00 1.486532e+00 3.454178e-01
6.906250e-01 1.324908e+00 1.486539e+00 3.454131e-01
6.912500e-01 1.324915e+00 1.486548e+00 3.454187e-01
6.918750e-01 1.324927e+00 1.486563e+00 3.454336e-01
6.925000e-01 1.324946e+00 1.486587e+00 3.454577e-01
6.931250e-01 1.324972e+00 1.486620e+00 3.454883e-01
6.937500e-01 1.325002e+00 1.486660e+00 3.455213e-01
6.943750e-01 1.325036e+00 1.486704e+00 3.455517e-01
6.950000e-01 1.325069e+00 1.486747e+00 3.455720e-01
6.956250e-01 1.325089e+00 1.486768e+00 3.455769e-01
6.962500e-01 1.325100e+00 1.486779e+00 3.455706e-01
6.968750e-01 1.325100e+00 1.486775e+00 3.455576e-01
6.975000e-01 1.325090e+00 1.486754e+00 3.455412e-01
6.981250e-01 1.325063e+00 1.486712e+00 3.455199e-01
6.987500e-01 1.325027e+00 1.486655e+00 3.454951e-01
6.993750e-01 1.324986e+00 1.486592e+00 3.454680e-01
7.000000e-01 1.324949e+00 1.486534e+00 3.454408e-01
7.006250e-01 1.324924e+00 1.486494e+00 3.454153e-01
7.012500e-01 1.324920e+00 1.486487e+00 3.454058e-01
7.018750e-01 1.324929e+00 1.486500e+00 3.454031e-01
7.025000e-01 1.324945e+00 1.486521e+00 3.454096e-01
7.031250e-01 1.324967e+00 1.486551e+00 3.454291e-01
7.037500e-01 1.324994e+00 1.486587e+00 3.454619e-01
7.043750e-01 1.325025e+00 1.486630e+00 3.455042e-01
7.050000e-01 1.325058e+00 1.486676e+00 3.455497e-01
7.056250e-01 1.325088e+00 1.486719e+00 3.455896e-01
7.062500e-01 1.325114e+00 1.486756e+00 3.456109e-01
7.068750e-01 1.325125e+00 1.486771e+00 3.456101e-01
7.075000e-01 1.325130e+00 1.486778e+00 3.455958e-01
7.081250e-01 1.325124e+00 1.486766e+00 3.455731e-01
7.087500e-01 1.325101e+00 1.486731e+00 3.455456e-01
7.093750e-01 1.325061e+00 1.486669e+00 3.455141e-01
7.100000e-01 1.325010e+00 1.486591e+00 3.454792e-01
7.106250e-01 1.324961e+00 1.486514e+00 3.454415e-01
7.112500e-01 1.324921e+00 1.486449e+00 3.454017e-01
7.118750e-01 1.324908e+00 1.486424e+00 3.453791e-01
7.125000e-01 1.324916e+00 1.486433e+00 3.453689e-01
7.131250e-01 1.324938e+00 1.486458e+00 3.453710e-01
7.137500e-01 1.324963e+00 1.486490e+00 3.453870e-01
7.143750e-01 1.324999e+00 1.486537e+00 3.454206e-01
7.150000e-01 1.325043e+00 1.486598e+00 3.454667e-01
7.156250e-01 1.325091e+00 1.486669e+00 3.455191e-01
7.162500e-01 1.325138e+00 1.486741e+00 3.455710e-01
7.168750e-01 1.325178e+00 1.486806e+00 3.456152e-01
7.175000e-01 1.325188e+00 1.486825e+00 3.456279e-01
7.181250e-01 1.325183e+00 1.486826e+00 3.456234e-01
7.187500e-01 1.325171e+00 1.486816e+00 3.456081e-01
7.193750e-01 1.325145e+00 1.486784e+00 3.455762e-01
7.200000e-01 1.325104e+00 1.486729e+00 3.455323e-01
7.206250e-01 1.325050e+00 1.486650e+00 3.454816e-01
7.212500e-01 1.324985e+00 1.486550e+00 3.454287e-01
7.218750e-01 1.324921e+00 1.486451e+00 3.453804e-01
7.225000e-01 1.324874e+00 1.486377e+00 3.453466e-01
7.231250e-01 1.324864e+00 1.486363e+00 3.453442e-01
7.237500e-01 1.324874e+00 1.486379e+00 3.453447e-01
7.243750e-01 1.324897e+00 1.486417e+00 3.453550e-01
7.250000e-01 1.324937e+00 1.486483e+00 3.453815e-01
7.256250e-01 1.324987e+00 1.486567e+00 3.454266e-01
7.262500e-01 1.325040e+00 1.486658e+00 3.454901e-01
7.268750e-01 1.325092e+00 1.486749e+00 3.455658e-01
7.275000e-01 1.325136e+00 1.486826e+00 3.456361e-01
7.281250e-01 1.325161e+00 1.486870e+00 3.456831e-01
7.287500e-01 1.325157e+00 1.486867e+00 3.456947e-01
7.293750e-01 1.325154e+00 1.486863e+00 3.456790e-01
7.300000e-01 1.325145e+00 1.486845e+00 3.456431e-01
7.306250e-01 1.325120e+00 1.486802e+00 3.455871e-01
7.312500e-01 1.325073e+00 1.486724e+00 3.455203e-01
7.318750e-01 1.325000e+00 1.486607e+00 3.454532e-01
7.325000e-01 1.324911e+00 1.486468e+00 3.453930e-01
7.331250e-01 1.324831e+00 1.486345e+00 3.453467e-01
7.337500e-01 1.324785e+00 1.486279e+00 3.453182e-01
7.343750e-01 1.324783e+00 1.486282e+00 3.453191e-01
7.350000e-01 1.324805e+00 1.486326e+00 3.453169e-01
7.356250e-01 1.324848e+00 1.486403e+00 3.453337e-01
7.362500e-01 1.324906e+00 1.486501e+00 3.453777e-01
7.368750e-01 1.324971e+00 1.486607e+00 3.454487e-01
7.375000e-01 1.325041e+00 1.486719e+00 3.455378e-01
7.381250e-01 1.325112e+00 1.486831e+00 3.456256e-01
7.387500e-01 1.325181e+00 1.486938e+00 3.456988e-01
7.393750e-01 1.325205e+00 1.486973e+00 3.457194e-01
7.400000e-01 1.325210e+00 1.486979e+00 3.457098e-01
7.406250e-01 1.325196e+00 1.486954e+00 3.456885e-01
7.412500e-01 1.325156e+00 1.486889e+00 3.456446e-01
7.418750e-01 1.325092e+00 1.486790e+00 3.455779e-01
7.425000e-01 1.325011e+00 1.486666e+00 3.454914e-01
7.431250e-01 1.324917e+00 1.486523e+00 3.453953e-01
7.437500e-01 1.324814e+00 1.486366e+00 3.453003e-01
7.443750e-01 1.324735e+00 1.486248e+00 3.452450e-01
7.450000e-01 1.324710e+00 1.486214e+00 3.452394e-01
7.456250e-01 1.324711e+00 1.486218e+00 3.452539e-01
7.462500e-01 1.324737e+00 1.486264e+00 3.452741e-01
7.468750e-01 1.324797e+00 1.486361e+00 3.453155e-01
7.475000e-01 1.324885e+00 1.486500e+00 3.453826e-01
7.481250e-01 1.324987e+00 1.486661e+00 3.454738e-01
7.487500e-01 1.325096e+00 1.486832e+00 3.455832e-01
7.493750e-01 1.325200e+00 1.486992e+00 3.456918e-01
7.500000e-01 1.325261e+00 1.487085e+00 3.457639e-01
7.506250e-01 1.325265e+00 1.487086e+00 3.457818e-01
7.512500e-01 1.325241e+00 1.487045e+00 3.457823e-01
7.518750e-01 1.325199e+00 1.486976e+00 3.457602e-01
7.525000e-01 1.325133e+00 1.486874e+00 3.456984e-01
7.531250e-01 1.325051e+00 1.486750e+00 3.455937e-01
7.537500e-01 1.324955e+00 1.486605e+00 3.454565e-01
7.543750e-01 1.324847e+00 1.486440e+00 3.453180e-01
7.550000e-01 1.324722e+00 1.486246e+00 3.451990e-01
7.556250e-01 1.324651e+00 1.486133e+00 3.451587e-01
7.562500e-01 1.324606e+00 1.486060e+00 3.451766e-01
7.568750e-01 1.324609e+00 1.486063e+00 3.452250e-01
7.575000e-01 1.324661e+00 1.486143e+00 3.452521e-01
7.581250e-01 1.324767e+00 1.486312e+00 3.452977e-01
7.587500e-01 1.324906e+00 1.486535e+00 3.453764e-01
7.593750e-01 1.325050e+00 1.486763e+00 3.454939e-01
7.600000e-01 1.325184e+00 1.486971e+00 3.456426e-01
7.606250e-01 1.325292e+00 1.487131e+00 3.457843e-01
7.612500e-01 1.325367e+00 1.487234e+00 3.458708e-01
7.618750e-01 1.325374e+00 1.487230e+00 3.458751e-01
7.625000e-01 1.325383e+00 1.487226e+00 3.458414e-01
7.631250e-01 1.325345e+00 1.487156e+00 3.457867e-01
7.637500e-01 1.325245e+00 1.487000e+00 3.457056e-01
7.643750e-01 1.325104e+00 1.486788e+00 3.455969e-01
7.650000e-01 1.324951e+00 1.486558e+00 3.454501e-01
7.656250e-01 1.324810e+00 1.486342e+00 3.452849e-01
7.662500e-01 1.324691e+00 1.486154e+00 3.451416e-01
7.668750e-01 1.324653e+00 1.486087e+00 3.450944e-01
7.675000e-01 1.324647e+00 1.486070e+00 3.451127e-01
7.681250e-01 1.324660e+00 1.486083e+00 3.451691e-01
7.687500e-01 1.324712e+00 1.486163e+00 3.452534e-01
7.693750e-01 1.324841e+00 1.486371e+00 3.453496e-01
7.700000e-01 1.325033e+00 1.486678e+00 3.454677e-01
7.706250e-01 1.325217e+00 1.486966e+00 3.456565e-01
7.712500e-01 1.325344e+00 1.487154e+00 3.458257e-01
7.718750e-01 1.325408e+00 1.487244e+00 3.458774e-01
7.725000e-01 1.325477e+00 1.487337e+00 3.458156e-01
7.731250e-01 1.325330e+00 1.487096e+00 3.458615e-01
7.737500e-01 1.325155e+00 1.486820e+00 3.457292e-01
7.743750e-01 1.325218e+00 1.486927e+00 3.453482e-01
7.750000e-01 1.324867e+00 1.486383e+00 3.451742e-01
7.756250e-01 1.324145e+00 1.485253e+00 3.452727e-01
7.762500e-01 1.323928e+00 1.484909e+00 3.447635e-01
7.768750e-01 1.324189e+00 1.485321e+00 3.437076e-01
7.775000e-01 1.323125e+00 1.483657e+00 3.438342e-01
7.781250e-01 1.321063e+00 1.480406e+00 3.436645e-01
7.787500e-01 1.322359e+00 1.482408e+00 3.407606e-01
7.793750e-01 1.319241e+00 1.477526e+00 3.371741e-01
7.800000e-01 1.307977e+00 1.459988e+00 3.355193e-01
7.806250e-01 1.299926e+00 1.447420e+00 3.184752e-01
7.812500e-01 1.255441e+00 1.378899e+00 2.775495e-01
7.818750e-01 1.141507e+00 1.206484e+00 1.610282e-01
7.825000e-01 1.025835e+00 1.036638e+00 3.059839e-02
7.831250e-01 1.000000e+00 1.000000e+00 0.000000e+00
7.837500e-01 1.000000e+00 1.000000e+00 0.000000e+00
7.843750e-01 1.000000e+00 1.000000e+00 0.000000e+00
7.850000e-01 1.000000e+00 1.000000e+00 0.000000e+00
7.856250e-01 1.000000e+00 1.000000e+00 0.000000e+00
7.862500e-01 1.000000e+00 1.000000e+00 0.000000e+00
7.868750e-01 1.000000e+00 1.000000e+00 0.000000e+00
7.875000e-01 1.000000e+00 1.000000e+00 0.000000e+00
7.881250e-01 1.000000e+00 1.000000e+00 0.000000e+00
7.887500e-01 1.000000e+00 1.000000e+00 0.000000e+00
7.893750e-01 1.000000e+00 1.000000e+00 0.000000e+00
7.900000e-01 1.000000e+00 1.000000e+00 0.000000e+00
7.906250e-01 1.000000e+00 1.000000e+00 0.000000e+00
7.912500e-01 1.000000e+00 1.000000e+00 0.000000e+00
7.918750e-01 1.000000e+00 1.000000e+00 0.000000e+00
7.925000e-01 1.000000e+00 1.000000e+00 0.000000e+00
7.931250e-01 1.000000e+00 1.000000e+00 0.000000e+00
7.937500e-01 1.000000e+00 1.000000e+00 0.000000e+00
7.943750e-01 1.000000e+00 1.000000e+00 0.000000e+00
7.950000e-01 1.000000e+00 1.000000e+00 0.000000e+00
7.956250e-01 1.000000e+00 1.000000e+00 0.000000e+00
7.962500e-01 1.000000e+00 1.000000e+00 0.000000e+00
7.968750e-01 1.000000e+00 1.000000e+00 0.000000e+00
7.975000e-01 1.000000e+00 1.000000e+00 0.000000e+00
7.981250e-01 1.000000e+00 1.000000e+00 0.000000e+00
7.987500e-01 1.000000e+00 1.000000e+00 0.000000e+00
7.993750e-01 1.000000e+00 1.000000e+00 0.000000e+00
8.000000e-01 1.000000e+00 1.000000e+00 0.000000e+00
8.006250e-01 1.000000e+00 1.000000e+00 0.000000e+00
8.012500e-01 1.000000e+00 1.000000e+00 0.000000e+00
8.018750e-01 1.000000e+00 1.000000e+00 0.000000e+00
8.025000e-01 1.000000e+00 1.000000e+00 0.000000e+00
8.031250e-01 1.000000e+00 1.000000e+00 0.000000e+00
8.037500e-01 1.000000e+00 1.000000e+00 0.000000e+00
8.043750e-01 1.000000e+00 1.000000e+00 0.000000e+00
8.050000e-01 1.000000e+00 1.000000e+00 0.000000e+00
8.056250e-01 1.000000e+00 1.000000e+00 0.000000e+00
8.062500e-01 1.000000e+00 1.000000e+00 0.000000e+00
8.068750e-01 1.000000e+00 1.000000e+00 0.000000e+00
8.075000e-01 1.000000e+00 1.000000e+00 0.000000e+00
8.081250e-01 1.000000e+00 1.000000e+00 0.000000e+00
8.087500e-01 1.000000e+00 1.000000e+00 0.000000e+00
8.093750e-01 1.000000e+00 1.000000e+00 0.000000e+00
8.100000e-01 1.000000e+00 1.000000e+00 0.000000e+00
8.106250e-01 1.000000e+00 1.000000e+00 0.000000e+00
8.112500e-01 1.000000e+00 1.000000e+00 0.000000e+00
8.118750e-01 1.000000e+00 1.000000e+00 0.000000e+00
8.125000e-01 1.000000e+00 1.000000e+00 0.000000e+00
8.131250e-01 1.000000e+00 1.000000e+00 0.000000e+00
8.137500e-01 1.000000e+00 1.000000e+00 0.000000e+00
8.143750e-01 1.000000e+00 1.000000e+00 0.000000e+00
8.150000e-01 1.000000e+00 1.000000e+00 0.000000e+00
8.156250e-01 1.000000e+00 1.000000e+00 0.000000e+00
8.162500e-01 1.000000e+00 1.000000e+00 0.000000e+00
8.168750e-01 1.000000e+00 1.000000e+00 0.000000e+00
8.175000e-01 1.000000e+00 1.000000e+00 0.000000e+00
8.181250e-01 1.000000e+00 1.000000e+00 0.000000e+00
8.187500e-01 1.000000e+00 1.000000e+00 0.000000e+00
8.193750e-01 1.000000e+00 1.000000e+00 0.000000e+00
8.200000e-01 1.000000e+00 1.000000e+00 0.000000e+00
8.206250e-01 1.000000e+00 1.000000e+00 0.000000e+00
8.212500e-01 1.000000e+00 1.000000e+00 0.000000e+00
8.218750e-01 1.000000e+00 1.000000e+00 0.000000e+00
8.225000e-01 1.000000e+00 1.000000e+00 0.000000e+00
8.231250e-01 1.000000e+00 1.000000e+00 0.000000e+00
8.237500e-01 1.000000e+00 1.000000e+00 0.000000e+00
8.243750e-01 1.000000e+00 1.000000e+00 0.000000e+00
8.250000e-01 1.000000e+00 1.000000e+00 0.000000e+00
8.256250e-01 1.000000e+00 1.000000e+00 0.000000e+00
8.262500e-01 1.000000e+00 1.000000e+00 0.000000e+00
8.268750e-01 1.000000e+00 1.000000e+00 0.000000e+00
8.275000e-01 1.000000e+00 1.000000e+00 0.000000e+00
8.281250e-01 1.000000e+00 1.000000e+00 0.000000e+00
8.287500e-01 1.000000e+00 1.000000e+00 0.000000e+00
8.293750e-01 1.000000e+00 1.000000e+00 0.000000e+00
8.300000e-01 1.000000e+00 1.000000e+00 0.000000e+00
8.306250e-01 1.000000e+00 1.000000e+00 0.000000e+00
8.312500e-01 1.000000e+00 1.000000e+00 0.000000e+00
8.318750e-01 1.000000e+00 1.000000e+00 0.000000e+00
8.325000e-01 1.000000e+00 1.000000e+00 0.000000e+00
8.331250e-01 1.000000e+00 1.000000e+00 0.000000e+00
8.337500e-01 1.000000e+00 1.000000e+00 0.000000e+00
8.343750e-01 1.000000e+00 1.000000e+00 0.000000e+00
8.350000e-01 1.000000e+00 1.000000e+00 0.000000e+00
8.356250e-01 1.000000e+00 1.000000e+00 0.000000e+00
8.362500e-01 1.000000e+00 1.000000e+00 0.000000e+00
8.368750e-01 1.000000e+00 1.000000e+00 0.000000e+00
8.375000e-01 1.000000e+00 1.000000e+00 0.000000e+00
8.381250e-01 1.000000e+00 1.000000e+00 0.000000e+00
8.387500e-01 1.000000e+00 1.000000e+00 0.000000e+00
8.393750e-01 1.000000e+00 1.000000e+00 0.000000e+00
8.400000e-01 1.000000e+00 1.000000e+00 0.000000e+00
8.406250e-01 1.000000e+00 1.000000e+00 0.000000e+00
8.412500e-01 1.000000e+00 1.000000e+00 0.000000e+00
8.418750e-01 1.000000e+00 1.000000e+00 0.000000e+00
8.425000e-01 1.000000e+00 1.000000e+00 0.000000e+00
8.431250e-01 1.000000e+00 1.000000e+00 0.000000e+00
8.437500e-01 1.000000e+00 1.000000e+00 0.000000e+00
8.443750e-01 1.000000e+00 1.000000e+00 0.000000e+00
8.450000e-01 1.000000e+00 1.000000e+00 0.000000e+00
8.456250e-01 1.000000e+00 1.000000e+00 0.000000e+00
8.462500e-01 1.000000e+00 1.000000e+00 0.000000e+00
8.468750e-01 1.000000e+00 1.000000e+00 0.000000e+00
8.475000e-01 1.000000e+00 1.000000e+00 0.000000e+00
8.481250e-01 1.000000e+00 1.000000e+00 0.000000e+00
8.487500e-01 1.000000e+00 1.000000e+00 0.000000e+00
8.493750e-01 1.000000e+00 1.000000e+00 0.000000e+00
8.500000e-01 1.000000e+00 1.000000e+00 0.000000e+00
8.506250e-01 1.000000e+00 1.000000e+00 0.000000e+00
8.512500e-01 1.000000e+00 1.000000e+00 0.000000e+00
8.518750e-01 1.000000e+00 1.000000e+00 0.000000e+00
8.525000e-01 1.000000e+00 1.000000e+00 0.000000e+00
8.531250e-01 1.000000e+00 1.000000e+00 0.000000e+00
8.537500e-01 1.000000e+00 1.000000e+00 0.000000e+00
8.543750e-01 1.000000e+00 1.000000e+00 0.000000e+00
8.550000e-01 1.000000e+00 1.000000e+00 0.000000e+00
8.556250e-01 1.000000e+00 1.000000e+00 0.000000e+00
8.562500e-01 1.000000e+00 1.000000e+00 0.000000e+00
8.568750e-01 1.000000e+00 1.000000e+00 0.000000e+00
8.575000e-01 1.000000e+00 1.000000e+00 0.000000e+00
8.581250e-01 1.000000e+00 1.000000e+00 0.000000e+00
8.587500e-01 1.000000e+00 1.000000e+00 0.000000e+00
8.593750e-01 1.000000e+00 1.000000e+00 0.000000e+00
8.600000e-01 1.000000e+00 1.000000e+00 0.000000e+00
8.606250e-01 1.000000e+00 1.000000e+00 0.000000e+00
8.612500e-01 1.000000e+00 1.000000e+00 0.000000e+00
8.618750e-01 1.000000e+00 1.000000e+00 0.000000e+00
8.625000e-01 1.000000e+00 1.000000e+00 0.000000e+00
8.631250e-01 1.000000e+00 1.000000e+00 0.000000e+00
8.637500e-01 1.000000e+00 1.000000e+00 0.000000e+00
8.643750e-01 1.000000e+00 1.000000e+00 0.000000e+00
8.650000e-01 1.000000e+00 1.000000e+00 0.000000e+00
8.656250e-01 1.000000e+00 1.000000e+00 0.000000e+00
8.662500e-01 1.000000e+00 1.000000e+00 0.000000e+00
8.668750e-01 1.000000e+00 1.000000e+00 0.000000e+00
8.675000e-01 1.000000e+00 1.000000e+00 0.000000e+00
8.681250e-01 1.000000e+00 1.000000e+00 0.000000e+00
8.687500e-01 1.000000e+00 1.000000e+00 0.000000e+00
8.693750e-01 1.000000e+00 1.000000e+00 0.000000e+00
8.700000e-01 1.000000e+00 1.000000e+00 0.000000e+00
8.706250e-01 1.000000e+00 1.000000e+00 0.000000e+00
8.712500e-01 1.000000e+00 1.000000e+00 0.000000e+00
8.718750e-01 1.000000e+00 1.000000e+00 0.000000e+00
8.725000e-01 1.000000e+00 1.000000e+00 0.000000e+00
8.731250e-01 1.000000e+00 1.000000e+00 0.000000e+00
8.737500e-01 1.000000e+00 1.000000e+00 0.000000e+00
8.743750e-01 1.000000e+00 1.000000e+00 0.000000e+00
8.750000e-01 1.000000e+00 1.000000e+00 0.000000e+00
8.756250e-01 1.000000e+00 1.000000e+00 0.000000e+00
8.762500e-01 1.000000e+00 1.000000e+00 0.000000e+00
8.768750e-01 1.000000e+00 1.000000e+00 0.000000e+00
8.775000e-01 1.000000e+00 1.000000e+00 0.000000e+00
8.781250e-01 1.000000e+00 1.000000e+00 0.000000e+00
8.787500e-01 1.000000e+00 1.000000e+00 0.000000e+00
8.793750e-01 1.000000e+00 1.000000e+00 0.000000e+00
8.800000e-01 1.000000e+00 1.000000e+00 0.000000e+00
8.806250e-01 1.000000e+00 1.000000e+00 0.000000e+00
8.812500e-01 1.000000e+00 1.000000e+00 0.000000e+00
8.818750e-01 1.000000e+00 1.000000e+00 0.000000e+00
8.825000e-01 1.000000e+00 1.000000e+00 0.000000e+00
8.831250e-01 1.000000e+00 1.000000e+00 0.000000e+00
8.837500e-01 1.000000e+00 1.000000e+00 0.000000e+00
8.843750e-01 1.000000e+00 1.000000e+00 0.000000e+00
8.850000e-01 1.000000e+00 1.000000e+00 0.000000e+00
8.856250e-01 1.000000e+00 1.000000e+00 0.000000e+00
8.862500e-01 1.000000e+00 1.000000e+00 0.000000e+00
8.868750e-01 1.000000e+00 1.000000e+00 0.000000e+00
8.875000e-01 1.000000e+00 1.000000e+00 0.000000e+00
8.881250e-01 1.000000e+00 1.000000e+00 0.000000e+00
8.887500e-01 1.000000e+00 1.000000e+00 0.000000e+00
8.893750e-01 1.000000e+00 1.000000e+00 0.000000e+00
8.900000e-01 1.000000e+00 1.000000e+00 0.000000e+00
8.906250e-01 1.000000e+00 1.000000e+00 0.000000e+00
8.912500e-01 1.000000e+00 1.000000e+00 0.000000e+00
8.918750e-01 1.000000e+00 1.000000e+00 0.000000e+00
8.925000e-01 1.000000e+00 1.000000e+00 0.000000e+00
8.931250e-01 1.000000e+00 1.000000e+00 0.000000e+00
8.937500e-01 1.000000e+00 1.000000e+00 0.000000e+00
8.943750e-01 1.000000e+00 1.000000e+00 0.000000e+00
8.950000e-01 1.000000e+00 1.000000e+00 0.000000e+00
8.956250e-01 1.000000e+00 1.000000e+00 0.000000e+00
8.962500e-01 1.000000e+00 1.000000e+00 0.000000e+00
8.968750e-01 1.000000e+00 1.000000e+00 0.000000e+00
8.975000e-01 1.000000e+00 1.000000e+00 0.000000e+00
8.981250e-01 1.000000e+00 1.000000e+00 0.000000e+00
8.987500e-01 1.000000e+00 1.000000e+00 0.000000e+00
8.993750e-01 1.000000e+00 1.000000e+00 0.000000e+00
9.000000e-01 1.000000e+00 1.000000e+00 0.000000e+00
9.006250e-01 1.000000e+00 1.000000e+00 0.000000e+00
9.012500e-01 1.000000e+00 1.000000e+00 0.000000e+00
9.018750e-01 1.000000e+00 1.000000e+00 0.000000e+00
9.025000e-01 1.000000e+00 1.000000e+00 0.000000e+00
9.031250e-01 1.000000e+00 1.000000e+00 0.000000e+00
9.037500e-01 1.000000e+00 1.000000e+00 0.000000e+00
9.043750e-01 1.000000e+00 1.000000e+00 0.000000e+00
9.050000e-01 1.000000e+00 1.000000e+00 0.000000e+00
9.056250e-01 1.000000e+00 1.000000e+00 0.000000e+00
9.062500e-01 1.000000e+00 1.000000e+00 0.000000e+00
9.068750e-01 1.000000e+00 1.000000e+00 0.000000e+00
9.075000e-01 1.000000e+00 1.000000e+00 0.000000e+00
9.081250e-01 1.000000e+00 1.000000e+00 0.000000e+00
9.087500e-01 1.000000e+00 1.000000e+00 0.000000e+00
9.093750e-01 1.000000e+00 1.000000e+00 0.000000e+00
9.100000e-01 1.000000e+00 1.000000e+00 0.000000e+00
9.106250e-01 1.000000e+00 1.000000e+00 0.000000e+00
9.112500e-01 1.000000e+00 1.000000e+00 0.000000e+00
9.118750e-01 1.000000e+00 1.000000e+00 0.000000e+00
9.125000e-01 1.000000e+00 1.000000e+00 0.000000e+00
9.131250e-01 1.000000e+00 1.000000e+00 0.000000e+00
9.137500e-01 1.000000e+00 1.000000e+00 0.000000e+00
9.143750e-01 1.000000e+00 1.000000e+00 0.000000e+00
9.150000e-01 1.000000e+00 1.000000e+00 0.000000e+00
9.156250e-01 1.000000e+00 1.000000e+00 0.000000e+00
9.162500e-01 1.000000e+00 1.000000e+00 0.000000e+00
9.168750e-01 1.000000e+00 1.000000e+00 0.000000e+00
9.175000e-01 1.000000e+00 1.000000e+00 0.000000e+00
9.181250e-01 1.000000e+00 1.000000e+00 0.000000e+00
9.187500e-01 1.000000e+00 1.000000e+00 0.000000e+00
9.193750e-01 1.000000e+00 1.000000e+00 0.000000e+00
9.200000e-01 1.000000e+00 1.000000e+00 0.000000e+00
9.206250e-01 1.000000e+00 1.000000e+00 0.000000e+00
9.212500e-01 1.000000e+00 1.000000e+00 0.000000e+00
9.218750e-01 1.000000e+00 1.000000e+00 0.000000e+00
9.225000e-01 1.000000e+00 1.000000e+00 0.000000e+00
9.231250e-01 1.000000e+00 1.000000e+00 0.000000e+00
9.237500e-01 1.000000e+00 1.000000e+00 0.000000e+00
9.243750e-01 1.000000e+00 1.000000e+00 0.000000e+00
9.250000e-01 1.000000e+00 1.000000e+00 0.000000e+00
9.256250e-01 1.000000e+00 1.000000e+00 0.000000e+00
9.262500e-01 1.000000e+00 1.000000e+00 0.000000e+00
9.268750e-01 1.000000e+00 1.000000e+00 0.000000e+00
9.275000e-01 1.000000e+00 1.000000e+00 0.000000e+00
9.281250e-01 1.000000e+00 1.000000e+00 0.000000e+00
9.287500e-01 1.000000e+00 1.000000e+00 0.000000e+00
9.293750e-01 1.000000e+00 1.000000e+00 0.000000e+00
9.300000e-01 1.000000e+00 1.000000e+00 0.000000e+00
9.306250e-01 1.000000e+00 1.000000e+00 0.000000e+00
9.312500e-01 1.000000e+00 1.000000e+00 0.000000e+00
9.318750e-01 1.000000e+00 1.000000e+00 0.000000e+00
9.325000e-01 1.000000e+00 1.000000e+00 0.000000e+00
9.331250e-01 1.000000e+00 1.000000e+00 0.000000e+00
9.337500e-01 1.000000e+00 1.000000e+00 0.000000e+00
9.343750e-01 1.000000e+00 1.000000e+00 0.000000e+00
9.350000e-01 1.000000e+00 1.000000e+00 0.000000e+00
9.356250e-01 1.000000e+00 1.000000e+00 0.000000e+00
9.362500e-01 1.000000e+00 1.000000e+00 0.000000e+00
9.368750e-01 1.000000e+00 1.000000e+00 0.000000e+00
9.375000e-01 1.000000e+00 1.000000e+00 0.000000e+00
9.381250e-01 1.000000e+00 1.000000e+00 0.000000e+00
9.387500e-01 1.000000e+00 1.000000e+00 0.000000e+00
9.393750e-01 1.000000e+00 1.000000e+00 0.000000e+00
9.400000e-01 1.000000e+00 1.000000e+00 0.000000e+00
9.406250e-01 1.000000e+00 1.000000e+00 0.000000e+00
9.412500e-01 1.000000e+00 1.000000e+00 0.000000e+00
9.418750e-01 1.000000e+00 1.000000e+00 0.000000e+00
9.425000e-01 1.000000e+00 1.000000e+00 0.000000e+00
9.431250e-01 1.000000e+00 1.000000e+00 0.000000e+00
9.437500e-01 1.000000e+00 1.000000e+00 0.000000e+00
9.443750e-01 1.000000e+00 1.000000e+00 0.000000e+00
9.450000e-01 1.000000e+00 1.000000e+00 0.000000e+00
9.456250e-01 1.000000e+00 1.000000e+00 0.000000e+00
9.462500e-01 1.000000e+00 1.000000e+00 0.000000e+00
9.468750e-01 1.000000e+00 1.000000e+00 0.000000e+00
9.475000e-01 1.000000e+00 1.000000e+00 0.000000e+00
9.481250e-01 1.000000e+00 1.000000e+00 0.000000e+00
9.487500e-01 1.000000e+00 1.000000e+00 0.000000e+00
9.493750e-01 1.000000e+00 1.000000e+00 0.000000e+00
9.500000e-01 1.000000e+00 1.000000e+00 0.000000e+00
9.506250e-01 1.000000e+00 1.000000e+00 0.000000e+00
9.512500e-01 1.000000e+00 1.000000e+00 0.000000e+00
9.518750e-01 1.000000e+00 1.000000e+00 0.000000e+00
9.525000e-01 1.000000e+00 1.000000e+00 0.000000e+00
9.531250e-01 1.000000e+00 1.000000e+00 0.000000e+00
9.537500e-01 1.000000e+00 1.000000e+00 0.000000e+00
9.543750e-01 1.000000e+00 1.000000e+00 0.000000e+00
9.550000e-01 1.000000e+00 1.000000e+00 0.000000e+00
9.556250e-01 1.000000e+00 1.000000e+00 0.000000e+00
9.562500e-01 1.000000e+00 1.000000e+00 0.000000e+00
9.568750e-01 1.000000e+00 1.000000e+00 0.000000e+00
9.575000e-01 1.000000e+00 1.000000e+00 0.000000e+00
9.581250e-01 1.000000e+00 1.000000e+00 0.000000e+00
9.587500e-01 1.000000e+00 1.000000e+00 0.000000e+00
9.593750e-01 1.000000e+00 1.000000e+00 0.000000e+00
9.600000e-01 1.000000e+00 1.000000e+00 0.000000e+00
9.606250e-01 1.000000e+00 1.000000e+00 0.000000e+00
9.612500e-01 1.000000e+00 1.000000e+00 0.000000e+00
9.618750e-01 1.000000e+00 1.000000e+00 0.000000e+00
9.625000e-01 1.000000e+00 1.000000e+00 0.000000e+00
9.631250e-01 1.000000e+00 1.000000e+00 0.000000e+00
9.637500e-01 1.000000e+00 1.000000e+00 0.000000e+00
9.643750e-01 1.000000e+00 1.000000e+00 0.000000e+00
9.650000e-01 1.000000e+00 1.000000e+00 0.000000e+00
9.656250e-01 1.000000e+00 1.000000e+00 0.000000e+00
9.662500e-01 1.000000e+00 1.000000e+00 0.000000e+00
9.668750e-01 1.000000e+00 1.000000e+00 0.000000e+00
9.675000e-01 1.000000e+00 1.000000e+00 0.000000e+00
9.681250e-01 1.000000e+00 1.000000e+00 0.000000e+00
9.687500e-01 1.000000e+00 1.000000e+00 0.000000e+00
9.693750e-01 1.000000e+00 1.000000e+00 0.000000e+00
9.700000e-01 1.000000e+00 1.000000e+00 0.000000e+00
9.706250e-01 1.000000e+00 1.000000e+00 0.000000e+00
9.712500e-01 1.000000e+00 1.000000e+00 0.000000e+00
9.718750e-01 1.000000e+00 1.000000e+00 0.000000e+00
9.725000e-01 1.000000e+00 1.000000e+00 0.000000e+00
9.731250e-01 1.000000e+00 1.000000e+00 0.000000e+00
9.737500e-01 1.000000e+00 1.000000e+00 0.000000e+00
9.743750e-01 1.000000e+00 1.000000e+00 0.000000e+00
9.750000e-01 1.000000e+00 1.000000e+00 0.000000e+00
9.756250e-01 1.000000e+00 1.000000e+00 0.000000e+00
9.762500e-01 1.000000e+00 1.000000e+00 0.000000e+00
9.768750e-01 1.000000e+00 1.000000e+00 0.000000e+00
9.775000e-01 1.000000e+00 1.000000e+00 0.000000e+00
9.781250e-01 1.000000e+00 1.000000e+00 0.000000e+00
9.787500e-01 1.000000e+00 1.000000e+00 0.000000e+00
9.793750e-01 1.000000e+00 1.000000e+00 0.000000e+00
9.800000e-01 1.000000e+00 1.000000e+00 0.000000e+00
9.806250e-01 1.000000e+00 1.000000e+00 0.000000e+00
9.812500e-01 1.000000e+00 1.000000e+00 0.000000e+00
9.818750e-01 1.000000e+00 1.000000e+00 0.000000e+00
9.825000e-01 1.000000e+00 1.000000e+00 0.000000e+00
9.831250e-01 1.000000e+00 1.000000e+00 0.000000e+00
9.837500e-01 1.000000e+00 1.000000e+00 0.000000e+00
9.843750e-01 1.000000e+00 1.000000e+00 0.000000e+00
9.850000e-01 1.000000e+00 1.000000e+00 0.000000e+00
9.856250e-01 1.000000e+00 1.000000e+00 0.000000e+00
9.862500e-01 1.000000e+00 1.000000e+00 0.000000e+00
9.868750e-01 1.000000e+00 1.000000e+00 0.000000e+00
9.875000e-01 1.000000e+00 1.000000e+00 0.000000e+00
9.881250e-01 1.000000e+00 1.000000e+00 0.000000e+00
9.887500e-01 1.000000e+00 1.000000e+00 0.000000e+00
9.893750e-01 1.000000e+00 1.000000e+00 0.000000e+00
9.900000e-01 1.000000e+00 1.000000e+00 0.000000e+00
9.906250e-01 1.000000e+00 1.000000e+00 0.000000e+00
9.912500e-01 1.000000e+00 1.000000e+00 0.000000e+00
9.918750e-01 1.000000e+00 1.000000e+00 0.000000e+00
9.925000e-01 1.000000e+00 1.000000e+00 0.000000e+00
9.931250e-01 1.000000e+00 1.000000e+00 0.000000e+00
9.937500e-01 1.000000e+00 1.000000e+00 0.000000e+00
9.943750e-01 1.000000e+00 1.000000e+00 0.000000e+00
9.950000e-01 1.000000e+00 1.000000e+00 0.000000e+00
9.956250e-01 1.000000e+00 1.000000e+00 0.000000e+00
9.962500e-01 1.000000e+00 1.000000e+00 0.000000e+00
9.968750e-01 1.000000e+00 1.000000e+00 0.000000e+00
9.975000e-01 1.000000e+00 1.000000e+00 0.000000e+00
9.981250e-01 1.000000e+00 1.000000e+00 0.000000e+00
9.987500e-01 1.000000e+00 1.000000e+00 0.000000e+00
9.993750e-01 1.000000e+00 1.000000e+00 0.000000e+00
1.000000e+00 1.000000e+00 1.000000e+00 0.000000e+00
