10.0 1.1030028747052698 0.005666349692579039 0.005556330164120461
9.9755 1.1032632151736108 0.005692873494988264 0.0055820754912397465
9.951 1.1035248736378815 0.005719583941990697 0.0056080001019087975
9.9265 1.103787860121395 0.005746482788662019 0.0056341056640017975
9.902 1.1040521847492517 0.005773571810753368 0.0056603938648259675
9.8775 1.1043178577496244 0.005800852804984314 0.005686866411393834
9.853 1.104584889455078 0.005828327589340631 0.005713525030699917
9.8285 1.1048532903039032 0.005855998003377021 0.005740371470001941
9.804 1.1051230708414637 0.0058838659085249274 0.0057674074971067624
9.7795 1.1053942417215774 0.005911933188405418 0.0057946349006609
9.755 1.105666813707914 0.005940201749147316 0.00582205549044592
9.7305 1.1059407976754083 0.005968673519710705 0.005849671097678729
9.706 1.1062162046117001 0.005997350452215837 0.005877483575316843
9.6815 1.1064930456186017 0.006026234522277569 0.005905494798368711
9.657 1.1067713319135746 0.006055327729345506 0.005933706664209282
9.6325 1.1070510748312474 0.006084632097049804 0.0059621210929007434
9.608 1.1073322858249397 0.006114149673552952 0.005990740027518771
9.5835 1.1076149764682226 0.00614388253190745 0.006019565434484145
9.559 1.1078991584564946 0.0061738327704196514 0.006048599303900051
9.5345 1.1081848436085928 0.006204002513019751 0.006077843649894966
9.51 1.108472043868421 0.00623439390963819 0.006107300510971459
9.4855 1.1087607713066048 0.006265009136588481 0.006136971950360853
9.461 1.1090510381221779 0.006295850396956623 0.006166860056383914
9.4365 1.1093428566442878 0.006326919920997281 0.0061969669428177405
9.411999999999999 1.1096362393339376 0.006358219966536762 0.006227294749268859
9.3875 1.1099311987857496 0.006389752819383004 0.0062578456415527456
9.363 1.110227747729758 0.006421520793742736 0.006288621812079892
9.3385 1.110525899033232 0.006453526232645843 0.006319625480248469
9.314 1.1108256657025264 0.006485771508377212 0.006350858892843822
9.2895 1.1111270608849682 0.006518259022916063 0.0063823243244447965
9.265 1.1114300978707636 0.006550991208383098 0.0064140240778372245
9.2405 1.1117347900949466 0.006583970527495428 0.006445960484434498
9.216 1.1120411511393495 0.006617199474029621 0.006478135904705565
9.1915 1.1123491947346171 0.0066506805732928385 0.006510552728610299
9.167 1.1126589347622418 0.006684416382602453 0.00654321337604262
9.1425 1.112970385256643 0.006718409491774081 0.006576120297281284
9.118 1.1132835604072724 0.006752662523618415 0.006609275973448702
9.0935 1.1135984745607599 0.006787178134446868 0.0066426829169777945
9.068999999999999 1.113915142223094 0.006821959014586313 0.006676343672087128
9.0445 1.1142335780618347 0.006857007888903074 0.006710260815264497
9.02 1.1145537969083694 0.006892327517336352 0.006744436955759096
8.9955 1.1148758137602004 0.00692792069544129 0.006778874736082464
8.971 1.1151996437832785 0.006963790254941844 0.006813576832518371
8.9465 1.1155253023143676 0.00699993906429374 0.006848545955641874
8.922 1.1158528048634535 0.007036370029257657 0.0068837848508476965
8.8975 1.1161821671161938 0.007073086093482858 0.006919296298888093
8.873 1.116513404936411 0.0071100902391015046 0.006955083116420454
8.8485 1.1168465343686207 0.007147385487333904 0.006991148156564829
8.824 1.1171815716406126 0.007184974899104856 0.007027494309471569
8.7995 1.1175185331660697 0.007222861575671378 0.007064124502899277
8.775 1.1178574355472337 0.007261048659262047 0.007101041702803347
8.7505 1.1181982955776173 0.007299539333728177 0.007138248913935233
8.725999999999999 1.1185411302447612 0.007338336825207137 0.007175749180452743
8.7015 1.1188859567330434 0.00737744440279797 0.007213545586541518
8.677 1.1192327924265324 0.007416865379249713 0.007251641257048011
8.6525 1.1195816549118902 0.007456603111662581 0.007290039358124172
8.628 1.1199325619813338 0.00749666100220229 0.00732874309788401
8.6035 1.1202855316356368 0.007537042498827914 0.007367755727072471
8.579 1.1206405820871916 0.007577751096033434 0.007407080539746696
8.5545 1.1209977317631277 0.007618790335603338 0.007446720873970023
8.53 1.121356999308474 0.007660163807382626 0.007486680112519048
8.5055 1.1217184035893901 0.007701875150061401 0.007526961683603883
8.481 1.1220819636964492 0.007743928051974485 0.00756756906160203
8.4565 1.122447698947976 0.007786326251916376 0.007608505767806141
8.432 1.1228156288934499 0.0078290735399718 0.007649775371185881
8.4075 1.1231857733169717 0.007872173758362262 0.007691381489164262
8.383 1.123558152240781 0.007915630802308993 0.007733327788408835
8.3585 1.1239327859288493 0.007959448620912545 0.007775617985637882
8.334 1.1243096948905358 0.008003631218049477 0.007818255848442108
8.3095 1.1246888998843 0.008048182653286544 0.007861245196122107
8.285 1.1250704219214966 0.008093107042812664 0.007904589900541912
8.2605 1.1254542822702276 0.00813840856038919 0.007948293886999051
8.236 1.1258405024592733 0.00818409143831878 0.007992361135111406
8.211500000000001 1.1262291042820864 0.00823015996843343 0.008036795679721374
8.187 1.1266201098008752 0.008276618503101884 0.008081601611817472
8.1625 1.1270135413507427 0.008323471456257132 0.008126783079474086
8.138 1.1274094215439168 0.008370723304444206 0.00817234428880952
8.1135 1.1278077732740561 0.008418378587888879 0.00821828950496286
8.089 1.1282086197206298 0.008466441911587729 0.008264623053090116
8.0645 1.1286119843533922 0.008514917946419941 0.008311349319379902
8.04 1.1290178909369255 0.008563811430281575 0.00835847275208938
8.0155 1.1294263635352821 0.008613127169242537 0.008405997862600616
7.991 1.1298374265167062 0.008662870038727032 0.008453929226498071
7.9665 1.1302511045584478 0.008713044984717871 0.008502271484667522
7.942 1.1306674226516698 0.008763657024985239 0.00855102934441702
7.9175 1.1310864061064432 0.008814711250340551 0.00860020758062036
7.893 1.131508080556847 0.008866212825915864 0.008649811036883509
7.8685 1.1319324719661552 0.008918166992469567 0.008699844626734668
7.843999999999999 1.132359606632134 0.008970579067718866 0.008750313334838356
7.8195 1.1327895111924329 0.009023454447699773 0.00880122221823419
7.795 1.1332222126300853 0.009076798608155197 0.008852576407600895
7.7705 1.133657738279115 0.009130617105951807 0.008904381108546093
7.746 1.1340961158302514 0.009184915580526396 0.008956641602922543
7.7215 1.1345373733367583 0.009239699755362376 0.009009363250171402
7.697 1.134981539220372 0.009294975439497222 0.009062551488693196
7.672499999999999 1.1354286422773643 0.009350748529061497 0.009116211837247075
7.648 1.1358787116847193 0.00940702500885029 0.009170349896379094
7.6235 1.1363317770064358 0.009463810953927832 0.009224971349880168
7.599 1.136787868199951 0.009521112531266133 0.009280081966274467
7.5745000000000005 1.1372470156226968 0.009578936001418343 0.009335687600338878
7.55 1.1377092500387882 0.009637287720227804 0.009391794194654326
7.5255 1.1381746026258384 0.009696174140573667 0.009448407781189818
7.5009999999999994 1.1386431049819228 0.009755601814153844 0.009505534482919787
7.4765 1.1391147891326712 0.009815577393306374 0.009563180515475762
7.452 1.1395896875385154 0.00987610763287001 0.009621352188833029
7.4275 1.1400678331020755 0.009937199392085115 0.009680055909033262
7.4030000000000005 1.1405492591757032 0.009998859636535757 0.009739298179943866
7.3785 1.1410339995691774 0.010061095440134104 0.00979908560505506
7.354 1.1415220885575552 0.01012391398714818 0.009859424889315575
7.3294999999999995 1.1420135608891908 0.01018732257427398 0.009920322841007866
7.305 1.1425084517939155 0.010251328612753173 0.009981786373663915
7.2805 1.1430067969913913 0.010315939630537441 0.010043822508022514
7.256 1.143508632699633 0.010381163274500735 0.010106438374029225
7.2315000000000005 1.1440139956437168 0.01044700731270053 0.010169641212879853
7.207 1.1445229230646654 0.010513479636689456 0.010233438379108712
7.1825 1.1450354527285211 0.010580588263878515 0.010297837342722757
7.1579999999999995 1.1455516229356137 0.010648341339953238 0.010362845691382662
7.1335 1.1460714725300232 0.010716747141344081 0.01042847113263211
7.109 1.1465950409092402 0.010785814077752594 0.01049472149617654
7.0845 1.1471223680340428 0.010855550694734591 0.010561604736212432
7.0600000000000005 1.1476534944385703 0.010925965676342063 0.010629128933808714
7.0355 1.14818846124063 0.010997067847825077 0.010697302299341283
7.010999999999999 1.148727310152211 0.011068866178395498 0.010766133174982298
6.9864999999999995 1.1492700834902423 0.011141369784053891 0.010835630037245412
6.962 1.1498168241875664 0.01121458793048157 0.010905801499588641
6.9375 1.150367575804168 0.011288530035999151 0.0109766563150761
6.913 1.1509223825386392 0.0113632056745937 0.011048203379100311
6.8885000000000005 1.1514812892399011 0.011438624579016064 0.0111204517321666
6.864 1.152044341419184 0.011514796643950357 0.011193410562741193
6.839499999999999 1.1526115852622685 0.011591731929257545 0.011267089210164739
6.8149999999999995 1.1531830676420027 0.011669440663295044 0.011341497167632926
6.7905 1.1537588361310986 0.011747933246314417 0.01141664408524596
6.766 1.1543389390152146 0.01182722025393926 0.011492539773128752
6.7415 1.154923425306327 0.011907312440725511 0.011569194204623745
6.7170000000000005 1.1555123447564104 0.011988220743806307 0.011646617519558188
6.6925 1.156105747871424 0.01206995628662378 0.011724820027587955
6.667999999999999 1.1567036859256166 0.012152530382750128 0.011803812211619923
6.6434999999999995 1.157306210976155 0.012235954539800472 0.011883604731315054
6.619 1.1579133758780904 0.012320240463439937 0.011964208426674325
6.5945 1.1585252342996697 0.012405400061487609 0.012045634321709736
6.57 1.1591418407379965 0.012491445448120048 0.012127893628202784
6.5455 1.1597632505350535 0.012578388948177198 0.012210997749552751
6.521 1.160389519894104 0.012666243101573335 0.012294958284717198
6.496499999999999 1.1610207058964699 0.012755020667816305 0.01237978703224734
6.4719999999999995 1.1616568665187041 0.012844734630637818 0.012465495994420778
6.4475 1.1622980606501678 0.012935398202738122 0.012552097381474392
6.423 1.16294434811102 0.013027024830648212 0.012639603615940121
6.3985 1.1635957896706377 0.013119628199712843 0.012728027337086431
6.374 1.1642524470664677 0.01321322223919804 0.012817381405468644
6.3495 1.164914383023336 0.013307821127526301 0.012907678907590864
6.324999999999999 1.1655816612732133 0.01340343929764355 0.012998933160682968
6.3004999999999995 1.1662543465754596 0.013500091442521314 0.013091157717595657
6.276 1.1669325047375578 0.013597792520798256 0.01318436637181707
6.2515 1.1676162026363515 0.013696557762564954 0.013278573162614323
6.227 1.1683055082397928 0.01379640267529627 0.013373792380303668
6.2025 1.1690004906292328 0.013897343049935439 0.013470038571652763
6.178 1.1697012200222519 0.013999394967134437 0.013567326545419006
6.153499999999999 1.1704077677960516 0.014102574803655312 0.013665671378027922
6.129 1.1711202065114334 0.014206899238936976 0.013765088419395331
6.1045 1.171838609937364 0.014312385261832717 0.013865593298897945
6.08 1.1725630530761613 0.014419050177523195 0.013967201931496285
6.0555 1.1732936121893038 0.014526911614610411 0.014069930524014717
6.031 1.1740303648238986 0.014635987532397924 0.014173795581582962
6.0065 1.1747733898398043 0.014746296228363051 0.014278813914244095
5.982 1.1755227674374626 0.014857856345826669 0.01438500264373365
5.9575 1.1762785791864148 0.014970686881826938 0.01449237921043531
5.933 1.1770409080545636 0.015084807195202811 0.014600961380518074
5.9085 1.1778098384381857 0.015200237014893914 0.014710767253260527
5.8839999999999995 1.178585456192709 0.015316996448463563 0.014821815268567885
5.8595 1.1793678486642991 0.015435105990851452 0.01493412421468739
5.835 1.1801571047222554 0.015554586533363607 0.015047713236128421
5.8105 1.1809533147922664 0.015675459372906403 0.015162601841793131
5.786 1.1817565708905247 0.01579774622147283 0.01527880991332441
5.7615 1.1825669666587502 0.015921469215888478 0.015396357713677557
5.737 1.183384597400139 0.01604665092782557 0.015515265895922644
5.7124999999999995 1.18420956011626 0.016173314374093625 0.01563555551228479
5.688 1.1850419535449475 0.016301483027215253 0.01575724802342948
5.6635 1.1858818781992042 0.016431180826296316 0.01588036530800071
5.639 1.1867294364071512 0.016562432188199906 0.01600492967241989
5.6145 1.187584732353059 0.01669526201903378 0.016130963860953595
5.59 1.1884478721194969 0.016829695725961304 0.0162584910660585
5.5655 1.189318963730627 0.016965759229346563 0.01638753493901262
5.5409999999999995 1.1901981171966924 0.01710347897524425 0.016518119600841465
5.5165 1.1910854445597234 0.017242881948245727 0.016650269653548894
5.492 1.1919810599405123 0.017383995684692913 0.016784010191662223
5.4675 1.1928850795868917 0.017526848286271955 0.01691936681410165
5.443 1.1937976219233604 0.017671468433999433 0.017056365636384557
5.4185 1.194718807602105 0.01781788540261378 0.01719503330317536
5.394 1.195648759555453 0.017966129075385837 0.01733539700119237
5.3694999999999995 1.196587603049815 0.01811622995936213 0.017477484472483058
5.345 1.1975354657411557 0.01826821920105569 0.017621324028079952
5.3205 1.1984924777320578 0.01842212860259928 0.017766944562049584
5.295999999999999 1.1994587716304141 0.018577990638376892 0.017914375565947563
5.2715 1.2004344826098226 0.018735838472149477 0.018063647143693073
5.247 1.201419748471717 0.01889570597469225 0.01821479002687706
5.2225 1.2024147097093243 0.019057627741960424 0.01836783559051817
5.1979999999999995 1.2034195095734772 0.019221639113802334 0.018522815869281856
5.1735 1.204434294140368 0.019387776193238206 0.018679763574178127
5.149 1.2054592123813044 0.019556075866324688 0.01883871210975402
5.124499999999999 1.206494416234533 0.019726575822625287 0.018999695591797826
5.1 1.207540060679202 0.019899314576308124 0.019162748865572406
5.0755 1.2085963038115486 0.020074331487892918 0.019327907524595705
5.051 1.2096633069233707 0.02025166678667031 0.01949520792998749
5.0264999999999995 1.210741234582882 0.02043136159381725 0.019664687230401618
5.002 1.211830254718019 0.02061345794623341 0.01983638338256445
4.9775 1.2129305387022968 0.020797998821124333 0.0200103351724404
4.952999999999999 1.2140422614433084 0.02098502816135819 0.020186582237046422
4.9285 1.215165601473945 0.021174590901624258 0.020365165086938752
4.904 1.2163007410464517 0.02136673299542213 0.0205461251293952
4.8795 1.217447866229421 0.02156150144291183 0.020729504692317827
4.8549999999999995 1.2186071670078205 0.021758944319656668 0.020915347048881747
4.8305 1.2197788373861749 0.021959110806291423 0.02110369644295675
4.806 1.220963075495013 0.022162051219150398 0.021294598115329615
4.781499999999999 1.2221600837007065 0.022367817041890677 0.021488098330755833
4.757 1.223370068718824 0.02257646095814787 0.021684244405871002
4.7325 1.2245932417311276 0.022788036885263336 0.021883084737993382
4.708 1.225829818506356 0.023002600009122798 0.022084668834849913
4.6834999999999996 1.2270800195249325 0.023220206820148845 0.022289047345260004
4.659 1.2283440701077473 0.023440915150491057 0.022496272090812303
4.6345 1.229622200549177 0.023664784212459482 0.022706396098571353
4.609999999999999 1.230914646254493 0.0238918746382494 0.0229194736348527
4.5855 1.2322216478818304 0.02412224852100722 0.023135560240106372
4.561 1.233543451488907 0.024355969457289305 0.023354712764950478
4.5365 1.2348803086846607 0.024593102590968384 0.02357698940739853
4.512 1.236232476786006 0.02483371465864408 0.023802449751325935
4.4875 1.237600218979922 0.025077874036616554 0.024031154806222525
4.463 1.2389838044910555 0.02532565078948586 0.024263167048281496
4.4384999999999994 1.240383508755094 0.02557711672044073 0.024498550462875118
4.414 1.2417996135981146 0.025832345423304936 0.024737370588471735
4.3895 1.2432324074221572 0.026091412336411872 0.02497969456205017
4.365 1.2446821853972845 0.026354394798380646 0.02522559116606959
4.3405 1.246149249660375 0.026621372105871545 0.025475130877056714
4.316 1.2476339095209403 0.026892425573401105 0.02572838591587382
4.2915 1.2491364816742558 0.027167638595301476 0.025985430299734387
4.2669999999999995 1.250657290422098 0.027447096709912532 0.02624633989603634
4.2425 1.252196667901415 0.027730887666099054 0.026511192478085623
4.218 1.2537549543212623 0.028019101492190092 0.026780067782786444
4.193499999999999 1.2553324982083534 0.028311830567441694 0.027053047570377776
4.169 1.256929656661587 0.028609169696129394 0.02733021568629954
4.1445 1.2585467956159373 0.028911216184381906 0.027611658125275884
4.12 1.2601842901161207 0.02921806991987217 0.027897463097706163
4.0954999999999995 1.261842524600433 0.029529833454488837 0.028187721098460076
4.071 1.2635218931952419 0.029846612090115427 0.028482524978175782
4.0465 1.2652228000205588 0.0301685139676526 0.02878197001716677
4.021999999999999 1.2669456595072142 0.030495650159423716 0.029086154002046075
3.9974999999999996 1.2686908967261212 0.03082813476511227 0.029395177305183533
3.973 1.270458947730193 0.03116608501138628 0.02970914296711569
3.9485 1.2722502599094632 0.03150962135537268 0.030028156782034843
3.9239999999999995 1.274065292360012 0.031858867592153194 0.030352327386489356
3.8994999999999997 1.2759045162673333 0.03221395096646111 0.030681766351433548
3.875 1.2777684153047895 0.032575002288768584 0.031016588277773028
3.8504999999999994 1.2796574860478591 0.03294215605596263 0.031356910895557574
3.8259999999999996 1.2815722384049075 0.033315550576818696 0.03170285516698166
3.8015 1.2835131960652533 0.03369532810249163 0.032054545393360716
3.777 1.2854808969653269 0.034081634962255046 0.03241210932625974
3.7524999999999995 1.2874758937738062 0.0344746217047318 0.032775678282958874
3.7279999999999998 1.2894987543966026 0.034874443244871815 0.033145387266451054
3.7035 1.2915500625026695 0.03528125901694642 0.033521375090176116
3.6789999999999994 1.2936304180716178 0.03569523313384306 0.033903784507706335
3.6544999999999996 1.2957404379642201 0.036116534552958754 0.034292762347608946
3.63 1.2978807565168995 0.03654533724900797 0.03468845965372409
3.6055 1.3000520261613993 0.03698182039407625 0.035091031831107386
3.5809999999999995 1.3022549180708722 0.03742616854526998 0.03550063879790085
3.5564999999999998 1.3044901228337096 0.0378785718403316 0.03591744514340876
3.532 1.306758351156508 0.03833922620160977 0.03634162029267013
3.5074999999999994 1.3090603345976395 0.038808333548795836 0.03677333867783503
3.4829999999999997 1.3113968263329912 0.039286102020860914 0.03721277991666807
3.4585 1.3137686019555235 0.03977274620765219 0.03766012899852048
3.434 1.3161764603103883 0.040268487391633356 0.03811557647812997
3.4094999999999995 1.3186212243674684 0.040773553800281075 0.038579318677627546
3.385 1.3211037421332947 0.041288180869679336 0.039051557897151236
3.3605 1.3236248876044174 0.04181261151988493 0.039532502634489194
3.3359999999999994 1.3261855617644434 0.04234709644266981 0.04002236781419692
3.3114999999999997 1.3287866936270747 0.04289189440228228 0.04052137502665973
3.287 1.3314292413276367 0.04344727254990676 0.041029752777597295
3.2625 1.334114193265731 0.04401350675254157 0.041547736748535055
3.2379999999999995 1.3368425693018178 0.04459088193705785 0.04207557006879793
3.2135 1.339615422010701 0.0451796924502483 0.04261350359961335
3.189 1.342433837995099 0.0457802424357234 0.0431617962309441
3.1644999999999994 1.3452989392626509 0.04639284622856518 0.043720715191708566
3.1399999999999997 1.3482118846699593 0.047017828768704355 0.044290536374083526
3.1155 1.351173871437491 0.04765552603404679 0.04487154467262624
3.0909999999999993 1.354186136739393 0.04830628549443859 0.04546403433899625
3.0664999999999996 1.3572499593725778 0.04897046658762782 0.04606830935310342
3.042 1.360366661509687 0.04964844121845475 0.04668468381156003
3.0175 1.3635376105408912 0.050340594282579205 0.04731348233436555
2.9929999999999994 1.3667642210097795 0.05104732421613956 0.047955040490811826
2.9684999999999997 1.370047956648968 0.051769043572827245 0.048609705245656006
2.944 1.373390332521457 0.05250617962995685 0.049277835426673196
2.9194999999999993 1.3767929172741538 0.05325917502521659 0.049959802214770914
2.8949999999999996 1.3802573355104553 0.054028488425894555 0.05065598965792111
2.8705 1.3837852702892484 0.05481459523249674 0.05136679521024564
2.846 1.3873784657582175 0.05561798831880095 0.0520926302976759
2.8214999999999995 1.3910387299299287 0.056439178810529095 0.052833920911698196
2.7969999999999997 1.394767937609737 0.05727869690497023 0.053591108232795594
2.7725 1.3985680334852635 0.058137092734046686 0.054364649285300916
2.7479999999999993 1.4024410353878771 0.059014937273488395 0.05515501762548862
2.7234999999999996 1.4063890377373984 0.05991282330096781 0.05596270406485482
2.699 1.4104142151821062 0.06083136640624834 0.056788217430664256
2.6745 1.4145188264469886 0.06177120605661732 0.05763208536598405
2.6499999999999995 1.4187052184042346 0.06273300672110814 0.05849485517157286
2.6254999999999997 1.4229758303809863 0.06371745905727105 0.059377094692158267
2.601 1.4273331987205673 0.06472528116452632 0.060279393249808806
2.5764999999999993 1.43177996161467 0.06575721990842986 0.06120236262729509
2.5519999999999996 1.4363188642253748 0.06681405232050386 0.06214663810453762
2.5275 1.4409527641173694 0.06789658707863455 0.06311287955145929
2.503 1.4456846370224068 0.06900566607341564 0.06410177258079504
2.4784999999999995 1.4505175829598276 0.07014216606622843 0.06511402976466776
2.4539999999999997 1.4554548327389156 0.07130700044529552 0.06615039191901757
2.4295 1.4604997548710676 0.07250112108642914 0.06721162946026739
2.4049999999999994 1.4656558629220109 0.07372552032572467 0.06829854383893555
2.3804999999999996 1.4709268233369883 0.07498123305202165 0.06941196905525333
2.356 1.4763164637745623 0.07626933892758482 0.07055277326222989
2.3315 1.4818287819878353 0.0775909647461368 0.07172186046201695
2.3069999999999995 1.4874679552952867 0.07894728693812131 0.07292017230187561
2.2824999999999998 1.4932383506871476 0.08033953423389001 0.07414868997653551
2.258 1.499144535617359 0.0817689904963972 0.07540843624426721
2.2334999999999994 1.5051912895357307 0.08323699773595765 0.07670047756456334
2.2089999999999996 1.5113836162198422 0.0847449593206958 0.07802592636595838
2.1845 1.5177267569718642 0.0862943433974787 0.07938594345319668
2.16 1.5242262047514628 0.08788668653941477 0.0807817405637128
2.1354999999999995 1.5308877193228032 0.08952359763740661 0.0822145830842017
2.1109999999999998 1.537717343501087 0.09120676205480124 0.08368579293895313
2.0865 1.5447214205923891 0.09293794606588643 0.0851967516626026
2.0619999999999994 1.551906613129745 0.09471900160086423 0.08674890367102253
2.0374999999999996 1.5592799230187049 0.09655187132200732 0.08834375974525302
2.013 1.566848713216934 0.09843859405799864 0.08998290074466372
1.9885000000000002 1.574620731085158 0.10038131062598431 0.09166798156695243
1.9640000000000004 1.5826041335609153 0.10238227007367745 0.09340073537414775
1.939499999999999 1.5908075143223823 0.10444383637695707 0.09518297810550047
1.9149999999999991 1.5992399331272675 0.1065684956318531 0.09701661330003815
1.8904999999999994 1.607910947531614 0.10875886378363885 0.09890363725364903
1.8659999999999997 1.616830647215544 0.11101769494001171 0.1008461445378671
1.8415 1.6260096911680584 0.11334789032008481 0.1028463339100829
1.8170000000000002 1.6354593480110708 0.1157525078962044 0.10490651464773387
1.7925000000000004 1.6451915397745998 0.11823477279151201 0.10702911334216017
1.767999999999999 1.6552188894707813 0.12079808850277908 0.10921668119129796
1.7434999999999992 1.6655547728548574 0.12344604902543505 0.1114719018342485
1.7189999999999994 1.6762133748070698 0.12618245196601305 0.11379759977507906
1.6944999999999997 1.6872097508213548 0.1290113127365493 0.1161967494480108
1.67 1.6985598941457838 0.13193687993596456 0.11867248498152375
1.6455000000000002 1.7102808091868942 0.1349636520352676 0.1212281107249089
1.6210000000000004 1.7223905918667102 0.13809639549675987 0.12386711260752419
1.596499999999999 1.734908517708847 0.1413401644725 0.12659317040855628
1.5719999999999992 1.747855138530348 0.14470032224436938 0.12941017102356928
1.5474999999999994 1.7612523887309839 0.14818256458746712 0.13232222282367165
1.5229999999999997 1.7751237023039446 0.15179294526059603 0.13533367121389325
1.4985 1.7894941418442691 0.15553790385271374 0.138449115509533
1.4740000000000002 1.8043905410072474 0.15942429624287424 0.14167342726300727
1.4495000000000005 1.8198416620726625 0.16345942796396326 0.14501177018934164
1.424999999999999 1.8358783705068773 0.16765109079810195 0.14846962185620496
1.4004999999999992 1.8525338286894286 0.17200760297474785 0.15205279732458973
1.3759999999999994 1.869843711290976 0.17653785339222197 0.15576747494932053
1.3514999999999997 1.8878464451636108 0.18125135034073106 0.1596202245749551
1.327 1.9065834770431482 0.18615827527131557 0.1636180383929035
1.3025000000000002 1.9260995728784023 0.19126954223210704 0.16776836476036652
1.2780000000000005 1.9464431532099766 0.19659686368277246 0.172079145321755
1.253499999999999 1.967666669739203 0.20215282350238778 0.1765588558195435
1.2289999999999992 1.9898270290795204 0.20795095812800507 0.18121655103511197
1.2044999999999995 2.012986070695722 0.21400584690430952 0.18606191436240813
1.1799999999999997 2.037211107245768 0.22033321289310354 0.19110531258978597
1.1555 2.062575536988514 0.22695003559003912 0.19635785655013474
1.1310000000000002 2.0891595396619187 0.23387467723123617 0.20183146839874708
1.1065000000000005 2.1170508693376466 0.24112702465186062 0.20753895639517755
1.081999999999999 2.14634576030331 0.24872864899190056 0.2134940982031784
1.0574999999999992 2.1771499651198285 0.2567029859430487 0.21971173388599147
1.0329999999999995 2.209579947783502 0.265075539709551 0.2262078699682612
1.0084999999999997 2.243764259563032 0.27387411443353443 0.23299979616724512
0.984 2.279845130802465 0.2831290775350718 0.2401062166732616
0.9595000000000002 2.317980319067411 0.2928736602685382 0.24754739819284113
0.9350000000000005 2.3583452628349706 0.3031443018373557 0.25534533737109427
0.910499999999999 2.401135600972116 0.31398104468723625 0.26352395069910034
0.8859999999999992 2.4465701321497044 0.32542799017572366 0.2721092906090316
0.8614999999999995 2.4948943059433404 0.3375338257739648 0.28112979219167356
0.8369999999999997 2.54638435980214 0.3503524374005756 0.2906165558733246
0.8125 2.6013522448330484 0.36394362355603965 0.3006036725078654
0.7880000000000003 2.660151520497726 0.37837393180294937 0.3111285987351918
0.7635000000000005 2.723184446645612 0.393717643068165 0.3222325922087734
0.738999999999999 2.7909105646622128 0.41005793555807263 0.3339612185084053
0.7144999999999992 2.863857143253653 0.4274882682265547 0.346364944370931
0.6899999999999995 2.942631976047074 0.44611403433252705 0.35949983548344633
0.6654999999999998 3.027939168455617 0.46605454952194814 0.37342838175183896
0.641 3.120598755501878 0.487445457260189 0.3882204790434503
0.6165000000000003 3.2215712728566785 0.5104416590107953 0.4039546044092922
0.5919999999999987 3.3319887931472194 0.5352209097202782 0.42071923242831355
0.567499999999999 3.4531944877925014 0.561988264426522 0.4386145545969925
0.5429999999999993 3.5867935558038684 0.5909816243077489 0.457754583078115
0.5184999999999995 3.734719490068312 0.622478717909845 0.47826974677467804
0.4939999999999998 3.899321308859274 0.6568059772777995 0.5003101248155541
0.46950000000000003 4.083479853806315 0.6943499472398013 0.5240495149895624
0.4450000000000003 4.290765015461972 0.7355721274035977 0.5496906099466707
0.42049999999999876 4.525651578722521 0.7810285358805298 0.5774716639129028
0.395999999999999 4.79382062563836 0.8313958758423924 0.6076751962528237
0.3714999999999993 5.102588454636094 0.8875071061836188 0.6406395268094769
0.34699999999999953 5.4615300559314495 0.9504006830287661 0.6767743246485426
0.3224999999999998 5.883407358446823 1.0213901376249073 0.7165819692759494
0.29800000000000004 6.38558939834281 1.1021647061087638 0.7606875387762968
0.2735000000000003 6.992294146889982 1.1949388092966167 0.8098819660633523
0.24899999999999878 7.738258228147138 1.302681078307142 0.8651859562803085
