1.374902e+00 5.320043e+02 1.055782e+02 -5.855228e-02
1.414758e+00 5.119134e+02 9.901702e+01 -5.972056e-02
1.456430e+00 4.923037e+02 9.277639e+01 -6.086913e-02
1.500000e+00 4.731829e+02 8.684886e+01 -6.199646e-02
1.545555e+00 4.545578e+02 8.122647e+01 -6.309979e-02
1.593185e+00 4.364335e+02 7.590070e+01 -6.417681e-02
1.642985e+00 4.188137e+02 7.086260e+01 -6.522475e-02
1.695054e+00 4.017004e+02 6.610275e+01 -6.624221e-02
1.749494e+00 3.850948e+02 6.161150e+01 -6.722662e-02
1.806415e+00 3.689964e+02 5.737895e+01 -6.817585e-02
1.865928e+00 3.534038e+02 5.339505e+01 -6.908740e-02
1.928153e+00 3.383141e+02 4.964960e+01 -6.996004e-02
1.993213e+00 3.237235e+02 4.613241e+01 -7.079152e-02
2.061236e+00 3.096274e+02 4.283327e+01 -7.157996e-02
2.132358e+00 2.960199e+02 3.974206e+01 -7.232390e-02
2.206720e+00 2.828944e+02 3.684876e+01 -7.302164e-02
2.284469e+00 2.702436e+02 3.414350e+01 -7.367172e-02
2.365761e+00 2.580594e+02 3.161661e+01 -7.427280e-02
2.450755e+00 2.463332e+02 2.925862e+01 -7.482368e-02
2.539622e+00 2.350555e+02 2.706033e+01 -7.532327e-02
2.632536e+00 2.242168e+02 2.501281e+01 -7.577063e-02
2.729684e+00 2.138067e+02 2.310740e+01 -7.616495e-02
2.831257e+00 2.038147e+02 2.133576e+01 -7.650555e-02
2.937457e+00 1.942300e+02 1.968988e+01 -7.679191e-02
3.048495e+00 1.850415e+02 1.816203e+01 -7.702361e-02
3.164592e+00 1.762380e+02 1.674486e+01 -7.720041e-02
3.285977e+00 1.678080e+02 1.543133e+01 -7.732217e-02
3.412892e+00 1.597400e+02 1.421473e+01 -7.738889e-02
3.545589e+00 1.520226e+02 1.308869e+01 -7.740072e-02
3.684330e+00 1.446442e+02 1.204715e+01 -7.735791e-02
3.829392e+00 1.375934e+02 1.108439e+01 -7.726085e-02
3.981062e+00 1.308588e+02 1.019499e+01 -7.711004e-02
4.139642e+00 1.244290e+02 9.373856e+00 -7.690608e-02
4.305445e+00 1.182930e+02 8.616161e+00 -7.664971e-02
4.478802e+00 1.124397e+02 7.917384e+00 -7.634174e-02
4.660056e+00 1.068584e+02 7.273275e+00 -7.598310e-02
4.849567e+00 1.015385e+02 6.679848e+00 -7.557480e-02
5.047712e+00 9.646952e+01 6.133370e+00 -7.511794e-02
5.254882e+00 9.164145e+01 5.630353e+00 -7.461369e-02
5.471490e+00 8.704436e+01 5.167535e+00 -7.406330e-02
5.697966e+00 8.266862e+01 4.741875e+00 -7.346810e-02
5.934759e+00 7.850486e+01 4.350540e+00 -7.282945e-02
6.182339e+00 7.454398e+01 3.990892e+00 -7.214880e-02
6.441198e+00 7.077718e+01 3.660478e+00 -7.142763e-02
6.711849e+00 6.719591e+01 3.357019e+00 -7.066745e-02
6.994829e+00 6.379192e+01 3.078400e+00 -6.986984e-02
7.290700e+00 6.055722e+01 2.822662e+00 -6.903639e-02
7.600050e+00 5.748411e+01 2.587987e+00 -6.816872e-02
7.923492e+00 5.456518e+01 2.372694e+00 -6.726848e-02
8.261669e+00 5.179328e+01 2.175227e+00 -6.633733e-02
8.615251e+00 4.916152e+01 1.994150e+00 -6.537694e-02
8.984941e+00 4.666331e+01 1.828135e+00 -6.438899e-02
9.371471e+00 4.429228e+01 1.675955e+00 -6.337518e-02
9.775611e+00 4.204236e+01 1.536482e+00 -6.233717e-02
1.019816e+01 3.990769e+01 1.408673e+00 -6.127666e-02
1.063996e+01 3.788269e+01 1.291567e+00 -6.019532e-02
1.110188e+01 3.596198e+01 1.184282e+00 -5.909481e-02
1.158485e+01 3.413990e+01 1.085974e+00 -5.798060e-02
1.208982e+01 3.197179e+01 9.734808e-01 -6.005448e-02
1.261780e+01 2.941905e+01 8.474161e-01 -6.600027e-02
1.316982e+01 2.707620e+01 7.379529e-01 -7.155996e-02
1.374699e+01 2.492514e+01 6.428530e-01 -7.675584e-02
1.435046e+01 2.294937e+01 5.601879e-01 -8.160934e-02
1.498142e+01 2.113394e+01 4.882959e-01 -8.614061e-02
1.564112e+01 1.946525e+01 4.257445e-01 -9.036862e-02
1.633087e+01 1.793095e+01 3.712968e-01 -9.431122e-02
1.705204e+01 1.651979e+01 3.238843e-01 -9.798520e-02
1.780607e+01 1.522152e+01 2.825829e-01 -1.014064e-01
1.859444e+01 1.402681e+01 2.465929e-01 -1.045896e-01
1.941874e+01 1.292712e+01 2.152214e-01 -1.075488e-01
2.028058e+01 1.191468e+01 1.878680e-01 -1.102974e-01
2.118168e+01 1.098236e+01 1.640118e-01 -1.128476e-01
2.212383e+01 1.012367e+01 1.432008e-01 -1.152112e-01
2.310890e+01 9.332642e+00 1.250422e-01 -1.173993e-01
2.413885e+01 8.603837e+00 1.091950e-01 -1.194222e-01
2.521572e+01 7.932258e+00 9.536237e-02 -1.212897e-01
2.634164e+01 7.313328e+00 8.328640e-02 -1.230112e-01
2.751885e+01 6.742850e+00 7.274249e-02 -1.245952e-01
2.874970e+01 6.216972e+00 6.353512e-02 -1.260502e-01
3.003661e+01 5.732160e+00 5.549402e-02 -1.273838e-01
3.138215e+01 5.285166e+00 4.847079e-02 -1.286035e-01
3.278898e+01 4.873009e+00 4.233612e-02 -1.297160e-01
3.425990e+01 4.492948e+00 3.697725e-02 -1.307280e-01
3.579783e+01 4.142461e+00 3.229583e-02 -1.316457e-01
3.740582e+01 3.819232e+00 2.820606e-02 -1.324749e-01
3.908706e+01 3.521129e+00 2.463309e-02 -1.332211e-01
4.084489e+01 3.246188e+00 2.151155e-02 -1.338895e-01
4.268280e+01 2.992604e+00 1.878442e-02 -1.344851e-01
4.460444e+01 2.758714e+00 1.640187e-02 -1.350124e-01
4.661361e+01 2.542986e+00 1.432041e-02 -1.354760e-01
4.871431e+01 2.344008e+00 1.250204e-02 -1.358800e-01
5.091071e+01 2.160482e+00 1.091357e-02 -1.362282e-01
5.320717e+01 1.991208e+00 9.525989e-03 -1.365245e-01
5.560824e+01 1.835083e+00 8.313968e-03 -1.367723e-01
5.811869e+01 1.691087e+00 7.255361e-03 -1.369750e-01
6.074350e+01 1.558283e+00 6.330816e-03 -1.371356e-01
6.348789e+01 1.435805e+00 5.523420e-03 -1.372571e-01
6.635730e+01 1.322854e+00 4.818391e-03 -1.373424e-01
6.935742e+01 1.218693e+00 4.202808e-03 -1.373941e-01
7.249422e+01 1.122643e+00 3.665377e-03 -1.374147e-01
7.577391e+01 1.034078e+00 3.196226e-03 -1.374065e-01
7.920301e+01 9.524174e-01 2.786728e-03 -1.373718e-01
8.278832e+01 8.771291e-01 2.429339e-03 -1.373126e-01
8.653695e+01 8.077198e-01 2.117468e-03 -1.372310e-01
9.045636e+01 7.437350e-01 1.845353e-03 -1.371287e-01
9.455431e+01 6.847550e-01 1.607957e-03 -1.370077e-01
9.883895e+01 6.303924e-01 1.400879e-03 -1.368695e-01
1.033188e+02 5.802898e-01 1.220274e-03 -1.367157e-01
1.080027e+02 5.341172e-01 1.062780e-03 -1.365477e-01
1.129000e+02 4.915698e-01 9.254600e-04 -1.363670e-01
1.180203e+02 4.523665e-01 8.057490e-04 -1.361748e-01
1.233740e+02 4.162478e-01 7.014052e-04 -1.359724e-01
1.289715e+02 3.829741e-01 6.104705e-04 -1.357610e-01
1.348240e+02 3.523241e-01 5.312345e-04 -1.355415e-01
1.409431e+02 3.240938e-01 4.622038e-04 -1.353150e-01
1.473410e+02 2.980947e-01 4.020740e-04 -1.350825e-01
1.540303e+02 2.741528e-01 3.497064e-04 -1.348448e-01
1.610244e+02 2.521077e-01 3.041066e-04 -1.346027e-01
1.683370e+02 2.318112e-01 2.644070e-04 -1.343571e-01
1.759828e+02 2.131265e-01 2.298502e-04 -1.341087e-01
1.839769e+02 1.959276e-01 1.997752e-04 -1.338581e-01
1.923352e+02 1.800979e-01 1.736055e-04 -1.336059e-01
2.010742e+02 1.655300e-01 1.508378e-04 -1.333527e-01
2.102114e+02 1.521248e-01 1.310336e-04 -1.330992e-01
2.197648e+02 1.397909e-01 1.138101e-04 -1.328457e-01
2.297534e+02 1.284439e-01 9.883370e-05 -1.325927e-01
2.401970e+02 1.180060e-01 8.581358e-05 -1.323406e-01
2.511164e+02 1.084054e-01 7.449620e-05 -1.320900e-01
2.625332e+02 9.957598e-02 6.466063e-05 -1.318410e-01
2.744701e+02 9.145660e-02 5.611437e-05 -1.315940e-01
2.869508e+02 8.399104e-02 4.868972e-05 -1.313493e-01
3.000000e+02 7.712740e-02 4.224061e-05 -1.311073e-01
3.136437e+02 7.081784e-02 3.663984e-05 -1.308681e-01
3.279089e+02 6.501828e-02 3.177665e-05 -1.306320e-01
3.428240e+02 5.968807e-02 2.755465e-05 -1.303991e-01
