0.000000e+00 9.955914e-04 8.301047e+01 8.944959e-02
2.500000e-02 9.955914e-04 8.301047e+01 8.944959e-02
5.000000e-02 9.962862e-04 8.301328e+01 1.192299e-01
7.500000e-02 9.990248e-04 8.301054e+01 1.788522e-01
1.000000e-01 1.008025e-03 8.301058e+01 2.384227e-01
1.250000e-01 1.026949e-03 8.301063e+01 2.980485e-01
1.500000e-01 1.056763e-03 8.301069e+01 3.576637e-01
1.750000e-01 1.096808e-03 8.301077e+01 4.172810e-01
2.000000e-01 1.145392e-03 8.301087e+01 4.768965e-01
2.250000e-01 1.200355e-03 8.301098e+01 5.365116e-01
2.500000e-01 1.259495e-03 8.301112e+01 5.961263e-01
2.750000e-01 1.320812e-03 8.301127e+01 6.557409e-01
3.000000e-01 1.382618e-03 8.301145e+01 7.153555e-01
3.250000e-01 1.443555e-03 8.301165e+01 7.749701e-01
3.500000e-01 1.502577e-03 8.301188e+01 8.345847e-01
3.750000e-01 1.558914e-03 8.301214e+01 8.941996e-01
4.000000e-01 1.612026e-03 8.301242e+01 9.538147e-01
4.250000e-01 1.661555e-03 8.301273e+01 1.013430e+00
4.500000e-01 1.707281e-03 8.301306e+01 1.073046e+00
4.750000e-01 1.749088e-03 8.301343e+01 1.132662e+00
5.000000e-01 1.786947e-03 8.301382e+01 1.192278e+00
5.250000e-01 1.820921e-03 8.301424e+01 1.251894e+00
5.500000e-01 1.851184e-03 8.301469e+01 1.311512e+00
5.750000e-01 1.878034e-03 8.301517e+01 1.371129e+00
6.000000e-01 1.901879e-03 8.301568e+01 1.430747e+00
6.250000e-01 1.923171e-03 8.301621e+01 1.490366e+00
6.500000e-01 1.942260e-03 8.301678e+01 1.549985e+00
6.750000e-01 1.959057e-03 8.301736e+01 1.609604e+00
7.000000e-01 1.972169e-03 8.301798e+01 1.669225e+00
7.250000e-01 1.977115e-03 8.301862e+01 1.728845e+00
7.500000e-01 1.977118e-03 8.301929e+01 1.788467e+00
7.750000e-01 1.977034e-03 8.301997e+01 1.848089e+00
8.000000e-01 1.976706e-03 8.302068e+01 1.907711e+00
8.250000e-01 1.976083e-03 8.302141e+01 1.967335e+00
8.500000e-01 1.975314e-03 8.302216e+01 2.026958e+00
8.750000e-01 1.974721e-03 8.302293e+01 2.086583e+00
9.000000e-01 1.974638e-03 8.302373e+01 2.146209e+00
9.250000e-01 1.974685e-03 8.302455e+01 2.205835e+00
9.500000e-01 1.974949e-03 8.302539e+01 2.265461e+00
9.750000e-01 1.975973e-03 8.302625e+01 2.325089e+00
1.000000e+00 1.979456e-03 8.302713e+01 2.384717e+00
1.025000e+00 1.988038e-03 8.302804e+01 2.444346e+00
1.050000e+00 2.004836e-03 8.302898e+01 2.503975e+00
1.075000e+00 2.033732e-03 8.302995e+01 2.563606e+00
1.100000e+00 2.079221e-03 8.303096e+01 2.623237e+00
1.125000e+00 2.146270e-03 8.303203e+01 2.682869e+00
1.150000e+00 2.240143e-03 8.303316e+01 2.742502e+00
1.175000e+00 2.366220e-03 8.303437e+01 2.802136e+00
1.200000e+00 2.529808e-03 8.303568e+01 2.861772e+00
1.225000e+00 2.735935e-03 8.303712e+01 2.921409e+00
1.250000e+00 2.989146e-03 8.303872e+01 2.981048e+00
1.275000e+00 3.293310e-03 8.304051e+01 3.040688e+00
1.300000e+00 3.651442e-03 8.304253e+01 3.100331e+00
1.325000e+00 4.065557e-03 8.304481e+01 3.159976e+00
1.350000e+00 4.536568e-03 8.304741e+01 3.219624e+00
1.375000e+00 5.064243e-03 8.305036e+01 3.279276e+00
1.400000e+00 5.647222e-03 8.305370e+01 3.338931e+00
1.425000e+00 6.283089e-03 8.305750e+01 3.398590e+00
1.450000e+00 6.968517e-03 8.306179e+01 3.458255e+00
1.475000e+00 7.699449e-03 8.306662e+01 3.517925e+00
1.500000e+00 8.471329e-03 8.307204e+01 3.577601e+00
1.525000e+00 9.279350e-03 8.307808e+01 3.637285e+00
1.550000e+00 1.011871e-02 8.308480e+01 3.696977e+00
1.575000e+00 1.098486e-02 8.309222e+01 3.756678e+00
1.600000e+00 1.187374e-02 8.310039e+01 3.816390e+00
1.625000e+00 1.278195e-02 8.310935e+01 3.876113e+00
1.650000e+00 1.370693e-02 8.311911e+01 3.935849e+00
1.675000e+00 1.464705e-02 8.312973e+01 3.995600e+00
1.700000e+00 1.560165e-02 8.314123e+01 4.055366e+00
1.725000e+00 1.657111e-02 8.315365e+01 4.115151e+00
1.750000e+00 1.755676e-02 8.316703e+01 4.174954e+00
1.775000e+00 1.856083e-02 8.318139e+01 4.234779e+00
1.800000e+00 1.958640e-02 8.319679e+01 4.294627e+00
1.825000e+00 2.063720e-02 8.321325e+01 4.354500e+00
1.850000e+00 2.171756e-02 8.323085e+01 4.414400e+00
1.875000e+00 2.283220e-02 8.324961e+01 4.474330e+00
1.900000e+00 2.398615e-02 8.326961e+01 4.534290e+00
1.925000e+00 2.518459e-02 8.329090e+01 4.594285e+00
1.950000e+00 2.643272e-02 8.331355e+01 4.654314e+00
1.975000e+00 2.773573e-02 8.333764e+01 4.714381e+00
2.000000e+00 2.909868e-02 8.336325e+01 4.774488e+00
2.025000e+00 3.052650e-02 8.339046e+01 4.834636e+00
2.050000e+00 3.202399e-02 8.341936e+01 4.894827e+00
2.075000e+00 3.359589e-02 8.345006e+01 4.955063e+00
2.100000e+00 3.524689e-02 8.348266e+01 5.015346e+00
2.125000e+00 3.698176e-02 8.351727e+01 5.075677e+00
2.150000e+00 3.880541e-02 8.355402e+01 5.136060e+00
2.175000e+00 4.072303e-02 8.359302e+01 5.196496e+00
2.200000e+00 4.274005e-02 8.363443e+01 5.256987e+00
2.225000e+00 4.486224e-02 8.367839e+01 5.317538e+00
2.250000e+00 4.709561e-02 8.372506e+01 5.378151e+00
2.275000e+00 4.944636e-02 8.377461e+01 5.438830e+00
2.300000e+00 5.192063e-02 8.382722e+01 5.499580e+00
2.325000e+00 5.452435e-02 8.388308e+01 5.560407e+00
2.350000e+00 5.726288e-02 8.394242e+01 5.621316e+00
2.375000e+00 6.014078e-02 8.400543e+01 5.682314e+00
2.400000e+00 6.316145e-02 8.407235e+01 5.743408e+00
2.425000e+00 6.632688e-02 8.414341e+01 5.804605e+00
2.450000e+00 6.963750e-02 8.421886e+01 5.865913e+00
2.475000e+00 7.309201e-02 8.429895e+01 5.927339e+00
2.500000e+00 7.668750e-02 8.438392e+01 5.988891e+00
2.525000e+00 8.041955e-02 8.447403e+01 6.050576e+00
2.550000e+00 8.428256e-02 8.456953e+01 6.112401e+00
2.575000e+00 8.827019e-02 8.467064e+01 6.174371e+00
2.600000e+00 9.237591e-02 8.477762e+01 6.236494e+00
2.625000e+00 9.659354e-02 8.489068e+01 6.298773e+00
2.650000e+00 1.009179e-01 8.501005e+01 6.361215e+00
2.675000e+00 1.053455e-01 8.513596e+01 6.423825e+00
2.700000e+00 1.098749e-01 8.526862e+01 6.486611e+00
2.725000e+00 1.145071e-01 8.540829e+01 6.549581e+00
2.750000e+00 1.192460e-01 8.555520e+01 6.612746e+00
2.775000e+00 1.240985e-01 8.570965e+01 6.676121e+00
2.800000e+00 1.290743e-01 8.587193e+01 6.739718e+00
2.825000e+00 1.341857e-01 8.604239e+01 6.803555e+00
2.850000e+00 1.394473e-01 8.622138e+01 6.867646e+00
2.875000e+00 1.448754e-01 8.640929e+01 6.932005e+00
2.900000e+00 1.504875e-01 8.660652e+01 6.996645e+00
2.925000e+00 1.563017e-01 8.681348e+01 7.061576e+00
2.950000e+00 1.623357e-01 8.703062e+01 7.126804e+00
2.975000e+00 1.686070e-01 8.725837e+01 7.192338e+00
3.000000e+00 1.751313e-01 8.749724e+01 7.258186e+00
3.025000e+00 1.819231e-01 8.774775e+01 7.324360e+00
3.050000e+00 1.889949e-01 8.801051e+01 7.390876e+00
3.075000e+00 1.963571e-01 8.828613e+01 7.457751e+00
3.100000e+00 2.040184e-01 8.857529e+01 7.525004e+00
3.125000e+00 2.119857e-01 8.887870e+01 7.592654e+00
3.150000e+00 2.202644e-01 8.919708e+01 7.660719e+00
3.175000e+00 2.288593e-01 8.953116e+01 7.729217e+00
3.200000e+00 2.377747e-01 8.988172e+01 7.798167e+00
3.225000e+00 2.470155e-01 9.024957e+01 7.867591e+00
3.250000e+00 2.565874e-01 9.063555e+01 7.937511e+00
3.275000e+00 2.664977e-01 9.104053e+01 8.007953e+00
3.300000e+00 2.767560e-01 9.146539e+01 8.078940e+00
3.325000e+00 2.873739e-01 9.191105e+01 8.150495e+00
3.350000e+00 2.983658e-01 9.237843e+01 8.222639e+00
3.375000e+00 3.097487e-01 9.286851e+01 8.295394e+00
3.400000e+00 3.215421e-01 9.338234e+01 8.368781e+00
3.425000e+00 3.337683e-01 9.392107e+01 8.442823e+00
3.450000e+00 3.464512e-01 9.448593e+01 8.517547e+00
3.475000e+00 3.596169e-01 9.507824e+01 8.592977e+00
3.500000e+00 3.732928e-01 9.569940e+01 8.669141e+00
3.525000e+00 3.875072e-01 9.635085e+01 8.746066e+00
3.550000e+00 4.022892e-01 9.703412e+01 8.823775e+00
3.575000e+00 4.176689e-01 9.775084e+01 8.902296e+00
3.600000e+00 4.336769e-01 9.850271e+01 8.981654e+00
3.625000e+00 4.503448e-01 9.929156e+01 9.061880e+00
3.650000e+00 4.677054e-01 1.001193e+02 9.143011e+00
3.675000e+00 4.857929e-01 1.009881e+02 9.225086e+00
3.700000e+00 5.046435e-01 1.019000e+02 9.308142e+00
3.725000e+00 5.242957e-01 1.028574e+02 9.392213e+00
3.750000e+00 5.447906e-01 1.038627e+02 9.477327e+00
3.775000e+00 5.661728e-01 1.049184e+02 9.563506e+00
3.800000e+00 5.884898e-01 1.060273e+02 9.650778e+00
3.825000e+00 6.117936e-01 1.071923e+02 9.739177e+00
3.850000e+00 6.361404e-01 1.084163e+02 9.828742e+00
3.875000e+00 6.615913e-01 1.097029e+02 9.919513e+00
3.900000e+00 6.882125e-01 1.110558e+02 1.001153e+01
3.925000e+00 7.160755e-01 1.124787e+02 1.010482e+01
3.950000e+00 7.452568e-01 1.139758e+02 1.019944e+01
3.975000e+00 7.758383e-01 1.155512e+02 1.029542e+01
4.000000e+00 8.079087e-01 1.172095e+02 1.039280e+01
4.025000e+00 8.415638e-01 1.189556e+02 1.049163e+01
4.050000e+00 8.769075e-01 1.207950e+02 1.059193e+01
4.075000e+00 9.140521e-01 1.227335e+02 1.069373e+01
4.100000e+00 9.531179e-01 1.247772e+02 1.079711e+01
4.125000e+00 9.942347e-01 1.269326e+02 1.090208e+01
4.150000e+00 1.037544e+00 1.292068e+02 1.100867e+01
4.175000e+00 1.083197e+00 1.316072e+02 1.111691e+01
4.200000e+00 1.131359e+00 1.341417e+02 1.122681e+01
4.225000e+00 1.182208e+00 1.368188e+02 1.133838e+01
4.250000e+00 1.235938e+00 1.396473e+02 1.145165e+01
4.275000e+00 1.292760e+00 1.426366e+02 1.156664e+01
4.300000e+00 1.352905e+00 1.457972e+02 1.168336e+01
4.325000e+00 1.416628e+00 1.491406e+02 1.180177e+01
4.350000e+00 1.484207e+00 1.526787e+02 1.192187e+01
4.375000e+00 1.555943e+00 1.564242e+02 1.204366e+01
4.400000e+00 1.632169e+00 1.603907e+02 1.216713e+01
4.425000e+00 1.713245e+00 1.645930e+02 1.229228e+01
4.450000e+00 1.799576e+00 1.690478e+02 1.241908e+01
4.475000e+00 1.891600e+00 1.737729e+02 1.254753e+01
4.500000e+00 1.989803e+00 1.787888e+02 1.267765e+01
4.525000e+00 2.094708e+00 1.841156e+02 1.280940e+01
4.550000e+00 2.206857e+00 1.897719e+02 1.294266e+01
4.575000e+00 2.326906e+00 1.957860e+02 1.307752e+01
4.600000e+00 2.455789e+00 2.022183e+02 1.321509e+01
4.625000e+00 2.594326e+00 2.091037e+02 1.335539e+01
4.650000e+00 2.741738e+00 2.162615e+02 1.349149e+01
4.675000e+00 2.897589e+00 2.235680e+02 1.361932e+01
4.700000e+00 3.073580e+00 2.324194e+02 1.377965e+01
4.725000e+00 3.287410e+00 2.447758e+02 1.402033e+01
4.750000e+00 3.479345e+00 2.529389e+02 1.412772e+01
4.775000e+00 3.520972e+00 2.496298e+02 1.393204e+01
4.800000e+00 3.186888e+00 1.944316e+02 1.226250e+01
4.825000e+00 1.725965e+00 4.649055e+01 5.312806e+00
4.850000e+00 1.018056e+00 1.513126e-02 2.656888e-02
4.875000e+00 1.000000e+00 1.000000e-05 -7.143259e-22
4.900000e+00 1.000000e+00 1.000000e-05 0.000000e+00
4.925000e+00 1.000000e+00 1.000000e-05 0.000000e+00
4.950000e+00 1.000000e+00 1.000000e-05 0.000000e+00
4.975000e+00 1.000000e+00 1.000000e-05 0.000000e+00
