0.000000e+00 2.386068e-05 8.467183e+01 1.123809e-02
3.125000e-03 2.386068e-05 8.467183e+01 1.123809e-02
6.250000e-03 2.386078e-05 8.467189e+01 1.498403e-02
9.375000e-03 2.386116e-05 8.467183e+01 2.247607e-02
1.250000e-02 2.386224e-05 8.467183e+01 2.996799e-02
1.562500e-02 2.386447e-05 8.467183e+01 3.746003e-02
1.875000e-02 2.386860e-05 8.467183e+01 4.495205e-02
2.187500e-02 2.387585e-05 8.467183e+01 5.244407e-02
2.500000e-02 2.388787e-05 8.467183e+01 5.993609e-02
2.812500e-02 2.390673e-05 8.467183e+01 6.742811e-02
3.125000e-02 2.393473e-05 8.467183e+01 7.492012e-02
3.437500e-02 2.397427e-05 8.467183e+01 8.241214e-02
3.750000e-02 2.402767e-05 8.467183e+01 8.990415e-02
4.062500e-02 2.409705e-05 8.467183e+01 9.739617e-02
4.375000e-02 2.418426e-05 8.467183e+01 1.048882e-01
4.687500e-02 2.429077e-05 8.467183e+01 1.123802e-01
5.000000e-02 2.441772e-05 8.467183e+01 1.198722e-01
5.312500e-02 2.456584e-05 8.467183e+01 1.273642e-01
5.625000e-02 2.473556e-05 8.467183e+01 1.348562e-01
5.937500e-02 2.492697e-05 8.467183e+01 1.423483e-01
6.250000e-02 2.513987e-05 8.467183e+01 1.498403e-01
6.562500e-02 2.537383e-05 8.467183e+01 1.573323e-01
6.875000e-02 2.562821e-05 8.467183e+01 1.648243e-01
7.187500e-02 2.590217e-05 8.467184e+01 1.723163e-01
7.500000e-02 2.619477e-05 8.467184e+01 1.798083e-01
7.812500e-02 2.650491e-05 8.467184e+01 1.873003e-01
8.125000e-02 2.683144e-05 8.467184e+01 1.947923e-01
8.437500e-02 2.717313e-05 8.467184e+01 2.022844e-01
8.750000e-02 2.752871e-05 8.467184e+01 2.097764e-01
9.062500e-02 2.789689e-05 8.467184e+01 2.172684e-01
9.375000e-02 2.827638e-05 8.467184e+01 2.247604e-01
9.687500e-02 2.866590e-05 8.467184e+01 2.322524e-01
1.000000e-01 2.906418e-05 8.467184e+01 2.397444e-01
1.031250e-01 2.947000e-05 8.467184e+01 2.472364e-01
1.062500e-01 2.988215e-05 8.467184e+01 2.547285e-01
1.093750e-01 3.029951e-05 8.467184e+01 2.622205e-01
1.125000e-01 3.072097e-05 8.467184e+01 2.697125e-01
1.156250e-01 3.114549e-05 8.467184e+01 2.772045e-01
1.187500e-01 3.157209e-05 8.467184e+01 2.846965e-01
1.218750e-01 3.199983e-05 8.467184e+01 2.921885e-01
1.250000e-01 3.242786e-05 8.467184e+01 2.996805e-01
1.281250e-01 3.285536e-05 8.467184e+01 3.071726e-01
1.312500e-01 3.328156e-05 8.467184e+01 3.146646e-01
1.343750e-01 3.370577e-05 8.467184e+01 3.221566e-01
1.375000e-01 3.412733e-05 8.467184e+01 3.296486e-01
1.406250e-01 3.454565e-05 8.467184e+01 3.371406e-01
1.437500e-01 3.496018e-05 8.467184e+01 3.446326e-01
1.468750e-01 3.537041e-05 8.467184e+01 3.521246e-01
1.500000e-01 3.577589e-05 8.467184e+01 3.596167e-01
1.531250e-01 3.617619e-05 8.467184e+01 3.671087e-01
1.562500e-01 3.657095e-05 8.467184e+01 3.746007e-01
1.593750e-01 3.695981e-05 8.467184e+01 3.820927e-01
1.625000e-01 3.734249e-05 8.467184e+01 3.895847e-01
1.656250e-01 3.771870e-05 8.467184e+01 3.970767e-01
1.687500e-01 3.808821e-05 8.467184e+01 4.045687e-01
1.718750e-01 3.845080e-05 8.467184e+01 4.120608e-01
1.750000e-01 3.880628e-05 8.467184e+01 4.195528e-01
1.781250e-01 3.915450e-05 8.467184e+01 4.270448e-01
1.812500e-01 3.949530e-05 8.467184e+01 4.345368e-01
1.843750e-01 3.982859e-05 8.467184e+01 4.420288e-01
1.875000e-01 4.015424e-05 8.467184e+01 4.495208e-01
1.906250e-01 4.047218e-05 8.467184e+01 4.570128e-01
1.937500e-01 4.078235e-05 8.467185e+01 4.645049e-01
1.968750e-01 4.108469e-05 8.467185e+01 4.719969e-01
2.000000e-01 4.137917e-05 8.467185e+01 4.794889e-01
2.031250e-01 4.166577e-05 8.467185e+01 4.869809e-01
2.062500e-01 4.194449e-05 8.467185e+01 4.944729e-01
2.093750e-01 4.221533e-05 8.467185e+01 5.019649e-01
2.125000e-01 4.247832e-05 8.467185e+01 5.094570e-01
2.156250e-01 4.273351e-05 8.467185e+01 5.169490e-01
2.187500e-01 4.298095e-05 8.467185e+01 5.244410e-01
2.218750e-01 4.322071e-05 8.467185e+01 5.319330e-01
2.250000e-01 4.345290e-05 8.467185e+01 5.394250e-01
2.281250e-01 4.367762e-05 8.467185e+01 5.469170e-01
2.312500e-01 4.389500e-05 8.467185e+01 5.544090e-01
2.343750e-01 4.410518e-05 8.467185e+01 5.619011e-01
2.375000e-01 4.430834e-05 8.467185e+01 5.693931e-01
2.406250e-01 4.450466e-05 8.467185e+01 5.768851e-01
2.437500e-01 4.469434e-05 8.467185e+01 5.843771e-01
2.468750e-01 4.487759e-05 8.467185e+01 5.918691e-01
2.500000e-01 4.505464e-05 8.467186e+01 5.993611e-01
2.531250e-01 4.522572e-05 8.467186e+01 6.068532e-01
2.562500e-01 4.539109e-05 8.467186e+01 6.143452e-01
2.593750e-01 4.555097e-05 8.467186e+01 6.218372e-01
2.625000e-01 4.570563e-05 8.467186e+01 6.293292e-01
2.656250e-01 4.585529e-05 8.467186e+01 6.368212e-01
2.687500e-01 4.600018e-05 8.467186e+01 6.443132e-01
2.718750e-01 4.614050e-05 8.467186e+01 6.518053e-01
2.750000e-01 4.627642e-05 8.467186e+01 6.592973e-01
2.781250e-01 4.640811e-05 8.467186e+01 6.667893e-01
2.812500e-01 4.653566e-05 8.467186e+01 6.742813e-01
2.843750e-01 4.665912e-05 8.467186e+01 6.817733e-01
2.875000e-01 4.677848e-05 8.467186e+01 6.892653e-01
2.906250e-01 4.689366e-05 8.467186e+01 6.967574e-01
2.937500e-01 4.700441e-05 8.467186e+01 7.042494e-01
2.968750e-01 4.711016e-05 8.467187e+01 7.117414e-01
3.000000e-01 4.720938e-05 8.467187e+01 7.192334e-01
3.031250e-01 4.729778e-05 8.467187e+01 7.267254e-01
3.062500e-01 4.736282e-05 8.467187e+01 7.342175e-01
3.093750e-01 4.737924e-05 8.467187e+01 7.417095e-01
3.125000e-01 4.737924e-05 8.467187e+01 7.492015e-01
3.156250e-01 4.737923e-05 8.467187e+01 7.566935e-01
3.187500e-01 4.737919e-05 8.467187e+01 7.641855e-01
3.218750e-01 4.737905e-05 8.467187e+01 7.716775e-01
3.250000e-01 4.737878e-05 8.467187e+01 7.791696e-01
3.281250e-01 4.737831e-05 8.467187e+01 7.866616e-01
3.312500e-01 4.737760e-05 8.467188e+01 7.941536e-01
3.343750e-01 4.737658e-05 8.467188e+01 8.016456e-01
3.375000e-01 4.737522e-05 8.467188e+01 8.091376e-01
3.406250e-01 4.737346e-05 8.467188e+01 8.166297e-01
3.437500e-01 4.737128e-05 8.467188e+01 8.241217e-01
3.468750e-01 4.736867e-05 8.467188e+01 8.316137e-01
3.500000e-01 4.736561e-05 8.467188e+01 8.391057e-01
3.531250e-01 4.736212e-05 8.467188e+01 8.465977e-01
3.562500e-01 4.735824e-05 8.467188e+01 8.540898e-01
3.593750e-01 4.735402e-05 8.467188e+01 8.615818e-01
3.625000e-01 4.734950e-05 8.467188e+01 8.690738e-01
3.656250e-01 4.734479e-05 8.467189e+01 8.765658e-01
3.687500e-01 4.733998e-05 8.467189e+01 8.840578e-01
3.718750e-01 4.733519e-05 8.467189e+01 8.915499e-01
3.750000e-01 4.733062e-05 8.467189e+01 8.990419e-01
3.781250e-01 4.732669e-05 8.467189e+01 9.065339e-01
3.812500e-01 4.732439e-05 8.467189e+01 9.140259e-01
3.843750e-01 4.732420e-05 8.467189e+01 9.215180e-01
3.875000e-01 4.732421e-05 8.467189e+01 9.290100e-01
3.906250e-01 4.732425e-05 8.467189e+01 9.365020e-01
3.937500e-01 4.732440e-05 8.467189e+01 9.439940e-01
3.968750e-01 4.732484e-05 8.467190e+01 9.514860e-01
4.000000e-01 4.732578e-05 8.467190e+01 9.589781e-01
4.031250e-01 4.732748e-05 8.467190e+01 9.664701e-01
4.062500e-01 4.733029e-05 8.467190e+01 9.739621e-01
4.093750e-01 4.733464e-05 8.467190e+01 9.814541e-01
4.125000e-01 4.734106e-05 8.467190e+01 9.889462e-01
4.156250e-01 4.735019e-05 8.467190e+01 9.964382e-01
4.187500e-01 4.736278e-05 8.467190e+01 1.003930e+00
4.218750e-01 4.737969e-05 8.467190e+01 1.011422e+00
4.250000e-01 4.740191e-05 8.467191e+01 1.018914e+00
4.281250e-01 4.743055e-05 8.467191e+01 1.026406e+00
4.312500e-01 4.746686e-05 8.467191e+01 1.033898e+00
4.343750e-01 4.751222e-05 8.467191e+01 1.041390e+00
4.375000e-01 4.756812e-05 8.467191e+01 1.048882e+00
4.406250e-01 4.763619e-05 8.467191e+01 1.056374e+00
4.437500e-01 4.771822e-05 8.467191e+01 1.063866e+00
4.468750e-01 4.781607e-05 8.467191e+01 1.071358e+00
4.500000e-01 4.793177e-05 8.467192e+01 1.078850e+00
4.531250e-01 4.806746e-05 8.467192e+01 1.086342e+00
4.562500e-01 4.822537e-05 8.467192e+01 1.093834e+00
4.593750e-01 4.840787e-05 8.467192e+01 1.101327e+00
4.625000e-01 4.861742e-05 8.467192e+01 1.108819e+00
4.656250e-01 4.885657e-05 8.467192e+01 1.116311e+00
4.687500e-01 4.912797e-05 8.467192e+01 1.123803e+00
4.718750e-01 4.943434e-05 8.467192e+01 1.131295e+00
4.750000e-01 4.977849e-05 8.467193e+01 1.138787e+00
4.781250e-01 5.016328e-05 8.467193e+01 1.146279e+00
4.812500e-01 5.059163e-05 8.467193e+01 1.153771e+00
4.843750e-01 5.106652e-05 8.467193e+01 1.161263e+00
4.875000e-01 5.159096e-05 8.467193e+01 1.168755e+00
4.906250e-01 5.216800e-05 8.467193e+01 1.176247e+00
4.937500e-01 5.280068e-05 8.467193e+01 1.183739e+00
4.968750e-01 5.349210e-05 8.467194e+01 1.191231e+00
5.000000e-01 5.424533e-05 8.467194e+01 1.198723e+00
5.031250e-01 5.506344e-05 8.467194e+01 1.206215e+00
5.062500e-01 5.594948e-05 8.467194e+01 1.213707e+00
5.093750e-01 5.690649e-05 8.467194e+01 1.221199e+00
5.125000e-01 5.793747e-05 8.467194e+01 1.228691e+00
5.156250e-01 5.904535e-05 8.467194e+01 1.236183e+00
5.187500e-01 6.023304e-05 8.467195e+01 1.243675e+00
5.218750e-01 6.150337e-05 8.467195e+01 1.251167e+00
5.250000e-01 6.285910e-05 8.467195e+01 1.258659e+00
5.281250e-01 6.430289e-05 8.467195e+01 1.266151e+00
5.312500e-01 6.583734e-05 8.467195e+01 1.273643e+00
5.343750e-01 6.746492e-05 8.467196e+01 1.281135e+00
5.375000e-01 6.918801e-05 8.467196e+01 1.288627e+00
5.406250e-01 7.100886e-05 8.467196e+01 1.296119e+00
5.437500e-01 7.292959e-05 8.467196e+01 1.303611e+00
5.468750e-01 7.495220e-05 8.467197e+01 1.311103e+00
5.500000e-01 7.707853e-05 8.467197e+01 1.318595e+00
5.531250e-01 7.931029e-05 8.467197e+01 1.326087e+00
5.562500e-01 8.164901e-05 8.467197e+01 1.333579e+00
5.593750e-01 8.409608e-05 8.467197e+01 1.341071e+00
5.625000e-01 8.665270e-05 8.467198e+01 1.348563e+00
5.656250e-01 8.931992e-05 8.467198e+01 1.356056e+00
5.687500e-01 9.209860e-05 8.467198e+01 1.363548e+00
5.718750e-01 9.498942e-05 8.467199e+01 1.371040e+00
5.750000e-01 9.799287e-05 8.467199e+01 1.378532e+00
5.781250e-01 1.011093e-04 8.467199e+01 1.386024e+00
5.812500e-01 1.043387e-04 8.467200e+01 1.393516e+00
5.843750e-01 1.076812e-04 8.467200e+01 1.401008e+00
5.875000e-01 1.111364e-04 8.467200e+01 1.408500e+00
5.906250e-01 1.147040e-04 8.467201e+01 1.415992e+00
5.937500e-01 1.183832e-04 8.467201e+01 1.423484e+00
5.968750e-01 1.221733e-04 8.467202e+01 1.430976e+00
6.000000e-01 1.260734e-04 8.467202e+01 1.438468e+00
6.031250e-01 1.300822e-04 8.467202e+01 1.445960e+00
6.062500e-01 1.341984e-04 8.467203e+01 1.453452e+00
6.093750e-01 1.384206e-04 8.467203e+01 1.460944e+00
6.125000e-01 1.427471e-04 8.467204e+01 1.468436e+00
6.156250e-01 1.471761e-04 8.467204e+01 1.475928e+00
6.187500e-01 1.517057e-04 8.467205e+01 1.483420e+00
6.218750e-01 1.563338e-04 8.467205e+01 1.490912e+00
6.250000e-01 1.610583e-04 8.467206e+01 1.498404e+00
6.281250e-01 1.658769e-04 8.467207e+01 1.505896e+00
6.312500e-01 1.707872e-04 8.467207e+01 1.513388e+00
6.343750e-01 1.757867e-04 8.467208e+01 1.520880e+00
6.375000e-01 1.808729e-04 8.467208e+01 1.528372e+00
6.406250e-01 1.860430e-04 8.467209e+01 1.535865e+00
6.437500e-01 1.912946e-04 8.467210e+01 1.543357e+00
6.468750e-01 1.966247e-04 8.467210e+01 1.550849e+00
6.500000e-01 2.020308e-04 8.467211e+01 1.558341e+00
6.531250e-01 2.075099e-04 8.467212e+01 1.565833e+00
6.562500e-01 2.130594e-04 8.467213e+01 1.573325e+00
6.593750e-01 2.186764e-04 8.467214e+01 1.580817e+00
6.625000e-01 2.243583e-04 8.467214e+01 1.588309e+00
6.656250e-01 2.301023e-04 8.467215e+01 1.595801e+00
6.687500e-01 2.359056e-04 8.467216e+01 1.603293e+00
6.718750e-01 2.417658e-04 8.467217e+01 1.610785e+00
6.750000e-01 2.476801e-04 8.467218e+01 1.618277e+00
6.781250e-01 2.536462e-04 8.467219e+01 1.625769e+00
6.812500e-01 2.596616e-04 8.467220e+01 1.633261e+00
6.843750e-01 2.657239e-04 8.467221e+01 1.640753e+00
6.875000e-01 2.718311e-04 8.467222e+01 1.648246e+00
6.906250e-01 2.779810e-04 8.467223e+01 1.655738e+00
6.937500e-01 2.841715e-04 8.467224e+01 1.663230e+00
6.968750e-01 2.904009e-04 8.467225e+01 1.670722e+00
7.000000e-01 2.966675e-04 8.467226e+01 1.678214e+00
7.031250e-01 3.029696e-04 8.467228e+01 1.685706e+00
7.062500e-01 3.093058e-04 8.467229e+01 1.693198e+00
7.093750e-01 3.156749e-04 8.467230e+01 1.700690e+00
7.125000e-01 3.220757e-04 8.467231e+01 1.708182e+00
7.156250e-01 3.285072e-04 8.467233e+01 1.715674e+00
7.187500e-01 3.349687e-04 8.467234e+01 1.723166e+00
7.218750e-01 3.414594e-04 8.467236e+01 1.730659e+00
7.250000e-01 3.479789e-04 8.467237e+01 1.738151e+00
7.281250e-01 3.545270e-04 8.467238e+01 1.745643e+00
7.312500e-01 3.611033e-04 8.467240e+01 1.753135e+00
7.343750e-01 3.677080e-04 8.467241e+01 1.760627e+00
7.375000e-01 3.743413e-04 8.467243e+01 1.768119e+00
7.406250e-01 3.810034e-04 8.467245e+01 1.775611e+00
7.437500e-01 3.876950e-04 8.467246e+01 1.783103e+00
7.468750e-01 3.944166e-04 8.467248e+01 1.790595e+00
7.500000e-01 4.011691e-04 8.467249e+01 1.798088e+00
7.531250e-01 4.079534e-04 8.467251e+01 1.805580e+00
7.562500e-01 4.147707e-04 8.467253e+01 1.813072e+00
7.593750e-01 4.216223e-04 8.467255e+01 1.820564e+00
7.625000e-01 4.285096e-04 8.467257e+01 1.828056e+00
7.656250e-01 4.354341e-04 8.467259e+01 1.835548e+00
7.687500e-01 4.423974e-04 8.467260e+01 1.843040e+00
7.718750e-01 4.494015e-04 8.467262e+01 1.850533e+00
7.750000e-01 4.564482e-04 8.467264e+01 1.858025e+00
7.781250e-01 4.635395e-04 8.467266e+01 1.865517e+00
7.812500e-01 4.706776e-04 8.467268e+01 1.873009e+00
7.843750e-01 4.778647e-04 8.467271e+01 1.880501e+00
7.875000e-01 4.851032e-04 8.467273e+01 1.887993e+00
7.906250e-01 4.923955e-04 8.467275e+01 1.895485e+00
7.937500e-01 4.997440e-04 8.467277e+01 1.902978e+00
7.968750e-01 5.071513e-04 8.467279e+01 1.910470e+00
8.000000e-01 5.146201e-04 8.467282e+01 1.917962e+00
8.031250e-01 5.221531e-04 8.467284e+01 1.925454e+00
8.062500e-01 5.297530e-04 8.467287e+01 1.932946e+00
8.093750e-01 5.374225e-04 8.467289e+01 1.940439e+00
8.125000e-01 5.451647e-04 8.467291e+01 1.947931e+00
8.156250e-01 5.529822e-04 8.467294e+01 1.955423e+00
8.187500e-01 5.608781e-04 8.467297e+01 1.962915e+00
8.218750e-01 5.688552e-04 8.467299e+01 1.970407e+00
8.250000e-01 5.769165e-04 8.467302e+01 1.977900e+00
8.281250e-01 5.850649e-04 8.467305e+01 1.985392e+00
8.312500e-01 5.933033e-04 8.467307e+01 1.992884e+00
8.343750e-01 6.016348e-04 8.467310e+01 2.000376e+00
8.375000e-01 6.100623e-04 8.467313e+01 2.007869e+00
8.406250e-01 6.185886e-04 8.467316e+01 2.015361e+00
8.437500e-01 6.272169e-04 8.467319e+01 2.022853e+00
8.468750e-01 6.359499e-04 8.467322e+01 2.030345e+00
8.500000e-01 6.447907e-04 8.467325e+01 2.037838e+00
8.531250e-01 6.537420e-04 8.467328e+01 2.045330e+00
8.562500e-01 6.628067e-04 8.467332e+01 2.052822e+00
8.593750e-01 6.719877e-04 8.467335e+01 2.060314e+00
8.625000e-01 6.812879e-04 8.467338e+01 2.067807e+00
8.656250e-01 6.907099e-04 8.467341e+01 2.075299e+00
8.687500e-01 7.002567e-04 8.467345e+01 2.082791e+00
8.718750e-01 7.099308e-04 8.467348e+01 2.090284e+00
8.750000e-01 7.197351e-04 8.467352e+01 2.097776e+00
8.781250e-01 7.296723e-04 8.467356e+01 2.105268e+00
8.812500e-01 7.397449e-04 8.467359e+01 2.112760e+00
8.843750e-01 7.499558e-04 8.467363e+01 2.120253e+00
8.875000e-01 7.603075e-04 8.467367e+01 2.127745e+00
8.906250e-01 7.708027e-04 8.467371e+01 2.135237e+00
8.937500e-01 7.814440e-04 8.467375e+01 2.142730e+00
8.968750e-01 7.922340e-04 8.467379e+01 2.150222e+00
9.000000e-01 8.031753e-04 8.467383e+01 2.157715e+00
9.031250e-01 8.142705e-04 8.467387e+01 2.165207e+00
9.062500e-01 8.255222e-04 8.467391e+01 2.172699e+00
9.093750e-01 8.369330e-04 8.467395e+01 2.180192e+00
9.125000e-01 8.485056e-04 8.467400e+01 2.187684e+00
9.156250e-01 8.602425e-04 8.467404e+01 2.195176e+00
9.187500e-01 8.721465e-04 8.467409e+01 2.202669e+00
9.218750e-01 8.842201e-04 8.467413e+01 2.210161e+00
9.250000e-01 8.964662e-04 8.467418e+01 2.217654e+00
9.281250e-01 9.088873e-04 8.467423e+01 2.225146e+00
9.312500e-01 9.214862e-04 8.467428e+01 2.232639e+00
9.343750e-01 9.342658e-04 8.467432e+01 2.240131e+00
9.375000e-01 9.472288e-04 8.467437e+01 2.247623e+00
9.406250e-01 9.603780e-04 8.467443e+01 2.255116e+00
9.437500e-01 9.737164e-04 8.467448e+01 2.262608e+00
9.468750e-01 9.872468e-04 8.467453e+01 2.270101e+00
9.500000e-01 1.000972e-03 8.467458e+01 2.277593e+00
9.531250e-01 1.014896e-03 8.467464e+01 2.285086e+00
9.562500e-01 1.029020e-03 8.467469e+01 2.292578e+00
9.593750e-01 1.043349e-03 8.467475e+01 2.300071e+00
9.625000e-01 1.057884e-03 8.467481e+01 2.307563e+00
9.656250e-01 1.072630e-03 8.467487e+01 2.315056e+00
9.687500e-01 1.087589e-03 8.467493e+01 2.322548e+00
9.718750e-01 1.102765e-03 8.467499e+01 2.330041e+00
9.750000e-01 1.118160e-03 8.467505e+01 2.337534e+00
9.781250e-01 1.133778e-03 8.467511e+01 2.345026e+00
9.812500e-01 1.149621e-03 8.467517e+01 2.352519e+00
9.843750e-01 1.165694e-03 8.467524e+01 2.360011e+00
9.875000e-01 1.181999e-03 8.467531e+01 2.367504e+00
9.906250e-01 1.198539e-03 8.467537e+01 2.374997e+00
9.937500e-01 1.215317e-03 8.467544e+01 2.382489e+00
9.968750e-01 1.232335e-03 8.467551e+01 2.389982e+00
1.000000e+00 1.249598e-03 8.467558e+01 2.397475e+00
1.003125e+00 1.267107e-03 8.467565e+01 2.404967e+00
1.006250e+00 1.284866e-03 8.467572e+01 2.412460e+00
1.009375e+00 1.302877e-03 8.467580e+01 2.419953e+00
1.012500e+00 1.321142e-03 8.467587e+01 2.427445e+00
1.015625e+00 1.339663e-03 8.467595e+01 2.434938e+00
1.018750e+00 1.358444e-03 8.467603e+01 2.442431e+00
1.021875e+00 1.377485e-03 8.467611e+01 2.449924e+00
1.025000e+00 1.396789e-03 8.467619e+01 2.457416e+00
1.028125e+00 1.416357e-03 8.467627e+01 2.464909e+00
1.031250e+00 1.436192e-03 8.467636e+01 2.472402e+00
1.034375e+00 1.456293e-03 8.467644e+01 2.479895e+00
1.037500e+00 1.476662e-03 8.467653e+01 2.487388e+00
1.040625e+00 1.497299e-03 8.467661e+01 2.494881e+00
1.043750e+00 1.518207e-03 8.467670e+01 2.502373e+00
1.046875e+00 1.539383e-03 8.467680e+01 2.509866e+00
1.050000e+00 1.560830e-03 8.467689e+01 2.517359e+00
1.053125e+00 1.582546e-03 8.467698e+01 2.524852e+00
1.056250e+00 1.604531e-03 8.467708e+01 2.532345e+00
1.059375e+00 1.626784e-03 8.467717e+01 2.539838e+00
1.062500e+00 1.649304e-03 8.467727e+01 2.547331e+00
1.065625e+00 1.672091e-03 8.467737e+01 2.554824e+00
1.068750e+00 1.695141e-03 8.467748e+01 2.562317e+00
1.071875e+00 1.718455e-03 8.467758e+01 2.569810e+00
1.075000e+00 1.742029e-03 8.467769e+01 2.577303e+00
1.078125e+00 1.765861e-03 8.467779e+01 2.584796e+00
1.081250e+00 1.789949e-03 8.467790e+01 2.592289e+00
1.084375e+00 1.814290e-03 8.467801e+01 2.599782e+00
1.087500e+00 1.838881e-03 8.467813e+01 2.607275e+00
1.090625e+00 1.863718e-03 8.467824e+01 2.614769e+00
1.093750e+00 1.888800e-03 8.467836e+01 2.622262e+00
1.096875e+00 1.914121e-03 8.467848e+01 2.629755e+00
1.100000e+00 1.939679e-03 8.467860e+01 2.637248e+00
1.103125e+00 1.965469e-03 8.467872e+01 2.644741e+00
1.106250e+00 1.991488e-03 8.467884e+01 2.652235e+00
1.109375e+00 2.017731e-03 8.467897e+01 2.659728e+00
1.112500e+00 2.044195e-03 8.467910e+01 2.667221e+00
1.115625e+00 2.070876e-03 8.467923e+01 2.674715e+00
1.118750e+00 2.097769e-03 8.467936e+01 2.682208e+00
1.121875e+00 2.124870e-03 8.467950e+01 2.689701e+00
1.125000e+00 2.152176e-03 8.467963e+01 2.697195e+00
1.128125e+00 2.179682e-03 8.467977e+01 2.704688e+00
1.131250e+00 2.207384e-03 8.467991e+01 2.712182e+00
1.134375e+00 2.235280e-03 8.468006e+01 2.719675e+00
1.137500e+00 2.263364e-03 8.468020e+01 2.727169e+00
1.140625e+00 2.291635e-03 8.468035e+01 2.734662e+00
1.143750e+00 2.320088e-03 8.468050e+01 2.742156e+00
1.146875e+00 2.348720e-03 8.468065e+01 2.749649e+00
1.150000e+00 2.377530e-03 8.468081e+01 2.757143e+00
1.153125e+00 2.406514e-03 8.468096e+01 2.764637e+00
1.156250e+00 2.435669e-03 8.468112e+01 2.772130e+00
1.159375e+00 2.464996e-03 8.468129e+01 2.779624e+00
1.162500e+00 2.494491e-03 8.468145e+01 2.787118e+00
1.165625e+00 2.524153e-03 8.468162e+01 2.794612e+00
1.168750e+00 2.553983e-03 8.468178e+01 2.802105e+00
1.171875e+00 2.583979e-03 8.468196e+01 2.809599e+00
1.175000e+00 2.614141e-03 8.468213e+01 2.817093e+00
1.178125e+00 2.644470e-03 8.468231e+01 2.824587e+00
1.181250e+00 2.674966e-03 8.468248e+01 2.832081e+00
1.184375e+00 2.705631e-03 8.468267e+01 2.839575e+00
1.187500e+00 2.736466e-03 8.468285e+01 2.847069e+00
1.190625e+00 2.767473e-03 8.468304e+01 2.854563e+00
1.193750e+00 2.798655e-03 8.468322e+01 2.862057e+00
1.196875e+00 2.830015e-03 8.468342e+01 2.869551e+00
1.200000e+00 2.861555e-03 8.468361e+01 2.877045e+00
1.203125e+00 2.893280e-03 8.468381e+01 2.884540e+00
1.206250e+00 2.925194e-03 8.468401e+01 2.892034e+00
1.209375e+00 2.957301e-03 8.468421e+01 2.899528e+00
1.212500e+00 2.989606e-03 8.468441e+01 2.907022e+00
1.215625e+00 3.022113e-03 8.468462e+01 2.914517e+00
1.218750e+00 3.054830e-03 8.468483e+01 2.922011e+00
1.221875e+00 3.087761e-03 8.468505e+01 2.929506e+00
1.225000e+00 3.120913e-03 8.468526e+01 2.937000e+00
1.228125e+00 3.154292e-03 8.468548e+01 2.944495e+00
1.231250e+00 3.187905e-03 8.468570e+01 2.951989e+00
1.234375e+00 3.221760e-03 8.468593e+01 2.959484e+00
1.237500e+00 3.255862e-03 8.468616e+01 2.966978e+00
1.240625e+00 3.290219e-03 8.468639e+01 2.974473e+00
1.243750e+00 3.324840e-03 8.468662e+01 2.981968e+00
1.246875e+00 3.359731e-03 8.468686e+01 2.989462e+00
1.250000e+00 3.394901e-03 8.468710e+01 2.996957e+00
1.253125e+00 3.430357e-03 8.468734e+01 3.004452e+00
1.256250e+00 3.466108e-03 8.468759e+01 3.011947e+00
1.259375e+00 3.502160e-03 8.468784e+01 3.019442e+00
1.262500e+00 3.538523e-03 8.468809e+01 3.026937e+00
1.265625e+00 3.575203e-03 8.468835e+01 3.034432e+00
1.268750e+00 3.612210e-03 8.468860e+01 3.041927e+00
1.271875e+00 3.649549e-03 8.468887e+01 3.049422e+00
1.275000e+00 3.687230e-03 8.468913e+01 3.056917e+00
1.278125e+00 3.725259e-03 8.468940e+01 3.064413e+00
1.281250e+00 3.763645e-03 8.468968e+01 3.071908e+00
1.284375e+00 3.802393e-03 8.468995e+01 3.079403e+00
1.287500e+00 3.841511e-03 8.469023e+01 3.086899e+00
1.290625e+00 3.881006e-03 8.469051e+01 3.094394e+00
1.293750e+00 3.920885e-03 8.469080e+01 3.101890e+00
1.296875e+00 3.961152e-03 8.469109e+01 3.109385e+00
1.300000e+00 4.001815e-03 8.469139e+01 3.116881e+00
1.303125e+00 4.042878e-03 8.469168e+01 3.124377e+00
1.306250e+00 4.084347e-03 8.469199e+01 3.131872e+00
1.309375e+00 4.126228e-03 8.469229e+01 3.139368e+00
1.312500e+00 4.168524e-03 8.469260e+01 3.146864e+00
1.315625e+00 4.211240e-03 8.469292e+01 3.154360e+00
1.318750e+00 4.254380e-03 8.469323e+01 3.161856e+00
1.321875e+00 4.297948e-03 8.469355e+01 3.169352e+00
1.325000e+00 4.341946e-03 8.469388e+01 3.176848e+00
1.328125e+00 4.386378e-03 8.469421e+01 3.184344e+00
1.331250e+00 4.431247e-03 8.469454e+01 3.191840e+00
1.334375e+00 4.476554e-03 8.469488e+01 3.199336e+00
1.337500e+00 4.522302e-03 8.469522e+01 3.206832e+00
1.340625e+00 4.568492e-03 8.469557e+01 3.214329e+00
1.343750e+00 4.615125e-03 8.469592e+01 3.221825e+00
1.346875e+00 4.662202e-03 8.469628e+01 3.229322e+00
1.350000e+00 4.709725e-03 8.469664e+01 3.236818e+00
1.353125e+00 4.757693e-03 8.469700e+01 3.244315e+00
1.356250e+00 4.806106e-03 8.469737e+01 3.251812e+00
1.359375e+00 4.854965e-03 8.469774e+01 3.259308e+00
1.362500e+00 4.904269e-03 8.469812e+01 3.266805e+00
1.365625e+00 4.954017e-03 8.469850e+01 3.274302e+00
1.368750e+00 5.004210e-03 8.469889e+01 3.281799e+00
1.371875e+00 5.054845e-03 8.469928e+01 3.289296e+00
1.375000e+00 5.105922e-03 8.469968e+01 3.296793e+00
1.378125e+00 5.157440e-03 8.470008e+01 3.304290e+00
1.381250e+00 5.209398e-03 8.470049e+01 3.311787e+00
1.384375e+00 5.261793e-03 8.470090e+01 3.319285e+00
1.387500e+00 5.314626e-03 8.470132e+01 3.326782e+00
1.390625e+00 5.367894e-03 8.470174e+01 3.334279e+00
1.393750e+00 5.421596e-03 8.470217e+01 3.341777e+00
1.396875e+00 5.475730e-03 8.470260e+01 3.349274e+00
1.400000e+00 5.530296e-03 8.470304e+01 3.356772e+00
1.403125e+00 5.585292e-03 8.470348e+01 3.364270e+00
1.406250e+00 5.640716e-03 8.470393e+01 3.371768e+00
1.409375e+00 5.696568e-03 8.470439e+01 3.379266e+00
1.412500e+00 5.752847e-03 8.470485e+01 3.386764e+00
1.415625e+00 5.809551e-03 8.470531e+01 3.394262e+00
1.418750e+00 5.866680e-03 8.470578e+01 3.401760e+00
1.421875e+00 5.924234e-03 8.470626e+01 3.409258e+00
1.425000e+00 5.982212e-03 8.470674e+01 3.416756e+00
1.428125e+00 6.040615e-03 8.470723e+01 3.424255e+00
1.431250e+00 6.099441e-03 8.470772e+01 3.431753e+00
1.434375e+00 6.158691e-03 8.470822e+01 3.439252e+00
1.437500e+00 6.218367e-03 8.470873e+01 3.446750e+00
1.440625e+00 6.278467e-03 8.470924e+01 3.454249e+00
1.443750e+00 6.338995e-03 8.470976e+01 3.461748e+00
1.446875e+00 6.399950e-03 8.471028e+01 3.469247e+00
1.450000e+00 6.461334e-03 8.471082e+01 3.476746e+00
1.453125e+00 6.523150e-03 8.471135e+01 3.484245e+00
1.456250e+00 6.585398e-03 8.471189e+01 3.491744e+00
1.459375e+00 6.648081e-03 8.471244e+01 3.499243e+00
1.462500e+00 6.711201e-03 8.471300e+01 3.506743e+00
1.465625e+00 6.774762e-03 8.471356e+01 3.514242e+00
1.468750e+00 6.838765e-03 8.471413e+01 3.521742e+00
1.471875e+00 6.903215e-03 8.471471e+01 3.529241e+00
1.475000e+00 6.968113e-03 8.471529e+01 3.536741e+00
1.478125e+00 7.033465e-03 8.471588e+01 3.544241e+00
1.481250e+00 7.099272e-03 8.471647e+01 3.551741e+00
1.484375e+00 7.165540e-03 8.471707e+01 3.559241e+00
1.487500e+00 7.232272e-03 8.471768e+01 3.566741e+00
1.490625e+00 7.299472e-03 8.471830e+01 3.574242e+00
1.493750e+00 7.367145e-03 8.471892e+01 3.581742e+00
1.496875e+00 7.435295e-03 8.471955e+01 3.589243e+00
1.500000e+00 7.503925e-03 8.472019e+01 3.596743e+00
1.503125e+00 7.573042e-03 8.472084e+01 3.604244e+00
1.506250e+00 7.642649e-03 8.472149e+01 3.611745e+00
1.509375e+00 7.712750e-03 8.472215e+01 3.619246e+00
1.512500e+00 7.783352e-03 8.472281e+01 3.626747e+00
1.515625e+00 7.854457e-03 8.472349e+01 3.634248e+00
1.518750e+00 7.926072e-03 8.472417e+01 3.641750e+00
1.521875e+00 7.998200e-03 8.472486e+01 3.649251e+00
1.525000e+00 8.070847e-03 8.472556e+01 3.656753e+00
1.528125e+00 8.144016e-03 8.472626e+01 3.664255e+00
1.531250e+00 8.217713e-03 8.472698e+01 3.671756e+00
1.534375e+00 8.291942e-03 8.472770e+01 3.679258e+00
1.537500e+00 8.366707e-03 8.472842e+01 3.686760e+00
1.540625e+00 8.442012e-03 8.472916e+01 3.694263e+00
1.543750e+00 8.517863e-03 8.472991e+01 3.701765e+00
1.546875e+00 8.594263e-03 8.473066e+01 3.709268e+00
1.550000e+00 8.671216e-03 8.473142e+01 3.716770e+00
1.553125e+00 8.748726e-03 8.473219e+01 3.724273e+00
1.556250e+00 8.826797e-03 8.473297e+01 3.731776e+00
1.559375e+00 8.905432e-03 8.473376e+01 3.739279e+00
1.562500e+00 8.984636e-03 8.473455e+01 3.746782e+00
1.565625e+00 9.064411e-03 8.473536e+01 3.754286e+00
1.568750e+00 9.144762e-03 8.473617e+01 3.761789e+00
1.571875e+00 9.225691e-03 8.473699e+01 3.769293e+00
1.575000e+00 9.307201e-03 8.473782e+01 3.776796e+00
1.578125e+00 9.389296e-03 8.473866e+01 3.784300e+00
1.581250e+00 9.471978e-03 8.473951e+01 3.791804e+00
1.584375e+00 9.555250e-03 8.474037e+01 3.799309e+00
1.587500e+00 9.639114e-03 8.474123e+01 3.806813e+00
1.590625e+00 9.723574e-03 8.474211e+01 3.814318e+00
1.593750e+00 9.808632e-03 8.474299e+01 3.821822e+00
1.596875e+00 9.894291e-03 8.474389e+01 3.829327e+00
1.600000e+00 9.980551e-03 8.474479e+01 3.836832e+00
1.603125e+00 1.006742e-02 8.474571e+01 3.844337e+00
1.606250e+00 1.015489e-02 8.474663e+01 3.851843e+00
1.609375e+00 1.024297e-02 8.474757e+01 3.859348e+00
1.612500e+00 1.033166e-02 8.474851e+01 3.866854e+00
1.615625e+00 1.042097e-02 8.474946e+01 3.874360e+00
1.618750e+00 1.051089e-02 8.475043e+01 3.881866e+00
1.621875e+00 1.060143e-02 8.475140e+01 3.889372e+00
1.625000e+00 1.069259e-02 8.475239e+01 3.896879e+00
1.628125e+00 1.078437e-02 8.475338e+01 3.904385e+00
1.631250e+00 1.087677e-02 8.475439e+01 3.911892e+00
1.634375e+00 1.096980e-02 8.475540e+01 3.919399e+00
1.637500e+00 1.106345e-02 8.475643e+01 3.926906e+00
1.640625e+00 1.115774e-02 8.475747e+01 3.934413e+00
1.643750e+00 1.125265e-02 8.475851e+01 3.941921e+00
1.646875e+00 1.134820e-02 8.475957e+01 3.949429e+00
1.650000e+00 1.144438e-02 8.476064e+01 3.956937e+00
1.653125e+00 1.154120e-02 8.476172e+01 3.964445e+00
1.656250e+00 1.163866e-02 8.476282e+01 3.971953e+00
1.659375e+00 1.173676e-02 8.476392e+01 3.979461e+00
1.662500e+00 1.183551e-02 8.476503e+01 3.986970e+00
1.665625e+00 1.193490e-02 8.476616e+01 3.994479e+00
1.668750e+00 1.203494e-02 8.476730e+01 4.001988e+00
1.671875e+00 1.213563e-02 8.476845e+01 4.009498e+00
1.675000e+00 1.223697e-02 8.476961e+01 4.017007e+00
1.678125e+00 1.233897e-02 8.477078e+01 4.024517e+00
1.681250e+00 1.244163e-02 8.477197e+01 4.032027e+00
1.684375e+00 1.254495e-02 8.477317e+01 4.039537e+00
1.687500e+00 1.264893e-02 8.477438e+01 4.047048e+00
1.690625e+00 1.275358e-02 8.477560e+01 4.054558e+00
1.693750e+00 1.285890e-02 8.477683e+01 4.062069e+00
1.696875e+00 1.296489e-02 8.477808e+01 4.069580e+00
1.700000e+00 1.307156e-02 8.477934e+01 4.077092e+00
1.703125e+00 1.317890e-02 8.478061e+01 4.084603e+00
1.706250e+00 1.328692e-02 8.478190e+01 4.092115e+00
1.709375e+00 1.339563e-02 8.478319e+01 4.099627e+00
1.712500e+00 1.350502e-02 8.478450e+01 4.107140e+00
1.715625e+00 1.361510e-02 8.478583e+01 4.114652e+00
1.718750e+00 1.372588e-02 8.478717e+01 4.122165e+00
1.721875e+00 1.383735e-02 8.478852e+01 4.129678e+00
1.725000e+00 1.394951e-02 8.478988e+01 4.137192e+00
1.728125e+00 1.406239e-02 8.479126e+01 4.144705e+00
1.731250e+00 1.417596e-02 8.479265e+01 4.152219e+00
1.734375e+00 1.429025e-02 8.479405e+01 4.159733e+00
1.737500e+00 1.440524e-02 8.479547e+01 4.167248e+00
1.740625e+00 1.452095e-02 8.479691e+01 4.174762e+00
1.743750e+00 1.463738e-02 8.479835e+01 4.182277e+00
1.746875e+00 1.475453e-02 8.479982e+01 4.189792e+00
1.750000e+00 1.487241e-02 8.480129e+01 4.197308e+00
1.753125e+00 1.499101e-02 8.480278e+01 4.204823e+00
1.756250e+00 1.511035e-02 8.480429e+01 4.212339e+00
1.759375e+00 1.523042e-02 8.480581e+01 4.219856e+00
1.762500e+00 1.535122e-02 8.480734e+01 4.227372e+00
1.765625e+00 1.547277e-02 8.480889e+01 4.234889e+00
1.768750e+00 1.559506e-02 8.481045e+01 4.242406e+00
1.771875e+00 1.571810e-02 8.481203e+01 4.249924e+00
1.775000e+00 1.584189e-02 8.481363e+01 4.257441e+00
1.778125e+00 1.596644e-02 8.481524e+01 4.264959e+00
1.781250e+00 1.609174e-02 8.481686e+01 4.272478e+00
1.784375e+00 1.621780e-02 8.481850e+01 4.279996e+00
1.787500e+00 1.634463e-02 8.482016e+01 4.287515e+00
1.790625e+00 1.647222e-02 8.482183e+01 4.295034e+00
1.793750e+00 1.660059e-02 8.482352e+01 4.302554e+00
1.796875e+00 1.672973e-02 8.482523e+01 4.310073e+00
1.800000e+00 1.685964e-02 8.482695e+01 4.317594e+00
1.803125e+00 1.699034e-02 8.482869e+01 4.325114e+00
1.806250e+00 1.712182e-02 8.483044e+01 4.332635e+00
1.809375e+00 1.725409e-02 8.483221e+01 4.340156e+00
1.812500e+00 1.738714e-02 8.483400e+01 4.347677e+00
1.815625e+00 1.752099e-02 8.483581e+01 4.355198e+00
1.818750e+00 1.765564e-02 8.483763e+01 4.362720e+00
1.821875e+00 1.779108e-02 8.483947e+01 4.370243e+00
1.825000e+00 1.792733e-02 8.484132e+01 4.377765e+00
1.828125e+00 1.806439e-02 8.484320e+01 4.385288e+00
1.831250e+00 1.820225e-02 8.484509e+01 4.392811e+00
1.834375e+00 1.834093e-02 8.484700e+01 4.400335e+00
1.837500e+00 1.848042e-02 8.484892e+01 4.407859e+00
1.840625e+00 1.862074e-02 8.485087e+01 4.415383e+00
1.843750e+00 1.876187e-02 8.485283e+01 4.422908e+00
1.846875e+00 1.890383e-02 8.485481e+01 4.430433e+00
1.850000e+00 1.904662e-02 8.485681e+01 4.437958e+00
1.853125e+00 1.919024e-02 8.485883e+01 4.445484e+00
1.856250e+00 1.933470e-02 8.486086e+01 4.453010e+00
1.859375e+00 1.947999e-02 8.486292e+01 4.460536e+00
1.862500e+00 1.962613e-02 8.486499e+01 4.468063e+00
1.865625e+00 1.977311e-02 8.486709e+01 4.475590e+00
1.868750e+00 1.992094e-02 8.486920e+01 4.483118e+00
1.871875e+00 2.006963e-02 8.487133e+01 4.490646e+00
1.875000e+00 2.021917e-02 8.487348e+01 4.498174e+00
1.878125e+00 2.036957e-02 8.487565e+01 4.505702e+00
1.881250e+00 2.052083e-02 8.487785e+01 4.513232e+00
1.884375e+00 2.067296e-02 8.488006e+01 4.520761e+00
1.887500e+00 2.082596e-02 8.488229e+01 4.528291e+00
1.890625e+00 2.097983e-02 8.488454e+01 4.535821e+00
1.893750e+00 2.113458e-02 8.488681e+01 4.543352e+00
1.896875e+00 2.129021e-02 8.488910e+01 4.550883e+00
1.900000e+00 2.144672e-02 8.489141e+01 4.558414e+00
1.903125e+00 2.160413e-02 8.489375e+01 4.565946e+00
1.906250e+00 2.176242e-02 8.489610e+01 4.573478e+00
1.909375e+00 2.192162e-02 8.489848e+01 4.581011e+00
1.912500e+00 2.208171e-02 8.490088e+01 4.588544e+00
1.915625e+00 2.224271e-02 8.490329e+01 4.596078e+00
1.918750e+00 2.240461e-02 8.490573e+01 4.603612e+00
1.921875e+00 2.256743e-02 8.490820e+01 4.611146e+00
1.925000e+00 2.273117e-02 8.491068e+01 4.618681e+00
1.928125e+00 2.289583e-02 8.491319e+01 4.626217e+00
1.931250e+00 2.306142e-02 8.491571e+01 4.633753e+00
1.934375e+00 2.322793e-02 8.491826e+01 4.641289e+00
1.937500e+00 2.339538e-02 8.492084e+01 4.648826e+00
1.940625e+00 2.356377e-02 8.492343e+01 4.656363e+00
1.943750e+00 2.373310e-02 8.492605e+01 4.663901e+00
1.946875e+00 2.390339e-02 8.492869e+01 4.671439e+00
1.950000e+00 2.407463e-02 8.493136e+01 4.678978e+00
1.953125e+00 2.424682e-02 8.493405e+01 4.686517e+00
1.956250e+00 2.441998e-02 8.493676e+01 4.694057e+00
1.959375e+00 2.459411e-02 8.493950e+01 4.701597e+00
1.962500e+00 2.476921e-02 8.494226e+01 4.709138e+00
1.965625e+00 2.494529e-02 8.494504e+01 4.716679e+00
1.968750e+00 2.512236e-02 8.494785e+01 4.724221e+00
1.971875e+00 2.530041e-02 8.495068e+01 4.731763e+00
1.975000e+00 2.547946e-02 8.495354e+01 4.739306e+00
1.978125e+00 2.565951e-02 8.495642e+01 4.746849e+00
1.981250e+00 2.584056e-02 8.495933e+01 4.754393e+00
1.984375e+00 2.602263e-02 8.496226e+01 4.761937e+00
1.987500e+00 2.620571e-02 8.496522e+01 4.769482e+00
1.990625e+00 2.638981e-02 8.496820e+01 4.777028e+00
1.993750e+00 2.657494e-02 8.497121e+01 4.784574e+00
1.996875e+00 2.676111e-02 8.497425e+01 4.792120e+00
2.000000e+00 2.694831e-02 8.497731e+01 4.799667e+00
2.003125e+00 2.713655e-02 8.498040e+01 4.807215e+00
2.006250e+00 2.732585e-02 8.498351e+01 4.814763e+00
2.009375e+00 2.751620e-02 8.498665e+01 4.822312e+00
2.012500e+00 2.770761e-02 8.498982e+01 4.829861e+00
2.015625e+00 2.790009e-02 8.499302e+01 4.837411e+00
2.018750e+00 2.809364e-02 8.499624e+01 4.844961e+00
2.021875e+00 2.828826e-02 8.499949e+01 4.852513e+00
2.025000e+00 2.848397e-02 8.500277e+01 4.860064e+00
2.028125e+00 2.868077e-02 8.500607e+01 4.867616e+00
2.031250e+00 2.887867e-02 8.500940e+01 4.875169e+00
2.034375e+00 2.907766e-02 8.501276e+01 4.882723e+00
2.037500e+00 2.927776e-02 8.501615e+01 4.890277e+00
2.040625e+00 2.947897e-02 8.501957e+01 4.897831e+00
2.043750e+00 2.968130e-02 8.502302e+01 4.905386e+00
2.046875e+00 2.988474e-02 8.502650e+01 4.912942e+00
2.050000e+00 3.008932e-02 8.503000e+01 4.920499e+00
2.053125e+00 3.029503e-02 8.503354e+01 4.928056e+00
2.056250e+00 3.050188e-02 8.503710e+01 4.935613e+00
2.059375e+00 3.070987e-02 8.504069e+01 4.943172e+00
2.062500e+00 3.091901e-02 8.504432e+01 4.950731e+00
2.065625e+00 3.112930e-02 8.504797e+01 4.958290e+00
2.068750e+00 3.134075e-02 8.505166e+01 4.965850e+00
2.071875e+00 3.155337e-02 8.505537e+01 4.973411e+00
2.075000e+00 3.176715e-02 8.505912e+01 4.980973e+00
2.078125e+00 3.198211e-02 8.506290e+01 4.988535e+00
2.081250e+00 3.219825e-02 8.506671e+01 4.996098e+00
2.084375e+00 3.241557e-02 8.507055e+01 5.003662e+00
2.087500e+00 3.263408e-02 8.507442e+01 5.011226e+00
2.090625e+00 3.285378e-02 8.507832e+01 5.018791e+00
2.093750e+00 3.307468e-02 8.508226e+01 5.026357e+00
2.096875e+00 3.329678e-02 8.508623e+01 5.033924e+00
2.100000e+00 3.352009e-02 8.509023e+01 5.041491e+00
2.103125e+00 3.374461e-02 8.509427e+01 5.049059e+00
2.106250e+00 3.397035e-02 8.509833e+01 5.056628e+00
2.109375e+00 3.419731e-02 8.510244e+01 5.064197e+00
2.112500e+00 3.442550e-02 8.510657e+01 5.071768e+00
2.115625e+00 3.465491e-02 8.511074e+01 5.079339e+00
2.118750e+00 3.488556e-02 8.511494e+01 5.086911e+00
2.121875e+00 3.511744e-02 8.511918e+01 5.094483e+00
2.125000e+00 3.535057e-02 8.512345e+01 5.102057e+00
2.128125e+00 3.558494e-02 8.512776e+01 5.109631e+00
2.131250e+00 3.582057e-02 8.513210e+01 5.117206e+00
2.134375e+00 3.605745e-02 8.513648e+01 5.124781e+00
2.137500e+00 3.629559e-02 8.514089e+01 5.132358e+00
2.140625e+00 3.653499e-02 8.514534e+01 5.139935e+00
2.143750e+00 3.677566e-02 8.514983e+01 5.147514e+00
2.146875e+00 3.701759e-02 8.515435e+01 5.155093e+00
2.150000e+00 3.726081e-02 8.515890e+01 5.162672e+00
2.153125e+00 3.750530e-02 8.516350e+01 5.170253e+00
2.156250e+00 3.775108e-02 8.516813e+01 5.177834e+00
2.159375e+00 3.799814e-02 8.517280e+01 5.185417e+00
2.162500e+00 3.824650e-02 8.517750e+01 5.193000e+00
2.165625e+00 3.849615e-02 8.518225e+01 5.200584e+00
2.168750e+00 3.874710e-02 8.518703e+01 5.208168e+00
2.171875e+00 3.899935e-02 8.519185e+01 5.215754e+00
2.175000e+00 3.925291e-02 8.519671e+01 5.223340e+00
2.178125e+00 3.950778e-02 8.520160e+01 5.230927e+00
2.181250e+00 3.976396e-02 8.520654e+01 5.238516e+00
2.184375e+00 4.002147e-02 8.521151e+01 5.246105e+00
2.187500e+00 4.028029e-02 8.521653e+01 5.253694e+00
2.190625e+00 4.054045e-02 8.522158e+01 5.261285e+00
2.193750e+00 4.080193e-02 8.522668e+01 5.268877e+00
2.196875e+00 4.106475e-02 8.523181e+01 5.276469e+00
2.200000e+00 4.132891e-02 8.523699e+01 5.284063e+00
2.203125e+00 4.159441e-02 8.524220e+01 5.291657e+00
2.206250e+00 4.186127e-02 8.524746e+01 5.299253e+00
2.209375e+00 4.212947e-02 8.525276e+01 5.306849e+00
2.212500e+00 4.239903e-02 8.525810e+01 5.314446e+00
2.215625e+00 4.266995e-02 8.526348e+01 5.322044e+00
2.218750e+00 4.294223e-02 8.526890e+01 5.329643e+00
2.221875e+00 4.321588e-02 8.527437e+01 5.337244e+00
2.225000e+00 4.349091e-02 8.527988e+01 5.344845e+00
2.228125e+00 4.376732e-02 8.528543e+01 5.352447e+00
2.231250e+00 4.404510e-02 8.529102e+01 5.360050e+00
2.234375e+00 4.432428e-02 8.529666e+01 5.367655e+00
2.237500e+00 4.460484e-02 8.530235e+01 5.375260e+00
2.240625e+00 4.488680e-02 8.530807e+01 5.382866e+00
2.243750e+00 4.517017e-02 8.531384e+01 5.390474e+00
2.246875e+00 4.545493e-02 8.531966e+01 5.398082e+00
2.250000e+00 4.574111e-02 8.532552e+01 5.405692e+00
2.253125e+00 4.602871e-02 8.533143e+01 5.413303e+00
2.256250e+00 4.631772e-02 8.533738e+01 5.420914e+00
2.259375e+00 4.660816e-02 8.534338e+01 5.428527e+00
2.262500e+00 4.690003e-02 8.534942e+01 5.436141e+00
2.265625e+00 4.719333e-02 8.535552e+01 5.443756e+00
2.268750e+00 4.748807e-02 8.536165e+01 5.451373e+00
2.271875e+00 4.778426e-02 8.536784e+01 5.458990e+00
2.275000e+00 4.808190e-02 8.537407e+01 5.466608e+00
2.278125e+00 4.838099e-02 8.538035e+01 5.474228e+00
2.281250e+00 4.868155e-02 8.538668e+01 5.481848e+00
2.284375e+00 4.898357e-02 8.539306e+01 5.489470e+00
2.287500e+00 4.928707e-02 8.539948e+01 5.497093e+00
2.290625e+00 4.959204e-02 8.540596e+01 5.504717e+00
2.293750e+00 4.989849e-02 8.541248e+01 5.512342e+00
2.296875e+00 5.020643e-02 8.541905e+01 5.519969e+00
2.300000e+00 5.051587e-02 8.542568e+01 5.527596e+00
2.303125e+00 5.082680e-02 8.543235e+01 5.535225e+00
2.306250e+00 5.113924e-02 8.543907e+01 5.542855e+00
2.309375e+00 5.145320e-02 8.544585e+01 5.550486e+00
2.312500e+00 5.176867e-02 8.545267e+01 5.558118e+00
2.315625e+00 5.208566e-02 8.545955e+01 5.565751e+00
2.318750e+00 5.240418e-02 8.546648e+01 5.573386e+00
2.321875e+00 5.272424e-02 8.547346e+01 5.581022e+00
2.325000e+00 5.304584e-02 8.548049e+01 5.588659e+00
2.328125e+00 5.336899e-02 8.548758e+01 5.596297e+00
2.331250e+00 5.369369e-02 8.549471e+01 5.603937e+00
2.334375e+00 5.401996e-02 8.550191e+01 5.611578e+00
2.337500e+00 5.434779e-02 8.550915e+01 5.619220e+00
2.340625e+00 5.467719e-02 8.551645e+01 5.626863e+00
2.343750e+00 5.500817e-02 8.552380e+01 5.634508e+00
2.346875e+00 5.534074e-02 8.553121e+01 5.642154e+00
2.350000e+00 5.567491e-02 8.553868e+01 5.649802e+00
2.353125e+00 5.601067e-02 8.554620e+01 5.657451e+00
2.356250e+00 5.634804e-02 8.555377e+01 5.665101e+00
2.359375e+00 5.668703e-02 8.556140e+01 5.672753e+00
2.362500e+00 5.702764e-02 8.556909e+01 5.680406e+00
2.365625e+00 5.736987e-02 8.557683e+01 5.688061e+00
2.368750e+00 5.771374e-02 8.558463e+01 5.695717e+00
2.371875e+00 5.805925e-02 8.559249e+01 5.703374e+00
2.375000e+00 5.840641e-02 8.560041e+01 5.711033e+00
2.378125e+00 5.875522e-02 8.560838e+01 5.718693e+00
2.381250e+00 5.910570e-02 8.561641e+01 5.726354e+00
2.384375e+00 5.945785e-02 8.562451e+01 5.734018e+00
2.387500e+00 5.981168e-02 8.563266e+01 5.741682e+00
2.390625e+00 6.016719e-02 8.564087e+01 5.749348e+00
2.393750e+00 6.052440e-02 8.564914e+01 5.757015e+00
2.396875e+00 6.088330e-02 8.565747e+01 5.764684e+00
2.400000e+00 6.124392e-02 8.566586e+01 5.772355e+00
2.403125e+00 6.160624e-02 8.567431e+01 5.780027e+00
2.406250e+00 6.197029e-02 8.568283e+01 5.787700e+00
2.409375e+00 6.233607e-02 8.569140e+01 5.795375e+00
2.412500e+00 6.270359e-02 8.570004e+01 5.803051e+00
2.415625e+00 6.307285e-02 8.570875e+01 5.810729e+00
2.418750e+00 6.344387e-02 8.571751e+01 5.818409e+00
2.421875e+00 6.381664e-02 8.572634e+01 5.826090e+00
2.425000e+00 6.419119e-02 8.573523e+01 5.833772e+00
2.428125e+00 6.456751e-02 8.574419e+01 5.841456e+00
2.431250e+00 6.494561e-02 8.575321e+01 5.849142e+00
2.434375e+00 6.532550e-02 8.576229e+01 5.856829e+00
2.437500e+00 6.570719e-02 8.577144e+01 5.864518e+00
2.440625e+00 6.609069e-02 8.578066e+01 5.872209e+00
2.443750e+00 6.647600e-02 8.578994e+01 5.879901e+00
2.446875e+00 6.686313e-02 8.579929e+01 5.887595e+00
2.450000e+00 6.725208e-02 8.580871e+01 5.895291e+00
2.453125e+00 6.764288e-02 8.581819e+01 5.902988e+00
2.456250e+00 6.803552e-02 8.582774e+01 5.910687e+00
2.459375e+00 6.843001e-02 8.583736e+01 5.918388e+00
2.462500e+00 6.882635e-02 8.584705e+01 5.926090e+00
2.465625e+00 6.922457e-02 8.585681e+01 5.933795e+00
2.468750e+00 6.962466e-02 8.586664e+01 5.941501e+00
2.471875e+00 7.002663e-02 8.587654e+01 5.949209e+00
2.475000e+00 7.043048e-02 8.588650e+01 5.956918e+00
2.478125e+00 7.083624e-02 8.589654e+01 5.964630e+00
2.481250e+00 7.124389e-02 8.590665e+01 5.972343e+00
2.484375e+00 7.165346e-02 8.591683e+01 5.980058e+00
2.487500e+00 7.206495e-02 8.592709e+01 5.987775e+00
2.490625e+00 7.247836e-02 8.593741e+01 5.995494e+00
2.493750e+00 7.289370e-02 8.594781e+01 6.003214e+00
2.496875e+00 7.331099e-02 8.595828e+01 6.010937e+00
2.500000e+00 7.373022e-02 8.596883e+01 6.018661e+00
2.503125e+00 7.415140e-02 8.597945e+01 6.026387e+00
2.506250e+00 7.457455e-02 8.599015e+01 6.034115e+00
2.509375e+00 7.499967e-02 8.600092e+01 6.041845e+00
2.512500e+00 7.542677e-02 8.601176e+01 6.049577e+00
2.515625e+00 7.585584e-02 8.602269e+01 6.057311e+00
2.518750e+00 7.628691e-02 8.603368e+01 6.065047e+00
2.521875e+00 7.671998e-02 8.604476e+01 6.072784e+00
2.525000e+00 7.715505e-02 8.605591e+01 6.080524e+00
2.528125e+00 7.759214e-02 8.606714e+01 6.088265e+00
2.531250e+00 7.803125e-02 8.607845e+01 6.096009e+00
2.534375e+00 7.847238e-02 8.608984e+01 6.103754e+00
2.537500e+00 7.891555e-02 8.610130e+01 6.111501e+00
2.540625e+00 7.936076e-02 8.611285e+01 6.119251e+00
2.543750e+00 7.980802e-02 8.612448e+01 6.127002e+00
2.546875e+00 8.025733e-02 8.613618e+01 6.134756e+00
2.550000e+00 8.070871e-02 8.614797e+01 6.142512e+00
2.553125e+00 8.116216e-02 8.615984e+01 6.150269e+00
2.556250e+00 8.161770e-02 8.617179e+01 6.158029e+00
2.559375e+00 8.207531e-02 8.618383e+01 6.165791e+00
2.562500e+00 8.253502e-02 8.619595e+01 6.173555e+00
2.565625e+00 8.299683e-02 8.620815e+01 6.181322e+00
2.568750e+00 8.346076e-02 8.622044e+01 6.189090e+00
2.571875e+00 8.392679e-02 8.623281e+01 6.196861e+00
2.575000e+00 8.439495e-02 8.624526e+01 6.204634e+00
2.578125e+00 8.486525e-02 8.625780e+01 6.212410e+00
2.581250e+00 8.533768e-02 8.627043e+01 6.220187e+00
2.584375e+00 8.581226e-02 8.628315e+01 6.227967e+00
2.587500e+00 8.628899e-02 8.629595e+01 6.235749e+00
2.590625e+00 8.676789e-02 8.630884e+01 6.243534e+00
2.593750e+00 8.724895e-02 8.632182e+01 6.251320e+00
2.596875e+00 8.773220e-02 8.633489e+01 6.259109e+00
2.600000e+00 8.821763e-02 8.634804e+01 6.266901e+00
2.603125e+00 8.870526e-02 8.636129e+01 6.274695e+00
2.606250e+00 8.919509e-02 8.637463e+01 6.282491e+00
2.609375e+00 8.968713e-02 8.638806e+01 6.290289e+00
2.612500e+00 9.018139e-02 8.640157e+01 6.298090e+00
2.615625e+00 9.067787e-02 8.641519e+01 6.305893e+00
2.618750e+00 9.117659e-02 8.642889e+01 6.313699e+00
2.621875e+00 9.167756e-02 8.644269e+01 6.321507e+00
2.625000e+00 9.218078e-02 8.645657e+01 6.329317e+00
2.628125e+00 9.268626e-02 8.647056e+01 6.337130e+00
2.631250e+00 9.319400e-02 8.648464e+01 6.344946e+00
2.634375e+00 9.370403e-02 8.649881e+01 6.352763e+00
2.637500e+00 9.421635e-02 8.651308e+01 6.360584e+00
2.640625e+00 9.473096e-02 8.652744e+01 6.368406e+00
2.643750e+00 9.524787e-02 8.654190e+01 6.376232e+00
2.646875e+00 9.576711e-02 8.655646e+01 6.384059e+00
2.650000e+00 9.628866e-02 8.657112e+01 6.391890e+00
2.653125e+00 9.681254e-02 8.658587e+01 6.399723e+00
2.656250e+00 9.733877e-02 8.660073e+01 6.407558e+00
2.659375e+00 9.786735e-02 8.661568e+01 6.415397e+00
2.662500e+00 9.839829e-02 8.663074e+01 6.423237e+00
2.665625e+00 9.893160e-02 8.664589e+01 6.431081e+00
2.668750e+00 9.946729e-02 8.666115e+01 6.438927e+00
2.671875e+00 1.000054e-01 8.667651e+01 6.446776e+00
2.675000e+00 1.005458e-01 8.669197e+01 6.454628e+00
2.678125e+00 1.010887e-01 8.670753e+01 6.462482e+00
2.681250e+00 1.016340e-01 8.672320e+01 6.470339e+00
2.684375e+00 1.021818e-01 8.673897e+01 6.478199e+00
2.687500e+00 1.027319e-01 8.675485e+01 6.486061e+00
2.690625e+00 1.032845e-01 8.677084e+01 6.493927e+00
2.693750e+00 1.038396e-01 8.678693e+01 6.501795e+00
2.696875e+00 1.043972e-01 8.680312e+01 6.509666e+00
2.700000e+00 1.049572e-01 8.681943e+01 6.517540e+00
2.703125e+00 1.055197e-01 8.683584e+01 6.525417e+00
2.706250e+00 1.060847e-01 8.685237e+01 6.533297e+00
2.709375e+00 1.066522e-01 8.686900e+01 6.541180e+00
2.712500e+00 1.072222e-01 8.688574e+01 6.549065e+00
2.715625e+00 1.077948e-01 8.690259e+01 6.556954e+00
2.718750e+00 1.083699e-01 8.691955e+01 6.564845e+00
2.721875e+00 1.089475e-01 8.693663e+01 6.572739e+00
2.725000e+00 1.095277e-01 8.695381e+01 6.580637e+00
2.728125e+00 1.101105e-01 8.697111e+01 6.588537e+00
2.731250e+00 1.106959e-01 8.698853e+01 6.596441e+00
2.734375e+00 1.112838e-01 8.700605e+01 6.604347e+00
2.737500e+00 1.118744e-01 8.702370e+01 6.612257e+00
2.740625e+00 1.124675e-01 8.704146e+01 6.620170e+00
2.743750e+00 1.130633e-01 8.705933e+01 6.628086e+00
2.746875e+00 1.136618e-01 8.707732e+01 6.636005e+00
2.750000e+00 1.142628e-01 8.709543e+01 6.643927e+00
2.753125e+00 1.148666e-01 8.711366e+01 6.651852e+00
2.756250e+00 1.154730e-01 8.713201e+01 6.659781e+00
2.759375e+00 1.160820e-01 8.715047e+01 6.667713e+00
2.762500e+00 1.166938e-01 8.716906e+01 6.675648e+00
2.765625e+00 1.173083e-01 8.718777e+01 6.683586e+00
2.768750e+00 1.179254e-01 8.720660e+01 6.691528e+00
2.771875e+00 1.185453e-01 8.722556e+01 6.699473e+00
2.775000e+00 1.191680e-01 8.724464e+01 6.707421e+00
2.778125e+00 1.197933e-01 8.726384e+01 6.715373e+00
2.781250e+00 1.204215e-01 8.728316e+01 6.723328e+00
2.784375e+00 1.210524e-01 8.730262e+01 6.731286e+00
2.787500e+00 1.216861e-01 8.732220e+01 6.739248e+00
2.790625e+00 1.223225e-01 8.734190e+01 6.747213e+00
2.793750e+00 1.229618e-01 8.736173e+01 6.755181e+00
2.796875e+00 1.236039e-01 8.738170e+01 6.763153e+00
2.800000e+00 1.242488e-01 8.740179e+01 6.771129e+00
2.803125e+00 1.248966e-01 8.742201e+01 6.779108e+00
2.806250e+00 1.255472e-01 8.744236e+01 6.787090e+00
2.809375e+00 1.262006e-01 8.746284e+01 6.795076e+00
2.812500e+00 1.268569e-01 8.748345e+01 6.803065e+00
2.815625e+00 1.275161e-01 8.750420e+01 6.811059e+00
2.818750e+00 1.281782e-01 8.752508e+01 6.819055e+00
2.821875e+00 1.288433e-01 8.754609e+01 6.827056e+00
2.825000e+00 1.295112e-01 8.756724e+01 6.835060e+00
2.828125e+00 1.301820e-01 8.758853e+01 6.843067e+00
2.831250e+00 1.308559e-01 8.760995e+01 6.851079e+00
2.834375e+00 1.315326e-01 8.763151e+01 6.859094e+00
2.837500e+00 1.322123e-01 8.765321e+01 6.867113e+00
2.840625e+00 1.328950e-01 8.767505e+01 6.875135e+00
2.843750e+00 1.335807e-01 8.769702e+01 6.883162e+00
2.846875e+00 1.342694e-01 8.771914e+01 6.891192e+00
2.850000e+00 1.349611e-01 8.774140e+01 6.899226e+00
2.853125e+00 1.356559e-01 8.776380e+01 6.907264e+00
2.856250e+00 1.363537e-01 8.778634e+01 6.915306e+00
2.859375e+00 1.370545e-01 8.780903e+01 6.923352e+00
2.862500e+00 1.377584e-01 8.783186e+01 6.931402e+00
2.865625e+00 1.384654e-01 8.785484e+01 6.939456e+00
2.868750e+00 1.391755e-01 8.787796e+01 6.947513e+00
2.871875e+00 1.398887e-01 8.790124e+01 6.955575e+00
2.875000e+00 1.406050e-01 8.792466e+01 6.963641e+00
2.878125e+00 1.413244e-01 8.794822e+01 6.971710e+00
2.881250e+00 1.420470e-01 8.797194e+01 6.979784e+00
2.884375e+00 1.427727e-01 8.799581e+01 6.987862e+00
2.887500e+00 1.435016e-01 8.801983e+01 6.995944e+00
2.890625e+00 1.442337e-01 8.804400e+01 7.004031e+00
2.893750e+00 1.449690e-01 8.806833e+01 7.012121e+00
2.896875e+00 1.457075e-01 8.809281e+01 7.020216e+00
2.900000e+00 1.464492e-01 8.811744e+01 7.028314e+00
2.903125e+00 1.471941e-01 8.814223e+01 7.036417e+00
2.906250e+00 1.479423e-01 8.816718e+01 7.044525e+00
2.909375e+00 1.486938e-01 8.819228e+01 7.052636e+00
2.912500e+00 1.494486e-01 8.821755e+01 7.060752e+00
2.915625e+00 1.502066e-01 8.824297e+01 7.068872e+00
2.918750e+00 1.509680e-01 8.826855e+01 7.076997e+00
2.921875e+00 1.517326e-01 8.829429e+01 7.085126e+00
2.925000e+00 1.525006e-01 8.832020e+01 7.093259e+00
2.928125e+00 1.532720e-01 8.834626e+01 7.101397e+00
2.931250e+00 1.540467e-01 8.837250e+01 7.109539e+00
2.934375e+00 1.548248e-01 8.839889e+01 7.117686e+00
2.937500e+00 1.556063e-01 8.842545e+01 7.125837e+00
2.940625e+00 1.563912e-01 8.845218e+01 7.133993e+00
2.943750e+00 1.571795e-01 8.847908e+01 7.142154e+00
2.946875e+00 1.579713e-01 8.850614e+01 7.150319e+00
2.950000e+00 1.587665e-01 8.853338e+01 7.158489e+00
2.953125e+00 1.595652e-01 8.856078e+01 7.166663e+00
2.956250e+00 1.603674e-01 8.858836e+01 7.174842e+00
2.959375e+00 1.611730e-01 8.861611e+01 7.183026e+00
2.962500e+00 1.619822e-01 8.864403e+01 7.191215e+00
2.965625e+00 1.627949e-01 8.867213e+01 7.199408e+00
2.968750e+00 1.636112e-01 8.870040e+01 7.207607e+00
2.971875e+00 1.644310e-01 8.872885e+01 7.215810e+00
2.975000e+00 1.652544e-01 8.875748e+01 7.224018e+00
2.978125e+00 1.660813e-01 8.878628e+01 7.232230e+00
2.981250e+00 1.669119e-01 8.881527e+01 7.240448e+00
2.984375e+00 1.677461e-01 8.884443e+01 7.248671e+00
2.987500e+00 1.685840e-01 8.887378e+01 7.256898e+00
2.990625e+00 1.694255e-01 8.890331e+01 7.265131e+00
2.993750e+00 1.702707e-01 8.893302e+01 7.273369e+00
2.996875e+00 1.711195e-01 8.896292e+01 7.281611e+00
3.000000e+00 1.719721e-01 8.899300e+01 7.289859e+00
3.003125e+00 1.728284e-01 8.902327e+01 7.298112e+00
3.006250e+00 1.736884e-01 8.905373e+01 7.306370e+00
3.009375e+00 1.745522e-01 8.908438e+01 7.314633e+00
3.012500e+00 1.754197e-01 8.911521e+01 7.322902e+00
3.015625e+00 1.762910e-01 8.914624e+01 7.331175e+00
3.018750e+00 1.771662e-01 8.917746e+01 7.339454e+00
3.021875e+00 1.780451e-01 8.920887e+01 7.347739e+00
3.025000e+00 1.789279e-01 8.924048e+01 7.356028e+00
3.028125e+00 1.798145e-01 8.927228e+01 7.364323e+00
3.031250e+00 1.807051e-01 8.930427e+01 7.372623e+00
3.034375e+00 1.815995e-01 8.933647e+01 7.380929e+00
3.037500e+00 1.824978e-01 8.936886e+01 7.389240e+00
3.040625e+00 1.834000e-01 8.940146e+01 7.397556e+00
3.043750e+00 1.843062e-01 8.943425e+01 7.405878e+00
3.046875e+00 1.852163e-01 8.946725e+01 7.414206e+00
3.050000e+00 1.861305e-01 8.950045e+01 7.422538e+00
3.053125e+00 1.870486e-01 8.953385e+01 7.430877e+00
3.056250e+00 1.879707e-01 8.956746e+01 7.439221e+00
3.059375e+00 1.888969e-01 8.960128e+01 7.447571e+00
3.062500e+00 1.898271e-01 8.963530e+01 7.455927e+00
3.065625e+00 1.907613e-01 8.966954e+01 7.464288e+00
3.068750e+00 1.916997e-01 8.970398e+01 7.472655e+00
3.071875e+00 1.926422e-01 8.973864e+01 7.481028e+00
3.075000e+00 1.935888e-01 8.977351e+01 7.489406e+00
3.078125e+00 1.945395e-01 8.980859e+01 7.497791e+00
3.081250e+00 1.954944e-01 8.984389e+01 7.506182e+00
3.084375e+00 1.964535e-01 8.987940e+01 7.514578e+00
3.087500e+00 1.974168e-01 8.991514e+01 7.522981e+00
3.090625e+00 1.983843e-01 8.995109e+01 7.531389e+00
3.093750e+00 1.993561e-01 8.998726e+01 7.539804e+00
3.096875e+00 2.003321e-01 9.002365e+01 7.548224e+00
3.100000e+00 2.013124e-01 9.006027e+01 7.556651e+00
3.103125e+00 2.022970e-01 9.009711e+01 7.565084e+00
3.106250e+00 2.032859e-01 9.013417e+01 7.573523e+00
3.109375e+00 2.042792e-01 9.017146e+01 7.581968e+00
3.112500e+00 2.052768e-01 9.020898e+01 7.590419e+00
3.115625e+00 2.062788e-01 9.024673e+01 7.598877e+00
3.118750e+00 2.072852e-01 9.028471e+01 7.607340e+00
3.121875e+00 2.082960e-01 9.032292e+01 7.615810e+00
3.125000e+00 2.093113e-01 9.036136e+01 7.624286e+00
3.128125e+00 2.103310e-01 9.040003e+01 7.632769e+00
3.131250e+00 2.113552e-01 9.043895e+01 7.641258e+00
3.134375e+00 2.123839e-01 9.047810e+01 7.649753e+00
3.137500e+00 2.134172e-01 9.051748e+01 7.658255e+00
3.140625e+00 2.144550e-01 9.055711e+01 7.666764e+00
3.143750e+00 2.154974e-01 9.059698e+01 7.675279e+00
3.146875e+00 2.165443e-01 9.063709e+01 7.683800e+00
3.150000e+00 2.175959e-01 9.067745e+01 7.692328e+00
3.153125e+00 2.186521e-01 9.071805e+01 7.700863e+00
3.156250e+00 2.197130e-01 9.075890e+01 7.709405e+00
3.159375e+00 2.207786e-01 9.079999e+01 7.717954e+00
3.162500e+00 2.218488e-01 9.084134e+01 7.726509e+00
3.165625e+00 2.229238e-01 9.088294e+01 7.735071e+00
3.168750e+00 2.240036e-01 9.092479e+01 7.743641e+00
3.171875e+00 2.250881e-01 9.096689e+01 7.752217e+00
3.175000e+00 2.261774e-01 9.100925e+01 7.760800e+00
3.178125e+00 2.272715e-01 9.105187e+01 7.769390e+00
3.181250e+00 2.283705e-01 9.109474e+01 7.777987e+00
3.184375e+00 2.294743e-01 9.113788e+01 7.786590e+00
3.187500e+00 2.305830e-01 9.118127e+01 7.795201e+00
3.190625e+00 2.316967e-01 9.122493e+01 7.803820e+00
3.193750e+00 2.328153e-01 9.126885e+01 7.812445e+00
3.196875e+00 2.339388e-01 9.131304e+01 7.821077e+00
3.200000e+00 2.350673e-01 9.135749e+01 7.829717e+00
3.203125e+00 2.362009e-01 9.140222e+01 7.838363e+00
3.206250e+00 2.373394e-01 9.144721e+01 7.847017e+00
3.209375e+00 2.384831e-01 9.149248e+01 7.855679e+00
3.212500e+00 2.396318e-01 9.153802e+01 7.864347e+00
3.215625e+00 2.407856e-01 9.158384e+01 7.873024e+00
3.218750e+00 2.419446e-01 9.162993e+01 7.881707e+00
3.221875e+00 2.431087e-01 9.167630e+01 7.890398e+00
3.225000e+00 2.442780e-01 9.172295e+01 7.899097e+00
3.228125e+00 2.454525e-01 9.176988e+01 7.907803e+00
3.231250e+00 2.466323e-01 9.181710e+01 7.916517e+00
3.234375e+00 2.478173e-01 9.186460e+01 7.925239e+00
3.237500e+00 2.490076e-01 9.191239e+01 7.933968e+00
3.240625e+00 2.502033e-01 9.196046e+01 7.942705e+00
3.243750e+00 2.514042e-01 9.200883e+01 7.951450e+00
3.246875e+00 2.526106e-01 9.205749e+01 7.960203e+00
3.250000e+00 2.538223e-01 9.210644e+01 7.968963e+00
3.253125e+00 2.550395e-01 9.215569e+01 7.977732e+00
3.256250e+00 2.562621e-01 9.220523e+01 7.986508e+00
3.259375e+00 2.574902e-01 9.225507e+01 7.995293e+00
3.262500e+00 2.587239e-01 9.230521e+01 8.004085e+00
3.265625e+00 2.599630e-01 9.235566e+01 8.012885e+00
3.268750e+00 2.612077e-01 9.240640e+01 8.021694e+00
3.271875e+00 2.624580e-01 9.245746e+01 8.030511e+00
3.275000e+00 2.637139e-01 9.250882e+01 8.039335e+00
3.278125e+00 2.649755e-01 9.256049e+01 8.048169e+00
3.281250e+00 2.662428e-01 9.261247e+01 8.057010e+00
3.284375e+00 2.675157e-01 9.266476e+01 8.065860e+00
3.287500e+00 2.687944e-01 9.271736e+01 8.074718e+00
3.290625e+00 2.700789e-01 9.277029e+01 8.083584e+00
3.293750e+00 2.713691e-01 9.282353e+01 8.092459e+00
3.296875e+00 2.726652e-01 9.287709e+01 8.101343e+00
3.300000e+00 2.739671e-01 9.293098e+01 8.110235e+00
3.303125e+00 2.752750e-01 9.298518e+01 8.119136e+00
3.306250e+00 2.765887e-01 9.303972e+01 8.128045e+00
3.309375e+00 2.779084e-01 9.309458e+01 8.136963e+00
3.312500e+00 2.792341e-01 9.314977e+01 8.145889e+00
3.315625e+00 2.805657e-01 9.320529e+01 8.154824e+00
3.318750e+00 2.819035e-01 9.326115e+01 8.163768e+00
3.321875e+00 2.832472e-01 9.331734e+01 8.172721e+00
3.325000e+00 2.845971e-01 9.337387e+01 8.181683e+00
3.328125e+00 2.859532e-01 9.343073e+01 8.190653e+00
3.331250e+00 2.873154e-01 9.348794e+01 8.199633e+00
3.334375e+00 2.886838e-01 9.354550e+01 8.208622e+00
3.337500e+00 2.900584e-01 9.360340e+01 8.217619e+00
3.340625e+00 2.914393e-01 9.366164e+01 8.226626e+00
3.343750e+00 2.928265e-01 9.372024e+01 8.235642e+00
3.346875e+00 2.942200e-01 9.377918e+01 8.244667e+00
3.350000e+00 2.956199e-01 9.383849e+01 8.253702e+00
3.353125e+00 2.970262e-01 9.389814e+01 8.262746e+00
3.356250e+00 2.984390e-01 9.395816e+01 8.271799e+00
3.359375e+00 2.998582e-01 9.401853e+01 8.280862e+00
3.362500e+00 3.012839e-01 9.407927e+01 8.289934e+00
3.365625e+00 3.027162e-01 9.414037e+01 8.299016e+00
3.368750e+00 3.041550e-01 9.420184e+01 8.308107e+00
3.371875e+00 3.056004e-01 9.426368e+01 8.317207e+00
3.375000e+00 3.070525e-01 9.432589e+01 8.326318e+00
3.378125e+00 3.085113e-01 9.438847e+01 8.335438e+00
3.381250e+00 3.099767e-01 9.445142e+01 8.344567e+00
3.384375e+00 3.114490e-01 9.451475e+01 8.353707e+00
3.387500e+00 3.129280e-01 9.457847e+01 8.362856e+00
3.390625e+00 3.144139e-01 9.464256e+01 8.372015e+00
3.393750e+00 3.159066e-01 9.470704e+01 8.381184e+00
3.396875e+00 3.174062e-01 9.477190e+01 8.390363e+00
3.400000e+00 3.189127e-01 9.483716e+01 8.399552e+00
3.403125e+00 3.204263e-01 9.490280e+01 8.408751e+00
3.406250e+00 3.219468e-01 9.496884e+01 8.417960e+00
3.409375e+00 3.234744e-01 9.503528e+01 8.427180e+00
3.412500e+00 3.250091e-01 9.510211e+01 8.436409e+00
3.415625e+00 3.265510e-01 9.516935e+01 8.445649e+00
3.418750e+00 3.281000e-01 9.523699e+01 8.454899e+00
3.421875e+00 3.296562e-01 9.530503e+01 8.464159e+00
3.425000e+00 3.312197e-01 9.537348e+01 8.473430e+00
3.428125e+00 3.327905e-01 9.544235e+01 8.482711e+00
3.431250e+00 3.343686e-01 9.551162e+01 8.492003e+00
3.434375e+00 3.359540e-01 9.558131e+01 8.501306e+00
3.437500e+00 3.375469e-01 9.565142e+01 8.510619e+00
3.440625e+00 3.391473e-01 9.572195e+01 8.519943e+00
3.443750e+00 3.407551e-01 9.579290e+01 8.529277e+00
3.446875e+00 3.423705e-01 9.586428e+01 8.538622e+00
3.450000e+00 3.439935e-01 9.593608e+01 8.547978e+00
3.453125e+00 3.456241e-01 9.600832e+01 8.557345e+00
3.456250e+00 3.472624e-01 9.608099e+01 8.566723e+00
3.459375e+00 3.489084e-01 9.615410e+01 8.576112e+00
3.462500e+00 3.505621e-01 9.622764e+01 8.585511e+00
3.465625e+00 3.522237e-01 9.630163e+01 8.594922e+00
3.468750e+00 3.538931e-01 9.637606e+01 8.604344e+00
3.471875e+00 3.555704e-01 9.645093e+01 8.613777e+00
3.475000e+00 3.572556e-01 9.652626e+01 8.623221e+00
3.478125e+00 3.589489e-01 9.660204e+01 8.632677e+00
3.481250e+00 3.606501e-01 9.667827e+01 8.642144e+00
3.484375e+00 3.623594e-01 9.675496e+01 8.651622e+00
3.487500e+00 3.640769e-01 9.683211e+01 8.661112e+00
3.490625e+00 3.658025e-01 9.690973e+01 8.670614e+00
3.493750e+00 3.675364e-01 9.698781e+01 8.680127e+00
3.496875e+00 3.692785e-01 9.706636e+01 8.689651e+00
3.500000e+00 3.710289e-01 9.714538e+01 8.699188e+00
3.503125e+00 3.727877e-01 9.722487e+01 8.708736e+00
3.506250e+00 3.745549e-01 9.730485e+01 8.718296e+00
3.509375e+00 3.763306e-01 9.738530e+01 8.727867e+00
3.512500e+00 3.781147e-01 9.746624e+01 8.737451e+00
3.515625e+00 3.799075e-01 9.754766e+01 8.747046e+00
3.518750e+00 3.817088e-01 9.762958e+01 8.756654e+00
3.521875e+00 3.835188e-01 9.771198e+01 8.766273e+00
3.525000e+00 3.853376e-01 9.779488e+01 8.775905e+00
3.528125e+00 3.871651e-01 9.787828e+01 8.785549e+00
3.531250e+00 3.890014e-01 9.796218e+01 8.795205e+00
3.534375e+00 3.908466e-01 9.804659e+01 8.804873e+00
3.537500e+00 3.927007e-01 9.813151e+01 8.814553e+00
3.540625e+00 3.945638e-01 9.821693e+01 8.824246e+00
3.543750e+00 3.964359e-01 9.830287e+01 8.833951e+00
3.546875e+00 3.983171e-01 9.838933e+01 8.843669e+00
3.550000e+00 4.002075e-01 9.847631e+01 8.853399e+00
3.553125e+00 4.021070e-01 9.856381e+01 8.863143e+00
3.556250e+00 4.040158e-01 9.865184e+01 8.872898e+00
3.559375e+00 4.059339e-01 9.874040e+01 8.882667e+00
3.562500e+00 4.078614e-01 9.882950e+01 8.892448e+00
3.565625e+00 4.097983e-01 9.891913e+01 8.902242e+00
3.568750e+00 4.117447e-01 9.900930e+01 8.912050e+00
3.571875e+00 4.137006e-01 9.910002e+01 8.921869e+00
3.575000e+00 4.156661e-01 9.919128e+01 8.931702e+00
3.578125e+00 4.176412e-01 9.928309e+01 8.941548e+00
3.581250e+00 4.196261e-01 9.937546e+01 8.951407e+00
3.584375e+00 4.216208e-01 9.946838e+01 8.961280e+00
3.587500e+00 4.236252e-01 9.956187e+01 8.971165e+00
3.590625e+00 4.256396e-01 9.965592e+01 8.981064e+00
3.593750e+00 4.276640e-01 9.975054e+01 8.990976e+00
3.596875e+00 4.296983e-01 9.984573e+01 9.000902e+00
3.600000e+00 4.317427e-01 9.994149e+01 9.010841e+00
3.603125e+00 4.337973e-01 1.000378e+02 9.020794e+00
3.606250e+00 4.358621e-01 1.001348e+02 9.030761e+00
3.609375e+00 4.379372e-01 1.002323e+02 9.040741e+00
3.612500e+00 4.400226e-01 1.003304e+02 9.050735e+00
3.615625e+00 4.421184e-01 1.004291e+02 9.060743e+00
3.618750e+00 4.442246e-01 1.005284e+02 9.070764e+00
3.621875e+00 4.463414e-01 1.006283e+02 9.080800e+00
3.625000e+00 4.484688e-01 1.007288e+02 9.090849e+00
3.628125e+00 4.506068e-01 1.008299e+02 9.100913e+00
3.631250e+00 4.527556e-01 1.009316e+02 9.110990e+00
3.634375e+00 4.549152e-01 1.010340e+02 9.121081e+00
3.637500e+00 4.570856e-01 1.011369e+02 9.131187e+00
3.640625e+00 4.592670e-01 1.012405e+02 9.141307e+00
3.643750e+00 4.614594e-01 1.013447e+02 9.151441e+00
3.646875e+00 4.636629e-01 1.014496e+02 9.161590e+00
3.650000e+00 4.658775e-01 1.015551e+02 9.171753e+00
3.653125e+00 4.681033e-01 1.016612e+02 9.181931e+00
3.656250e+00 4.703405e-01 1.017679e+02 9.192123e+00
3.659375e+00 4.725890e-01 1.018754e+02 9.202331e+00
3.662500e+00 4.748489e-01 1.019834e+02 9.212552e+00
3.665625e+00 4.771204e-01 1.020922e+02 9.222789e+00
3.668750e+00 4.794035e-01 1.022016e+02 9.233041e+00
3.671875e+00 4.816982e-01 1.023116e+02 9.243307e+00
3.675000e+00 4.840046e-01 1.024224e+02 9.253588e+00
3.678125e+00 4.863229e-01 1.025338e+02 9.263885e+00
3.681250e+00 4.886531e-01 1.026458e+02 9.274196e+00
3.684375e+00 4.909952e-01 1.027586e+02 9.284523e+00
3.687500e+00 4.933494e-01 1.028721e+02 9.294865e+00
3.690625e+00 4.957157e-01 1.029862e+02 9.305222e+00
3.693750e+00 4.980943e-01 1.031010e+02 9.315594e+00
3.696875e+00 5.004851e-01 1.032166e+02 9.325982e+00
3.700000e+00 5.028883e-01 1.033328e+02 9.336385e+00
3.703125e+00 5.053040e-01 1.034498e+02 9.346804e+00
3.706250e+00 5.077321e-01 1.035675e+02 9.357238e+00
3.709375e+00 5.101730e-01 1.036859e+02 9.367689e+00
3.712500e+00 5.126265e-01 1.038050e+02 9.378154e+00
3.715625e+00 5.150928e-01 1.039248e+02 9.388636e+00
3.718750e+00 5.175719e-01 1.040454e+02 9.399134e+00
3.721875e+00 5.200641e-01 1.041668e+02 9.409647e+00
3.725000e+00 5.225693e-01 1.042888e+02 9.420176e+00
3.728125e+00 5.250876e-01 1.044116e+02 9.430722e+00
3.731250e+00 5.276191e-01 1.045352e+02 9.441283e+00
3.734375e+00 5.301640e-01 1.046595e+02 9.451861e+00
3.737500e+00 5.327222e-01 1.047846e+02 9.462455e+00
3.740625e+00 5.352940e-01 1.049105e+02 9.473065e+00
3.743750e+00 5.378793e-01 1.050371e+02 9.483692e+00
3.746875e+00 5.404783e-01 1.051645e+02 9.494335e+00
3.750000e+00 5.430911e-01 1.052927e+02 9.504994e+00
3.753125e+00 5.457177e-01 1.054217e+02 9.515671e+00
3.756250e+00 5.483583e-01 1.055515e+02 9.526363e+00
3.759375e+00 5.510129e-01 1.056821e+02 9.537073e+00
3.762500e+00 5.536817e-01 1.058134e+02 9.547799e+00
3.765625e+00 5.563648e-01 1.059456e+02 9.558542e+00
3.768750e+00 5.590622e-01 1.060786e+02 9.569302e+00
3.771875e+00 5.617740e-01 1.062125e+02 9.580079e+00
3.775000e+00 5.645004e-01 1.063471e+02 9.590873e+00
3.778125e+00 5.672414e-01 1.064826e+02 9.601685e+00
3.781250e+00 5.699972e-01 1.066189e+02 9.612513e+00
3.784375e+00 5.727678e-01 1.067561e+02 9.623359e+00
3.787500e+00 5.755534e-01 1.068941e+02 9.634221e+00
3.790625e+00 5.783540e-01 1.070330e+02 9.645102e+00
3.793750e+00 5.811698e-01 1.071727e+02 9.655999e+00
3.796875e+00 5.840008e-01 1.073133e+02 9.666915e+00
3.800000e+00 5.868472e-01 1.074548e+02 9.677848e+00
3.803125e+00 5.897092e-01 1.075971e+02 9.688798e+00
3.806250e+00 5.925867e-01 1.077404e+02 9.699766e+00
3.809375e+00 5.954799e-01 1.078845e+02 9.710752e+00
3.812500e+00 5.983889e-01 1.080295e+02 9.721756e+00
3.815625e+00 6.013138e-01 1.081754e+02 9.732777e+00
3.818750e+00 6.042548e-01 1.083223e+02 9.743817e+00
3.821875e+00 6.072119e-01 1.084700e+02 9.754874e+00
3.825000e+00 6.101853e-01 1.086187e+02 9.765950e+00
3.828125e+00 6.131751e-01 1.087682e+02 9.777044e+00
3.831250e+00 6.161814e-01 1.089188e+02 9.788156e+00
3.834375e+00 6.192043e-01 1.090702e+02 9.799286e+00
3.837500e+00 6.222439e-01 1.092226e+02 9.810435e+00
3.840625e+00 6.253004e-01 1.093760e+02 9.821603e+00
3.843750e+00 6.283738e-01 1.095303e+02 9.832789e+00
3.846875e+00 6.314644e-01 1.096856e+02 9.843993e+00
3.850000e+00 6.345722e-01 1.098418e+02 9.855216e+00
3.853125e+00 6.376973e-01 1.099991e+02 9.866458e+00
3.856250e+00 6.408399e-01 1.101573e+02 9.877719e+00
3.859375e+00 6.440001e-01 1.103165e+02 9.888998e+00
3.862500e+00 6.471781e-01 1.104767e+02 9.900296e+00
3.865625e+00 6.503738e-01 1.106379e+02 9.911614e+00
3.868750e+00 6.535876e-01 1.108001e+02 9.922950e+00
3.871875e+00 6.568195e-01 1.109634e+02 9.934305e+00
3.875000e+00 6.600696e-01 1.111277e+02 9.945680e+00
3.878125e+00 6.633381e-01 1.112930e+02 9.957074e+00
3.881250e+00 6.666252e-01 1.114593e+02 9.968487e+00
3.884375e+00 6.699309e-01 1.116267e+02 9.979920e+00
3.887500e+00 6.732553e-01 1.117951e+02 9.991372e+00
3.890625e+00 6.765988e-01 1.119647e+02 1.000284e+01
3.893750e+00 6.799612e-01 1.121352e+02 1.001433e+01
3.896875e+00 6.833429e-01 1.123069e+02 1.002585e+01
3.900000e+00 6.867440e-01 1.124796e+02 1.003738e+01
3.903125e+00 6.901645e-01 1.126535e+02 1.004893e+01
3.906250e+00 6.936047e-01 1.128284e+02 1.006050e+01
3.909375e+00 6.970647e-01 1.130045e+02 1.007209e+01
3.912500e+00 7.005446e-01 1.131816e+02 1.008370e+01
3.915625e+00 7.040447e-01 1.133599e+02 1.009533e+01
3.918750e+00 7.075649e-01 1.135393e+02 1.010698e+01
3.921875e+00 7.111056e-01 1.137199e+02 1.011865e+01
3.925000e+00 7.146668e-01 1.139016e+02 1.013034e+01
3.928125e+00 7.182487e-01 1.140844e+02 1.014205e+01
3.931250e+00 7.218514e-01 1.142685e+02 1.015378e+01
3.934375e+00 7.254752e-01 1.144536e+02 1.016554e+01
3.937500e+00 7.291201e-01 1.146400e+02 1.017731e+01
3.940625e+00 7.327864e-01 1.148276e+02 1.018910e+01
3.943750e+00 7.364741e-01 1.150163e+02 1.020092e+01
3.946875e+00 7.401835e-01 1.152063e+02 1.021275e+01
3.950000e+00 7.439147e-01 1.153975e+02 1.022461e+01
3.953125e+00 7.476680e-01 1.155899e+02 1.023648e+01
3.956250e+00 7.514434e-01 1.157835e+02 1.024838e+01
3.959375e+00 7.552411e-01 1.159784e+02 1.026030e+01
3.962500e+00 7.590613e-01 1.161745e+02 1.027224e+01
3.965625e+00 7.629042e-01 1.163719e+02 1.028420e+01
3.968750e+00 7.667699e-01 1.165705e+02 1.029618e+01
3.971875e+00 7.706587e-01 1.167704e+02 1.030818e+01
3.975000e+00 7.745707e-01 1.169716e+02 1.032021e+01
3.978125e+00 7.785061e-01 1.171741e+02 1.033225e+01
3.981250e+00 7.824650e-01 1.173779e+02 1.034432e+01
3.984375e+00 7.864477e-01 1.175831e+02 1.035641e+01
3.987500e+00 7.904543e-01 1.177895e+02 1.036852e+01
3.990625e+00 7.944850e-01 1.179973e+02 1.038065e+01
3.993750e+00 7.985401e-01 1.182064e+02 1.039281e+01
3.996875e+00 8.026196e-01 1.184168e+02 1.040498e+01
4.000000e+00 8.067239e-01 1.186287e+02 1.041718e+01
4.003125e+00 8.108530e-01 1.188419e+02 1.042940e+01
4.006250e+00 8.150072e-01 1.190564e+02 1.044164e+01
4.009375e+00 8.191867e-01 1.192724e+02 1.045390e+01
4.012500e+00 8.233917e-01 1.194898e+02 1.046619e+01
4.015625e+00 8.276224e-01 1.197086e+02 1.047850e+01
4.018750e+00 8.318789e-01 1.199288e+02 1.049083e+01
4.021875e+00 8.361616e-01 1.201504e+02 1.050318e+01
4.025000e+00 8.404705e-01 1.203735e+02 1.051555e+01
4.028125e+00 8.448059e-01 1.205980e+02 1.052795e+01
4.031250e+00 8.491681e-01 1.208240e+02 1.054037e+01
4.034375e+00 8.535572e-01 1.210514e+02 1.055281e+01
4.037500e+00 8.579735e-01 1.212804e+02 1.056528e+01
4.040625e+00 8.624171e-01 1.215108e+02 1.057777e+01
4.043750e+00 8.668883e-01 1.217428e+02 1.059028e+01
4.046875e+00 8.713873e-01 1.219762e+02 1.060281e+01
4.050000e+00 8.759144e-01 1.222112e+02 1.061537e+01
4.053125e+00 8.804697e-01 1.224478e+02 1.062795e+01
4.056250e+00 8.850535e-01 1.226859e+02 1.064055e+01
4.059375e+00 8.896661e-01 1.229255e+02 1.065317e+01
4.062500e+00 8.943076e-01 1.231668e+02 1.066582e+01
4.065625e+00 8.989783e-01 1.234096e+02 1.067849e+01
4.068750e+00 9.036784e-01 1.236540e+02 1.069119e+01
4.071875e+00 9.084082e-01 1.239000e+02 1.070391e+01
4.075000e+00 9.131679e-01 1.241477e+02 1.071665e+01
4.078125e+00 9.179578e-01 1.243969e+02 1.072941e+01
4.081250e+00 9.227781e-01 1.246479e+02 1.074220e+01
4.084375e+00 9.276290e-01 1.249004e+02 1.075501e+01
4.087500e+00 9.325108e-01 1.251547e+02 1.076785e+01
4.090625e+00 9.374238e-01 1.254106e+02 1.078071e+01
4.093750e+00 9.423683e-01 1.256683e+02 1.079359e+01
4.096875e+00 9.473444e-01 1.259276e+02 1.080650e+01
4.100000e+00 9.523524e-01 1.261887e+02 1.081943e+01
4.103125e+00 9.573927e-01 1.264515e+02 1.083238e+01
4.106250e+00 9.624654e-01 1.267160e+02 1.084536e+01
4.109375e+00 9.675709e-01 1.269823e+02 1.085837e+01
4.112500e+00 9.727095e-01 1.272504e+02 1.087139e+01
4.115625e+00 9.778813e-01 1.275203e+02 1.088444e+01
4.118750e+00 9.830867e-01 1.277920e+02 1.089752e+01
4.121875e+00 9.883259e-01 1.280655e+02 1.091062e+01
4.125000e+00 9.935993e-01 1.283408e+02 1.092374e+01
4.128125e+00 9.989072e-01 1.286179e+02 1.093689e+01
4.131250e+00 1.004250e+00 1.288969e+02 1.095006e+01
4.134375e+00 1.009627e+00 1.291778e+02 1.096326e+01
4.137500e+00 1.015040e+00 1.294606e+02 1.097648e+01
4.140625e+00 1.020489e+00 1.297453e+02 1.098973e+01
4.143750e+00 1.025973e+00 1.300318e+02 1.100300e+01
4.146875e+00 1.031494e+00 1.303204e+02 1.101629e+01
4.150000e+00 1.037051e+00 1.306108e+02 1.102961e+01
4.153125e+00 1.042645e+00 1.309032e+02 1.104296e+01
4.156250e+00 1.048276e+00 1.311976e+02 1.105633e+01
4.159375e+00 1.053945e+00 1.314940e+02 1.106972e+01
4.162500e+00 1.059651e+00 1.317924e+02 1.108314e+01
4.165625e+00 1.065396e+00 1.320927e+02 1.109659e+01
4.168750e+00 1.071179e+00 1.323952e+02 1.111006e+01
4.171875e+00 1.077001e+00 1.326997e+02 1.112355e+01
4.175000e+00 1.082861e+00 1.330062e+02 1.113707e+01
4.178125e+00 1.088762e+00 1.333148e+02 1.115061e+01
4.181250e+00 1.094702e+00 1.336255e+02 1.116419e+01
4.184375e+00 1.100682e+00 1.339384e+02 1.117778e+01
4.187500e+00 1.106703e+00 1.342534e+02 1.119140e+01
4.190625e+00 1.112765e+00 1.345705e+02 1.120505e+01
4.193750e+00 1.118867e+00 1.348898e+02 1.121872e+01
4.196875e+00 1.125012e+00 1.352112e+02 1.123242e+01
4.200000e+00 1.131198e+00 1.355349e+02 1.124614e+01
4.203125e+00 1.137427e+00 1.358608e+02 1.125989e+01
4.206250e+00 1.143698e+00 1.361889e+02 1.127366e+01
4.209375e+00 1.150012e+00 1.365192e+02 1.128746e+01
4.212500e+00 1.156370e+00 1.368519e+02 1.130129e+01
4.215625e+00 1.162771e+00 1.371868e+02 1.131514e+01
4.218750e+00 1.169217e+00 1.375240e+02 1.132902e+01
4.221875e+00 1.175707e+00 1.378635e+02 1.134292e+01
4.225000e+00 1.182243e+00 1.382054e+02 1.135685e+01
4.228125e+00 1.188823e+00 1.385496e+02 1.137080e+01
4.231250e+00 1.195450e+00 1.388962e+02 1.138478e+01
4.234375e+00 1.202122e+00 1.392452e+02 1.139879e+01
4.237500e+00 1.208841e+00 1.395967e+02 1.141282e+01
4.240625e+00 1.215608e+00 1.399505e+02 1.142688e+01
4.243750e+00 1.222421e+00 1.403068e+02 1.144097e+01
4.246875e+00 1.229283e+00 1.406656e+02 1.145508e+01
4.250000e+00 1.236192e+00 1.410269e+02 1.146922e+01
4.253125e+00 1.243151e+00 1.413907e+02 1.148338e+01
4.256250e+00 1.250158e+00 1.417570e+02 1.149757e+01
4.259375e+00 1.257216e+00 1.421259e+02 1.151179e+01
4.262500e+00 1.264323e+00 1.424973e+02 1.152603e+01
4.265625e+00 1.271481e+00 1.428713e+02 1.154030e+01
4.268750e+00 1.278689e+00 1.432480e+02 1.155460e+01
4.271875e+00 1.285950e+00 1.436273e+02 1.156892e+01
4.275000e+00 1.293262e+00 1.440092e+02 1.158327e+01
4.278125e+00 1.300626e+00 1.443938e+02 1.159764e+01
4.281250e+00 1.308043e+00 1.447812e+02 1.161204e+01
4.284375e+00 1.315514e+00 1.451712e+02 1.162647e+01
4.287500e+00 1.323038e+00 1.455640e+02 1.164093e+01
4.290625e+00 1.330617e+00 1.459595e+02 1.165541e+01
4.293750e+00 1.338251e+00 1.463579e+02 1.166992e+01
4.296875e+00 1.345939e+00 1.467590e+02 1.168445e+01
4.300000e+00 1.353684e+00 1.471630e+02 1.169901e+01
4.303125e+00 1.361485e+00 1.475699e+02 1.171360e+01
4.306250e+00 1.369343e+00 1.479796e+02 1.172822e+01
4.309375e+00 1.377258e+00 1.483922e+02 1.174286e+01
4.312500e+00 1.385231e+00 1.488077e+02 1.175753e+01
4.315625e+00 1.393263e+00 1.492262e+02 1.177222e+01
4.318750e+00 1.401354e+00 1.496477e+02 1.178695e+01
4.321875e+00 1.409504e+00 1.500722e+02 1.180170e+01
4.325000e+00 1.417714e+00 1.504997e+02 1.181647e+01
4.328125e+00 1.425985e+00 1.509302e+02 1.183128e+01
4.331250e+00 1.434317e+00 1.513639e+02 1.184611e+01
4.334375e+00 1.442711e+00 1.518006e+02 1.186096e+01
4.337500e+00 1.451167e+00 1.522404e+02 1.187585e+01
4.340625e+00 1.459686e+00 1.526834e+02 1.189076e+01
4.343750e+00 1.468269e+00 1.531296e+02 1.190570e+01
4.346875e+00 1.476916e+00 1.535790e+02 1.192067e+01
4.350000e+00 1.485628e+00 1.540316e+02 1.193566e+01
4.353125e+00 1.494405e+00 1.544874e+02 1.195068e+01
4.356250e+00 1.503248e+00 1.549466e+02 1.196573e+01
4.359375e+00 1.512158e+00 1.554090e+02 1.198080e+01
4.362500e+00 1.521135e+00 1.558748e+02 1.199590e+01
4.365625e+00 1.530180e+00 1.563440e+02 1.201103e+01
4.368750e+00 1.539294e+00 1.568165e+02 1.202619e+01
4.371875e+00 1.548476e+00 1.572925e+02 1.204137e+01
4.375000e+00 1.557729e+00 1.577719e+02 1.205658e+01
4.378125e+00 1.567052e+00 1.582548e+02 1.207182e+01
4.381250e+00 1.576446e+00 1.587413e+02 1.208709e+01
4.384375e+00 1.585913e+00 1.592312e+02 1.210238e+01
4.387500e+00 1.595452e+00 1.597247e+02 1.211770e+01
4.390625e+00 1.605064e+00 1.602219e+02 1.213305e+01
4.393750e+00 1.614750e+00 1.607226e+02 1.214842e+01
4.396875e+00 1.624511e+00 1.612270e+02 1.216382e+01
4.400000e+00 1.634347e+00 1.617351e+02 1.217925e+01
4.403125e+00 1.644259e+00 1.622470e+02 1.219471e+01
4.406250e+00 1.654249e+00 1.627625e+02 1.221019e+01
4.409375e+00 1.664316e+00 1.632819e+02 1.222570e+01
4.412500e+00 1.674461e+00 1.638051e+02 1.224124e+01
4.415625e+00 1.684686e+00 1.643321e+02 1.225681e+01
4.418750e+00 1.694991e+00 1.648631e+02 1.227240e+01
4.421875e+00 1.705376e+00 1.653979e+02 1.228802e+01
4.425000e+00 1.715843e+00 1.659367e+02 1.230367e+01
4.428125e+00 1.726392e+00 1.664794e+02 1.231934e+01
4.431250e+00 1.737025e+00 1.670262e+02 1.233505e+01
4.434375e+00 1.747741e+00 1.675771e+02 1.235078e+01
4.437500e+00 1.758542e+00 1.681320e+02 1.236653e+01
4.440625e+00 1.769429e+00 1.686910e+02 1.238232e+01
4.443750e+00 1.780402e+00 1.692543e+02 1.239813e+01
4.446875e+00 1.791463e+00 1.698217e+02 1.241397e+01
4.450000e+00 1.802612e+00 1.703933e+02 1.242984e+01
4.453125e+00 1.813850e+00 1.709692e+02 1.244573e+01
4.456250e+00 1.825178e+00 1.715494e+02 1.246165e+01
4.459375e+00 1.836597e+00 1.721340e+02 1.247760e+01
4.462500e+00 1.848107e+00 1.727229e+02 1.249358e+01
4.465625e+00 1.859711e+00 1.733162e+02 1.250958e+01
4.468750e+00 1.871408e+00 1.739140e+02 1.252561e+01
4.471875e+00 1.883199e+00 1.745163e+02 1.254167e+01
4.475000e+00 1.895086e+00 1.751232e+02 1.255775e+01
4.478125e+00 1.907070e+00 1.757346e+02 1.257386e+01
4.481250e+00 1.919151e+00 1.763506e+02 1.259000e+01
4.484375e+00 1.931331e+00 1.769713e+02 1.260617e+01
4.487500e+00 1.943610e+00 1.775966e+02 1.262236e+01
4.490625e+00 1.955989e+00 1.782267e+02 1.263858e+01
4.493750e+00 1.968470e+00 1.788616e+02 1.265483e+01
4.496875e+00 1.981054e+00 1.795013e+02 1.267111e+01
4.500000e+00 1.993741e+00 1.801459e+02 1.268741e+01
4.503125e+00 2.006533e+00 1.807954e+02 1.270374e+01
4.506250e+00 2.019430e+00 1.814498e+02 1.272009e+01
4.509375e+00 2.032434e+00 1.821093e+02 1.273648e+01
4.512500e+00 2.045546e+00 1.827737e+02 1.275289e+01
4.515625e+00 2.058767e+00 1.834433e+02 1.276932e+01
4.518750e+00 2.072099e+00 1.841180e+02 1.278579e+01
4.521875e+00 2.085541e+00 1.847978e+02 1.280228e+01
4.525000e+00 2.099096e+00 1.854829e+02 1.281880e+01
4.528125e+00 2.112765e+00 1.861733e+02 1.283534e+01
4.531250e+00 2.126548e+00 1.868689e+02 1.285192e+01
4.534375e+00 2.140447e+00 1.875700e+02 1.286851e+01
4.537500e+00 2.154463e+00 1.882764e+02 1.288514e+01
4.540625e+00 2.168598e+00 1.889883e+02 1.290179e+01
4.543750e+00 2.182852e+00 1.897057e+02 1.291847e+01
4.546875e+00 2.197227e+00 1.904287e+02 1.293518e+01
4.550000e+00 2.211725e+00 1.911573e+02 1.295191e+01
4.553125e+00 2.226345e+00 1.918915e+02 1.296867e+01
4.556250e+00 2.241091e+00 1.926315e+02 1.298546e+01
4.559375e+00 2.255962e+00 1.933772e+02 1.300227e+01
4.562500e+00 2.270961e+00 1.941287e+02 1.301911e+01
4.565625e+00 2.286088e+00 1.948861e+02 1.303597e+01
4.568750e+00 2.301345e+00 1.956495e+02 1.305286e+01
4.571875e+00 2.316734e+00 1.964188e+02 1.306978e+01
4.575000e+00 2.332256e+00 1.971941e+02 1.308673e+01
4.578125e+00 2.347911e+00 1.979756e+02 1.310370e+01
4.581250e+00 2.363703e+00 1.987632e+02 1.312070e+01
4.584375e+00 2.379631e+00 1.995569e+02 1.313772e+01
4.587500e+00 2.395699e+00 2.003570e+02 1.315477e+01
4.590625e+00 2.411906e+00 2.011633e+02 1.317185e+01
4.593750e+00 2.428254e+00 2.019761e+02 1.318895e+01
4.596875e+00 2.444746e+00 2.027952e+02 1.320608e+01
4.600000e+00 2.461383e+00 2.036209e+02 1.322323e+01
4.603125e+00 2.478165e+00 2.044531e+02 1.324041e+01
4.606250e+00 2.495095e+00 2.052919e+02 1.325762e+01
4.609375e+00 2.512175e+00 2.061374e+02 1.327485e+01
4.612500e+00 2.529405e+00 2.069897e+02 1.329211e+01
4.615625e+00 2.546788e+00 2.078487e+02 1.330939e+01
4.618750e+00 2.564326e+00 2.087146e+02 1.332670e+01
4.621875e+00 2.582019e+00 2.095875e+02 1.334404e+01
4.625000e+00 2.599870e+00 2.104673e+02 1.336140e+01
4.628125e+00 2.617880e+00 2.113542e+02 1.337879e+01
4.631250e+00 2.636051e+00 2.122483e+02 1.339620e+01
4.634375e+00 2.654386e+00 2.131495e+02 1.341364e+01
4.637500e+00 2.672884e+00 2.140580e+02 1.343110e+01
4.640625e+00 2.691550e+00 2.149738e+02 1.344859e+01
4.643750e+00 2.710383e+00 2.158970e+02 1.346610e+01
4.646875e+00 2.729386e+00 2.168277e+02 1.348364e+01
4.650000e+00 2.748562e+00 2.177659e+02 1.350121e+01
4.653125e+00 2.767911e+00 2.187118e+02 1.351880e+01
4.656250e+00 2.787437e+00 2.196653e+02 1.353641e+01
4.659375e+00 2.807140e+00 2.206267e+02 1.355405e+01
4.662500e+00 2.827023e+00 2.215958e+02 1.357172e+01
4.665625e+00 2.847087e+00 2.225728e+02 1.358941e+01
4.668750e+00 2.867335e+00 2.235579e+02 1.360712e+01
4.671875e+00 2.887770e+00 2.245510e+02 1.362486e+01
4.675000e+00 2.908392e+00 2.255522e+02 1.364263e+01
4.678125e+00 2.929204e+00 2.265617e+02 1.366041e+01
4.681250e+00 2.950208e+00 2.275795e+02 1.367823e+01
4.684375e+00 2.971407e+00 2.286056e+02 1.369607e+01
4.687500e+00 2.992802e+00 2.296402e+02 1.371393e+01
4.690625e+00 3.014395e+00 2.306834e+02 1.373181e+01
4.693750e+00 3.036190e+00 2.317352e+02 1.374973e+01
4.696875e+00 3.058188e+00 2.327957e+02 1.376766e+01
4.700000e+00 3.080392e+00 2.338650e+02 1.378562e+01
4.703125e+00 3.102803e+00 2.349431e+02 1.380360e+01
4.706250e+00 3.125425e+00 2.360303e+02 1.382161e+01
4.709375e+00 3.148259e+00 2.371265e+02 1.383964e+01
4.712500e+00 3.171309e+00 2.382318e+02 1.385770e+01
4.715625e+00 3.194576e+00 2.393464e+02 1.387578e+01
4.718750e+00 3.218063e+00 2.404704e+02 1.389388e+01
4.721875e+00 3.241772e+00 2.416037e+02 1.391201e+01
4.725000e+00 3.265707e+00 2.427466e+02 1.393016e+01
4.728125e+00 3.289870e+00 2.438990e+02 1.394833e+01
4.731250e+00 3.314262e+00 2.450612e+02 1.396653e+01
4.734375e+00 3.338888e+00 2.462332e+02 1.398475e+01
4.737500e+00 3.363750e+00 2.474151e+02 1.400299e+01
4.740625e+00 3.388850e+00 2.486070e+02 1.402126e+01
4.743750e+00 3.414191e+00 2.498089e+02 1.403955e+01
4.746875e+00 3.439776e+00 2.510211e+02 1.405786e+01
4.750000e+00 3.465608e+00 2.522436e+02 1.407620e+01
4.753125e+00 3.491690e+00 2.534765e+02 1.409456e+01
4.756250e+00 3.518025e+00 2.547199e+02 1.411294e+01
4.759375e+00 3.544615e+00 2.559739e+02 1.413135e+01
4.762500e+00 3.571464e+00 2.572386e+02 1.414977e+01
4.765625e+00 3.598575e+00 2.585142e+02 1.416822e+01
4.768750e+00 3.625951e+00 2.598009e+02 1.418670e+01
4.771875e+00 3.653593e+00 2.610983e+02 1.420519e+01
4.775000e+00 3.681500e+00 2.624060e+02 1.422368e+01
4.778125e+00 3.709693e+00 2.637266e+02 1.424223e+01
4.781250e+00 3.738219e+00 2.650651e+02 1.426097e+01
4.784375e+00 3.766971e+00 2.664085e+02 1.427957e+01
4.787500e+00 3.795594e+00 2.677151e+02 1.429700e+01
4.790625e+00 3.824648e+00 2.690506e+02 1.431489e+01
4.793750e+00 3.856903e+00 2.707375e+02 1.434096e+01
4.796875e+00 3.890136e+00 2.725084e+02 1.436835e+01
4.800000e+00 3.907214e+00 2.728051e+02 1.436224e+01
4.803125e+00 3.895479e+00 2.699107e+02 1.427642e+01
4.806250e+00 3.666648e+00 2.398483e+02 1.351378e+01
4.809375e+00 2.372828e+00 1.064297e+02 8.904229e+00
4.812500e+00 1.138195e+00 3.809220e+00 8.489559e-01
4.815625e+00 1.000000e+00 1.000000e-05 2.178585e-19
4.818750e+00 1.000000e+00 1.000000e-05 0.000000e+00
4.821875e+00 1.000000e+00 1.000000e-05 0.000000e+00
4.825000e+00 1.000000e+00 1.000000e-05 0.000000e+00
4.828125e+00 1.000000e+00 1.000000e-05 0.000000e+00
4.831250e+00 1.000000e+00 1.000000e-05 0.000000e+00
4.834375e+00 1.000000e+00 1.000000e-05 0.000000e+00
4.837500e+00 1.000000e+00 1.000000e-05 0.000000e+00
4.840625e+00 1.000000e+00 1.000000e-05 0.000000e+00
4.843750e+00 1.000000e+00 1.000000e-05 0.000000e+00
4.846875e+00 1.000000e+00 1.000000e-05 0.000000e+00
4.850000e+00 1.000000e+00 1.000000e-05 0.000000e+00
4.853125e+00 1.000000e+00 1.000000e-05 0.000000e+00
4.856250e+00 1.000000e+00 1.000000e-05 0.000000e+00
4.859375e+00 1.000000e+00 1.000000e-05 0.000000e+00
4.862500e+00 1.000000e+00 1.000000e-05 0.000000e+00
4.865625e+00 1.000000e+00 1.000000e-05 0.000000e+00
4.868750e+00 1.000000e+00 1.000000e-05 0.000000e+00
4.871875e+00 1.000000e+00 1.000000e-05 0.000000e+00
4.875000e+00 1.000000e+00 1.000000e-05 0.000000e+00
4.878125e+00 1.000000e+00 1.000000e-05 0.000000e+00
4.881250e+00 1.000000e+00 1.000000e-05 0.000000e+00
4.884375e+00 1.000000e+00 1.000000e-05 0.000000e+00
4.887500e+00 1.000000e+00 1.000000e-05 0.000000e+00
4.890625e+00 1.000000e+00 1.000000e-05 0.000000e+00
4.893750e+00 1.000000e+00 1.000000e-05 0.000000e+00
4.896875e+00 1.000000e+00 1.000000e-05 0.000000e+00
4.900000e+00 1.000000e+00 1.000000e-05 0.000000e+00
4.903125e+00 1.000000e+00 1.000000e-05 0.000000e+00
4.906250e+00 1.000000e+00 1.000000e-05 0.000000e+00
4.909375e+00 1.000000e+00 1.000000e-05 0.000000e+00
4.912500e+00 1.000000e+00 1.000000e-05 0.000000e+00
4.915625e+00 1.000000e+00 1.000000e-05 0.000000e+00
4.918750e+00 1.000000e+00 1.000000e-05 0.000000e+00
4.921875e+00 1.000000e+00 1.000000e-05 0.000000e+00
4.925000e+00 1.000000e+00 1.000000e-05 0.000000e+00
4.928125e+00 1.000000e+00 1.000000e-05 0.000000e+00
4.931250e+00 1.000000e+00 1.000000e-05 0.000000e+00
4.934375e+00 1.000000e+00 1.000000e-05 0.000000e+00
4.937500e+00 1.000000e+00 1.000000e-05 0.000000e+00
4.940625e+00 1.000000e+00 1.000000e-05 0.000000e+00
4.943750e+00 1.000000e+00 1.000000e-05 0.000000e+00
4.946875e+00 1.000000e+00 1.000000e-05 0.000000e+00
4.950000e+00 1.000000e+00 1.000000e-05 0.000000e+00
4.953125e+00 1.000000e+00 1.000000e-05 0.000000e+00
4.956250e+00 1.000000e+00 1.000000e-05 0.000000e+00
4.959375e+00 1.000000e+00 1.000000e-05 0.000000e+00
4.962500e+00 1.000000e+00 1.000000e-05 0.000000e+00
4.965625e+00 1.000000e+00 1.000000e-05 0.000000e+00
4.968750e+00 1.000000e+00 1.000000e-05 0.000000e+00
4.971875e+00 1.000000e+00 1.000000e-05 0.000000e+00
4.975000e+00 1.000000e+00 1.000000e-05 0.000000e+00
4.978125e+00 1.000000e+00 1.000000e-05 0.000000e+00
4.981250e+00 1.000000e+00 1.000000e-05 0.000000e+00
4.984375e+00 1.000000e+00 1.000000e-05 0.000000e+00
4.987500e+00 1.000000e+00 1.000000e-05 0.000000e+00
4.990625e+00 1.000000e+00 1.000000e-05 0.000000e+00
4.993750e+00 1.000000e+00 1.000000e-05 0.000000e+00
4.996875e+00 1.000000e+00 1.000000e-05 0.000000e+00
