3.125000E-03  6.322276E-15  2.003618E+16  8.444949E+01 
9.375000E-03  8.869908E-13  1.428135E+14  8.444949E+01 
1.562500E-02  8.835650E-12  1.433672E+13  8.444949E+01 
2.187500E-02  4.016194E-11  3.154087E+12  8.444949E+01 
2.812500E-02  1.244414E-10  1.017943E+12  8.444949E+01 
3.437500E-02  3.070015E-10  4.126176E+11  8.444949E+01 
4.062500E-02  6.510563E-10  1.945673E+11  8.444949E+01 
4.687500E-02  1.239607E-09  1.021890E+11  8.444949E+01 
5.312500E-02  2.177176E-09  5.818281E+10  8.444949E+01 
5.937500E-02  3.591407E-09  3.527148E+10  8.444949E+01 
6.562500E-02  5.634564E-09  2.248164E+10  8.444949E+01 
7.187500E-02  8.484939E-09  1.492930E+10  8.444949E+01 
7.812500E-02  1.234820E-08  1.025852E+10  8.444949E+01 
8.437500E-02  1.745864E-08  7.255676E+09  8.444949E+01 
9.062500E-02  2.408044E-08  5.260461E+09  8.444949E+01 
9.687500E-02  3.250881E-08  3.896612E+09  8.444949E+01 
1.031250E-01  4.307112E-08  2.941048E+09  8.444949E+01 
1.093750E-01  5.612801E-08  2.256881E+09  8.444949E+01 
1.156250E-01  7.207443E-08  1.757548E+09  8.444949E+01 
1.218750E-01  9.134067E-08  1.386833E+09  8.444949E+01 
1.281250E-01  1.143934E-07  1.107357E+09  8.444949E+01 
1.343750E-01  1.417364E-07  8.937309E+08  8.444949E+01 
1.406250E-01  1.739121E-07  7.283808E+08  8.444949E+01 
1.468750E-01  2.115017E-07  5.989278E+08  8.444949E+01 
1.531250E-01  2.551267E-07  4.965151E+08  8.444949E+01 
1.593750E-01  3.054494E-07  4.147143E+08  8.444949E+01 
1.656250E-01  3.631741E-07  3.487975E+08  8.444949E+01 
1.718750E-01  4.290477E-07  2.952451E+08  8.444949E+01 
1.781250E-01  5.038605E-07  2.514074E+08  8.444949E+01 
1.843750E-01  5.884472E-07  2.152686E+08  8.444949E+01 
1.906250E-01  6.836876E-07  1.852809E+08  8.444949E+01 
1.968750E-01  7.905074E-07  1.602442E+08  8.444949E+01 
2.031250E-01  9.098789E-07  1.392210E+08  8.444949E+01 
2.093750E-01  1.042822E-06  1.214726E+08  8.444949E+01 
2.156250E-01  1.190404E-06  1.064128E+08  8.444949E+01 
2.218750E-01  1.353742E-06  9.357337E+07  8.444949E+01 
2.281250E-01  1.534003E-06  8.257754E+07  8.444949E+01 
2.343750E-01  1.732404E-06  7.312050E+07  8.444949E+01 
2.406250E-01  1.950212E-06  6.495410E+07  8.444949E+01 
2.468750E-01  2.188746E-06  5.787526E+07  8.444949E+01 
2.531250E-01  2.449379E-06  5.171687E+07  8.444949E+01 
2.593750E-01  2.733537E-06  4.634079E+07  8.444949E+01 
2.656250E-01  3.042697E-06  4.163223E+07  8.444949E+01 
2.718750E-01  3.378393E-06  3.749542E+07  8.444949E+01 
2.781250E-01  3.742213E-06  3.385009E+07  8.444949E+01 
2.843750E-01  4.135802E-06  3.062870E+07  8.444949E+01 
2.906250E-01  4.560860E-06  2.777420E+07  8.444949E+01 
2.968750E-01  5.019145E-06  2.523821E+07  8.444949E+01 
3.031250E-01  5.512471E-06  2.297958E+07  8.444949E+01 
3.093750E-01  6.042711E-06  2.096315E+07  8.444949E+01 
3.156250E-01  6.611799E-06  1.915882E+07  8.444949E+01 
3.218750E-01  7.221726E-06  1.754072E+07  8.444949E+01 
3.281250E-01  7.874542E-06  1.608655E+07  8.444950E+01 
3.343750E-01  8.572362E-06  1.477705E+07  8.444950E+01 
3.406250E-01  9.317357E-06  1.359551E+07  8.444950E+01 
3.468750E-01  1.011176E-05  1.252741E+07  8.444950E+01 
3.531250E-01  1.095788E-05  1.156011E+07  8.444950E+01 
3.593750E-01  1.185806E-05  1.068254E+07  8.444950E+01 
3.656250E-01  1.281474E-05  9.885041E+06  8.444950E+01 
3.718750E-01  1.383040E-05  9.159115E+06  8.444950E+01 
3.781250E-01  1.490760E-05  8.497294E+06  8.444950E+01 
3.843750E-01  1.604895E-05  7.892995E+06  8.444950E+01 
3.906250E-01  1.725713E-05  7.340401E+06  8.444950E+01 
3.968750E-01  1.853490E-05  6.834364E+06  8.444950E+01 
4.031250E-01  1.988507E-05  6.370318E+06  8.444950E+01 
4.093750E-01  2.131053E-05  5.944208E+06  8.444950E+01 
4.156250E-01  2.281423E-05  5.552422E+06  8.444950E+01 
4.218750E-01  2.439919E-05  5.191739E+06  8.444950E+01 
4.281250E-01  2.606850E-05  4.859284E+06  8.444951E+01 
4.343750E-01  2.782532E-05  4.552482E+06  8.444951E+01 
4.406250E-01  2.967287E-05  4.269026E+06  8.444951E+01 
4.468750E-01  3.161446E-05  4.006846E+06  8.444951E+01 
4.531250E-01  3.365345E-05  3.764080E+06  8.444951E+01 
4.593750E-01  3.579329E-05  3.539051E+06  8.444951E+01 
4.656250E-01  3.803748E-05  3.330248E+06  8.444952E+01 
4.718750E-01  4.038963E-05  3.136307E+06  8.444952E+01 
4.781250E-01  4.285338E-05  2.955993E+06  8.444952E+01 
4.843750E-01  4.543246E-05  2.788189E+06  8.444952E+01 
4.906250E-01  4.813069E-05  2.631882E+06  8.444953E+01 
4.968750E-01  5.095194E-05  2.486153E+06  8.444953E+01 
5.031250E-01  5.390016E-05  2.350165E+06  8.444953E+01 
5.093750E-01  5.697940E-05  2.223160E+06  8.444953E+01 
5.156250E-01  6.019375E-05  2.104443E+06  8.444954E+01 
5.218750E-01  6.354740E-05  1.993383E+06  8.444954E+01 
5.281250E-01  6.704461E-05  1.889403E+06  8.444955E+01 
5.343750E-01  7.068971E-05  1.791977E+06  8.444955E+01 
5.406250E-01  7.448713E-05  1.700620E+06  8.444955E+01 
5.468750E-01  7.844134E-05  1.614893E+06  8.444956E+01 
5.531250E-01  8.255692E-05  1.534388E+06  8.444956E+01 
5.593750E-01  8.683853E-05  1.458734E+06  8.444957E+01 
5.656250E-01  9.129089E-05  1.387590E+06  8.444957E+01 
5.718750E-01  9.591881E-05  1.320642E+06  8.444958E+01 
5.781250E-01  1.007272E-04  1.257599E+06  8.444959E+01 
5.843750E-01  1.057210E-04  1.198195E+06  8.444959E+01 
5.906250E-01  1.109052E-04  1.142186E+06  8.444960E+01 
5.968750E-01  1.162851E-04  1.089343E+06  8.444961E+01 
6.031250E-01  1.218658E-04  1.039458E+06  8.444962E+01 
6.093750E-01  1.276526E-04  9.923369E+05  8.444963E+01 
6.156250E-01  1.336510E-04  9.478004E+05  8.444963E+01 
6.218750E-01  1.398663E-04  9.056827E+05  8.444964E+01 
6.281250E-01  1.463041E-04  8.658301E+05  8.444965E+01 
6.343750E-01  1.529701E-04  8.281000E+05  8.444967E+01 
6.406250E-01  1.598699E-04  7.923600E+05  8.444968E+01 
6.468750E-01  1.670094E-04  7.584874E+05  8.444969E+01 
6.531250E-01  1.743945E-04  7.263679E+05  8.444970E+01 
6.593750E-01  1.820311E-04  6.958953E+05  8.444971E+01 
6.656250E-01  1.899253E-04  6.669707E+05  8.444973E+01 
6.718750E-01  1.980832E-04  6.395020E+05  8.444974E+01 
6.781250E-01  2.065111E-04  6.134034E+05  8.444976E+01 
6.843750E-01  2.152154E-04  5.885949E+05  8.444978E+01 
6.906250E-01  2.242023E-04  5.650017E+05  8.444979E+01 
6.968750E-01  2.334785E-04  5.425542E+05  8.444981E+01 
7.031250E-01  2.430504E-04  5.211871E+05  8.444983E+01 
7.093750E-01  2.529248E-04  5.008396E+05  8.444985E+01 
7.156250E-01  2.631085E-04  4.814546E+05  8.444987E+01 
7.218750E-01  2.736083E-04  4.629789E+05  8.444989E+01 
7.281250E-01  2.844311E-04  4.453623E+05  8.444992E+01 
7.343750E-01  2.955840E-04  4.285581E+05  8.444994E+01 
7.406250E-01  3.070741E-04  4.125224E+05  8.444997E+01 
7.468750E-01  3.189086E-04  3.972140E+05  8.444999E+01 
7.531250E-01  3.310950E-04  3.825943E+05  8.445002E+01 
7.593750E-01  3.436404E-04  3.686268E+05  8.445005E+01 
7.656250E-01  3.565525E-04  3.552776E+05  8.445008E+01 
7.718750E-01  3.698389E-04  3.425145E+05  8.445011E+01 
7.781250E-01  3.835072E-04  3.303073E+05  8.445014E+01 
7.843750E-01  3.975652E-04  3.186277E+05  8.445018E+01 
7.906250E-01  4.120208E-04  3.074489E+05  8.445022E+01 
7.968750E-01  4.268819E-04  2.967457E+05  8.445025E+01 
8.031250E-01  4.421567E-04  2.864945E+05  8.445029E+01 
8.093750E-01  4.578532E-04  2.766728E+05  8.445033E+01 
8.156250E-01  4.739797E-04  2.672595E+05  8.445038E+01 
8.218750E-01  4.905447E-04  2.582346E+05  8.445042E+01 
8.281250E-01  5.075564E-04  2.495795E+05  8.445047E+01 
8.343750E-01  5.250236E-04  2.412764E+05  8.445052E+01 
8.406250E-01  5.429547E-04  2.333083E+05  8.445057E+01 
8.468750E-01  5.613587E-04  2.256595E+05  8.445062E+01 
8.531250E-01  5.802442E-04  2.183150E+05  8.445068E+01 
8.593750E-01  5.996202E-04  2.112606E+05  8.445074E+01 
8.656250E-01  6.194958E-04  2.044827E+05  8.445080E+01 
8.718750E-01  6.398801E-04  1.979688E+05  8.445086E+01 
8.781250E-01  6.607823E-04  1.917067E+05  8.445092E+01 
8.843750E-01  6.822118E-04  1.856850E+05  8.445099E+01 
8.906250E-01  7.041780E-04  1.798928E+05  8.445106E+01 
8.968750E-01  7.266905E-04  1.743200E+05  8.445113E+01 
9.031250E-01  7.497588E-04  1.689568E+05  8.445121E+01 
9.093750E-01  7.733927E-04  1.637938E+05  8.445129E+01 
9.156250E-01  7.976021E-04  1.588224E+05  8.445137E+01 
9.218750E-01  8.223969E-04  1.540341E+05  8.445145E+01 
9.281250E-01  8.477871E-04  1.494211E+05  8.445154E+01 
9.343750E-01  8.737829E-04  1.449759E+05  8.445163E+01 
9.406250E-01  9.003946E-04  1.406912E+05  8.445173E+01 
9.468750E-01  9.276324E-04  1.365603E+05  8.445183E+01 
9.531250E-01  9.555069E-04  1.325766E+05  8.445193E+01 
9.593750E-01  9.840286E-04  1.287341E+05  8.445203E+01 
9.656250E-01  1.013208E-03  1.250268E+05  8.445214E+01 
9.718750E-01  1.043056E-03  1.214492E+05  8.445226E+01 
9.781250E-01  1.073584E-03  1.179959E+05  8.445238E+01 
9.843750E-01  1.104802E-03  1.146619E+05  8.445250E+01 
9.906250E-01  1.136722E-03  1.114423E+05  8.445262E+01 
9.968750E-01  1.169355E-03  1.083325E+05  8.445275E+01 
1.003125E+00  1.202712E-03  1.053281E+05  8.445289E+01 
1.009375E+00  1.236804E-03  1.024249E+05  8.445303E+01 
1.015625E+00  1.271643E-03  9.961894E+04  8.445317E+01 
1.021875E+00  1.307241E-03  9.690635E+04  8.445332E+01 
1.028125E+00  1.343610E-03  9.428349E+04  8.445348E+01 
1.034375E+00  1.380760E-03  9.174688E+04  8.445364E+01 
1.040625E+00  1.418705E-03  8.929319E+04  8.445380E+01 
1.046875E+00  1.457456E-03  8.691923E+04  8.445397E+01 
1.053125E+00  1.497026E-03  8.462195E+04  8.445415E+01 
1.059375E+00  1.537426E-03  8.239846E+04  8.445433E+01 
1.065625E+00  1.578669E-03  8.024595E+04  8.445452E+01 
1.071875E+00  1.620768E-03  7.816177E+04  8.445472E+01 
1.078125E+00  1.663735E-03  7.614338E+04  8.445492E+01 
1.084375E+00  1.707583E-03  7.418832E+04  8.445513E+01 
1.090625E+00  1.752324E-03  7.229427E+04  8.445534E+01 
1.096875E+00  1.797973E-03  7.045899E+04  8.445556E+01 
1.103125E+00  1.844541E-03  6.868034E+04  8.445579E+01 
1.109375E+00  1.892042E-03  6.695625E+04  8.445603E+01 
1.115625E+00  1.940489E-03  6.528477E+04  8.445627E+01 
1.121875E+00  1.989896E-03  6.366401E+04  8.445652E+01 
1.128125E+00  2.040276E-03  6.209216E+04  8.445678E+01 
1.134375E+00  2.091643E-03  6.056748E+04  8.445705E+01 
1.140625E+00  2.144011E-03  5.908831E+04  8.445732E+01 
1.146875E+00  2.197393E-03  5.765306E+04  8.445760E+01 
1.153125E+00  2.251803E-03  5.626019E+04  8.445789E+01 
1.159375E+00  2.307255E-03  5.490823E+04  8.445820E+01 
1.165625E+00  2.363764E-03  5.359576E+04  8.445850E+01 
1.171875E+00  2.421345E-03  5.232144E+04  8.445882E+01 
1.178125E+00  2.480010E-03  5.108395E+04  8.445915E+01 
1.184375E+00  2.539776E-03  4.988206E+04  8.445949E+01 
1.190625E+00  2.600656E-03  4.871454E+04  8.445984E+01 
1.196875E+00  2.662666E-03  4.758025E+04  8.446020E+01 
1.203125E+00  2.725820E-03  4.647808E+04  8.446056E+01 
1.209375E+00  2.790133E-03  4.540695E+04  8.446094E+01 
1.215625E+00  2.855621E-03  4.436584E+04  8.446133E+01 
1.221875E+00  2.922298E-03  4.335375E+04  8.446174E+01 
1.228125E+00  2.990181E-03  4.236975E+04  8.446215E+01 
1.234375E+00  3.059285E-03  4.141290E+04  8.446257E+01 
1.240625E+00  3.129624E-03  4.048234E+04  8.446301E+01 
1.246875E+00  3.201216E-03  3.957720E+04  8.446346E+01 
1.253125E+00  3.274076E-03  3.869668E+04  8.446392E+01 
1.259375E+00  3.348220E-03  3.783999E+04  8.446439E+01 
1.265625E+00  3.423663E-03  3.700636E+04  8.446488E+01 
1.271875E+00  3.500423E-03  3.619507E+04  8.446538E+01 
1.278125E+00  3.578516E-03  3.540542E+04  8.446590E+01 
1.284375E+00  3.657958E-03  3.463672E+04  8.446643E+01 
1.290625E+00  3.738765E-03  3.388832E+04  8.446697E+01 
1.296875E+00  3.820955E-03  3.315959E+04  8.446753E+01 
1.303125E+00  3.904544E-03  3.244992E+04  8.446810E+01 
1.309375E+00  3.989549E-03  3.175873E+04  8.446869E+01 
1.315625E+00  4.075988E-03  3.108545E+04  8.446929E+01 
1.321875E+00  4.163878E-03  3.042954E+04  8.446991E+01 
1.328125E+00  4.253235E-03  2.979046E+04  8.447054E+01 
1.334375E+00  4.344078E-03  2.916771E+04  8.447120E+01 
1.340625E+00  4.436424E-03  2.856080E+04  8.447187E+01 
1.346875E+00  4.530290E-03  2.796925E+04  8.447255E+01 
1.353125E+00  4.625696E-03  2.739261E+04  8.447326E+01 
1.359375E+00  4.722658E-03  2.683044E+04  8.447398E+01 
1.365625E+00  4.821194E-03  2.628230E+04  8.447472E+01 
1.371875E+00  4.921324E-03  2.574779E+04  8.447548E+01 
1.378125E+00  5.023065E-03  2.522651E+04  8.447626E+01 
1.384375E+00  5.126436E-03  2.471807E+04  8.447706E+01 
1.390625E+00  5.231456E-03  2.422209E+04  8.447788E+01 
1.396875E+00  5.338143E-03  2.373823E+04  8.447872E+01 
1.403125E+00  5.446516E-03  2.326613E+04  8.447958E+01 
1.409375E+00  5.556595E-03  2.280546E+04  8.448046E+01 
1.415625E+00  5.668397E-03  2.235589E+04  8.448137E+01 
1.421875E+00  5.781944E-03  2.191710E+04  8.448229E+01 
1.428125E+00  5.897254E-03  2.148879E+04  8.448324E+01 
1.434375E+00  6.014346E-03  2.107067E+04  8.448421E+01 
1.440625E+00  6.133241E-03  2.066246E+04  8.448521E+01 
1.446875E+00  6.253958E-03  2.026386E+04  8.448623E+01 
1.453125E+00  6.376517E-03  1.987463E+04  8.448727E+01 
1.459375E+00  6.500938E-03  1.949450E+04  8.448834E+01 
1.465625E+00  6.627242E-03  1.912321E+04  8.448944E+01 
1.471875E+00  6.755449E-03  1.876053E+04  8.449056E+01 
1.478125E+00  6.885580E-03  1.840623E+04  8.449171E+01 
1.484375E+00  7.017654E-03  1.806007E+04  8.449288E+01 
1.490625E+00  7.151693E-03  1.772183E+04  8.449408E+01 
1.496875E+00  7.287718E-03  1.739131E+04  8.449531E+01 
1.503125E+00  7.425750E-03  1.706829E+04  8.449657E+01 
1.509375E+00  7.565810E-03  1.675257E+04  8.449786E+01 
1.515625E+00  7.707919E-03  1.644397E+04  8.449917E+01 
1.521875E+00  7.852099E-03  1.614228E+04  8.450052E+01 
1.528125E+00  7.998371E-03  1.584733E+04  8.450190E+01 
1.534375E+00  8.146758E-03  1.555895E+04  8.450331E+01 
1.540625E+00  8.297281E-03  1.527695E+04  8.450475E+01 
1.546875E+00  8.449962E-03  1.500117E+04  8.450622E+01 
1.553125E+00  8.604823E-03  1.473146E+04  8.450773E+01 
1.559375E+00  8.761887E-03  1.446765E+04  8.450927E+01 
1.565625E+00  8.921177E-03  1.420959E+04  8.451085E+01 
1.571875E+00  9.082714E-03  1.395714E+04  8.451246E+01 
1.578125E+00  9.246521E-03  1.371015E+04  8.451411E+01 
1.584375E+00  9.412622E-03  1.346848E+04  8.451579E+01 
1.590625E+00  9.581040E-03  1.323199E+04  8.451751E+01 
1.596875E+00  9.751797E-03  1.300057E+04  8.451926E+01 
1.603125E+00  9.924918E-03  1.277407E+04  8.452106E+01 
1.609375E+00  1.010042E-02  1.255238E+04  8.452289E+01 
1.615625E+00  1.027834E-02  1.233537E+04  8.452477E+01 
1.621875E+00  1.045869E-02  1.212293E+04  8.452668E+01 
1.628125E+00  1.064150E-02  1.191495E+04  8.452864E+01 
1.634375E+00  1.082679E-02  1.171131E+04  8.453064E+01 
1.640625E+00  1.101459E-02  1.151191E+04  8.453267E+01 
1.646875E+00  1.120492E-02  1.131665E+04  8.453476E+01 
1.653125E+00  1.139780E-02  1.112542E+04  8.453688E+01 
1.659375E+00  1.159327E-02  1.093812E+04  8.453906E+01 
1.665625E+00  1.179134E-02  1.075467E+04  8.454127E+01 
1.671875E+00  1.199204E-02  1.057496E+04  8.454354E+01 
1.678125E+00  1.219539E-02  1.039891E+04  8.454585E+01 
1.684375E+00  1.240142E-02  1.022643E+04  8.454821E+01 
1.690625E+00  1.261016E-02  1.005744E+04  8.455061E+01 
1.696875E+00  1.282163E-02  9.891844E+03  8.455307E+01 
1.703125E+00  1.303586E-02  9.729571E+03  8.455558E+01 
1.709375E+00  1.325288E-02  9.570542E+03  8.455814E+01 
1.715625E+00  1.347270E-02  9.414678E+03  8.456075E+01 
1.721875E+00  1.369536E-02  9.261907E+03  8.456341E+01 
1.728125E+00  1.392088E-02  9.112156E+03  8.456613E+01 
1.734375E+00  1.414928E-02  8.965354E+03  8.456890E+01 
1.740625E+00  1.438061E-02  8.821434E+03  8.457173E+01 
1.746875E+00  1.461488E-02  8.680328E+03  8.457461E+01 
1.753125E+00  1.485211E-02  8.541972E+03  8.457755E+01 
1.759375E+00  1.509235E-02  8.406303E+03  8.458055E+01 
1.765625E+00  1.533560E-02  8.273259E+03  8.458361E+01 
1.771875E+00  1.558191E-02  8.142780E+03  8.458673E+01 
1.778125E+00  1.583130E-02  8.014809E+03  8.458992E+01 
1.784375E+00  1.608380E-02  7.889288E+03  8.459316E+01 
1.790625E+00  1.633943E-02  7.766163E+03  8.459647E+01 
1.796875E+00  1.659823E-02  7.645378E+03  8.459984E+01 
1.803125E+00  1.686022E-02  7.526883E+03  8.460327E+01 
1.809375E+00  1.712543E-02  7.410625E+03  8.460677E+01 
1.815625E+00  1.739389E-02  7.296556E+03  8.461034E+01 
1.821875E+00  1.766563E-02  7.184626E+03  8.461398E+01 
1.828125E+00  1.794068E-02  7.074789E+03  8.461769E+01 
1.834375E+00  1.821907E-02  6.966998E+03  8.462147E+01 
1.840625E+00  1.850082E-02  6.861208E+03  8.462532E+01 
1.846875E+00  1.878597E-02  6.757376E+03  8.462924E+01 
1.853125E+00  1.907455E-02  6.655459E+03  8.463324E+01 
1.859375E+00  1.936658E-02  6.555415E+03  8.463731E+01 
1.865625E+00  1.966210E-02  6.457204E+03  8.464146E+01 
1.871875E+00  1.996114E-02  6.360787E+03  8.464569E+01 
1.878125E+00  2.026372E-02  6.266124E+03  8.464999E+01 
1.884375E+00  2.056989E-02  6.173178E+03  8.465438E+01 
1.890625E+00  2.087966E-02  6.081912E+03  8.465884E+01 
1.896875E+00  2.119308E-02  5.992292E+03  8.466339E+01 
1.903125E+00  2.151016E-02  5.904280E+03  8.466802E+01 
1.909375E+00  2.183095E-02  5.817845E+03  8.467274E+01 
1.915625E+00  2.215548E-02  5.732952E+03  8.467754E+01 
1.921875E+00  2.248378E-02  5.649569E+03  8.468243E+01 
1.928125E+00  2.281587E-02  5.567665E+03  8.468741E+01 
1.934375E+00  2.315180E-02  5.487208E+03  8.469248E+01 
1.940625E+00  2.349159E-02  5.408168E+03  8.469764E+01 
1.946875E+00  2.383528E-02  5.330516E+03  8.470289E+01 
1.953125E+00  2.418289E-02  5.254224E+03  8.470823E+01 
1.959375E+00  2.453448E-02  5.179263E+03  8.471368E+01 
1.965625E+00  2.489006E-02  5.105606E+03  8.471921E+01 
1.971875E+00  2.524967E-02  5.033226E+03  8.472485E+01 
1.978125E+00  2.561334E-02  4.962097E+03  8.473059E+01 
1.984375E+00  2.598111E-02  4.892194E+03  8.473642E+01 
1.990625E+00  2.635302E-02  4.823491E+03  8.474236E+01 
1.996875E+00  2.672909E-02  4.755965E+03  8.474841E+01 
2.003125E+00  2.710936E-02  4.689592E+03  8.475456E+01 
2.009375E+00  2.749387E-02  4.624348E+03  8.476082E+01 
2.015625E+00  2.788265E-02  4.560211E+03  8.476718E+01 
2.021875E+00  2.827574E-02  4.497159E+03  8.477366E+01 
2.028125E+00  2.867317E-02  4.435170E+03  8.478024E+01 
2.034375E+00  2.907497E-02  4.374223E+03  8.478695E+01 
2.040625E+00  2.948119E-02  4.314298E+03  8.479376E+01 
2.046875E+00  2.989186E-02  4.255374E+03  8.480069E+01 
2.053125E+00  3.030702E-02  4.197431E+03  8.480774E+01 
2.059375E+00  3.072670E-02  4.140451E+03  8.481491E+01 
2.065625E+00  3.115094E-02  4.084414E+03  8.482221E+01 
2.071875E+00  3.157977E-02  4.029302E+03  8.482962E+01 
2.078125E+00  3.201324E-02  3.975097E+03  8.483716E+01 
2.084375E+00  3.245138E-02  3.921782E+03  8.484483E+01 
2.090625E+00  3.289423E-02  3.869339E+03  8.485263E+01 
2.096875E+00  3.334183E-02  3.817752E+03  8.486055E+01 
2.103125E+00  3.379421E-02  3.767003E+03  8.486861E+01 
2.109375E+00  3.425142E-02  3.717078E+03  8.487680E+01 
2.115625E+00  3.471349E-02  3.667960E+03  8.488513E+01 
2.121875E+00  3.518046E-02  3.619634E+03  8.489360E+01 
2.128125E+00  3.565238E-02  3.572084E+03  8.490220E+01 
2.134375E+00  3.612927E-02  3.525297E+03  8.491095E+01 
2.140625E+00  3.661119E-02  3.479258E+03  8.491984E+01 
2.146875E+00  3.709817E-02  3.433952E+03  8.492887E+01 
2.153125E+00  3.759024E-02  3.389366E+03  8.493805E+01 
2.159375E+00  3.808746E-02  3.345486E+03  8.494739E+01 
2.165625E+00  3.858986E-02  3.302300E+03  8.495687E+01 
2.171875E+00  3.909749E-02  3.259794E+03  8.496650E+01 
2.178125E+00  3.961038E-02  3.217956E+03  8.497630E+01 
2.184375E+00  4.012857E-02  3.176773E+03  8.498625E+01 
2.190625E+00  4.065212E-02  3.136233E+03  8.499635E+01 
2.196875E+00  4.118105E-02  3.096325E+03  8.500662E+01 
2.203125E+00  4.171542E-02  3.057037E+03  8.501706E+01 
2.209375E+00  4.225527E-02  3.018357E+03  8.502766E+01 
2.215625E+00  4.280063E-02  2.980275E+03  8.503842E+01 
2.221875E+00  4.335156E-02  2.942779E+03  8.504936E+01 
2.228125E+00  4.390809E-02  2.905859E+03  8.506047E+01 
2.234375E+00  4.447027E-02  2.869504E+03  8.507176E+01 
2.240625E+00  4.503815E-02  2.833705E+03  8.508322E+01 
2.246875E+00  4.561177E-02  2.798451E+03  8.509487E+01 
2.253125E+00  4.619117E-02  2.763733E+03  8.510669E+01 
2.259375E+00  4.677640E-02  2.729540E+03  8.511870E+01 
2.265625E+00  4.736750E-02  2.695864E+03  8.513089E+01 
2.271875E+00  4.796453E-02  2.662695E+03  8.514328E+01 
2.278125E+00  4.856752E-02  2.630025E+03  8.515585E+01 
2.284375E+00  4.917652E-02  2.597844E+03  8.516862E+01 
2.290625E+00  4.979158E-02  2.566144E+03  8.518159E+01 
2.296875E+00  5.041275E-02  2.534917E+03  8.519475E+01 
2.303125E+00  5.104008E-02  2.504153E+03  8.520812E+01 
2.309375E+00  5.167360E-02  2.473846E+03  8.522169E+01 
2.315625E+00  5.231338E-02  2.443987E+03  8.523547E+01 
2.321875E+00  5.295946E-02  2.414567E+03  8.524945E+01 
2.328125E+00  5.361188E-02  2.385581E+03  8.526365E+01 
2.334375E+00  5.427070E-02  2.357020E+03  8.527806E+01 
2.340625E+00  5.493597E-02  2.328876E+03  8.529269E+01 
2.346875E+00  5.560773E-02  2.301143E+03  8.530755E+01 
2.353125E+00  5.628604E-02  2.273813E+03  8.532262E+01 
2.359375E+00  5.697094E-02  2.246880E+03  8.533792E+01 
2.365625E+00  5.766250E-02  2.220337E+03  8.535345E+01 
2.371875E+00  5.836075E-02  2.194177E+03  8.536920E+01 
2.378125E+00  5.906576E-02  2.168393E+03  8.538520E+01 
2.384375E+00  5.977756E-02  2.142980E+03  8.540143E+01 
2.390625E+00  6.049623E-02  2.117931E+03  8.541790E+01 
2.396875E+00  6.122180E-02  2.093240E+03  8.543461E+01 
2.403125E+00  6.195434E-02  2.068900E+03  8.545157E+01 
2.409375E+00  6.269389E-02  2.044907E+03  8.546878E+01 
2.415625E+00  6.344051E-02  2.021254E+03  8.548625E+01 
2.421875E+00  6.419426E-02  1.997935E+03  8.550396E+01 
2.428125E+00  6.495519E-02  1.974945E+03  8.552194E+01 
2.434375E+00  6.572335E-02  1.952278E+03  8.554018E+01 
2.440625E+00  6.649881E-02  1.929930E+03  8.555868E+01 
2.446875E+00  6.728161E-02  1.907894E+03  8.557745E+01 
2.453125E+00  6.807182E-02  1.886166E+03  8.559650E+01 
2.459375E+00  6.886948E-02  1.864741E+03  8.561581E+01 
2.465625E+00  6.967467E-02  1.843613E+03  8.563541E+01 
2.471875E+00  7.048743E-02  1.822778E+03  8.565529E+01 
2.478125E+00  7.130784E-02  1.802231E+03  8.567545E+01 
2.484375E+00  7.213593E-02  1.781967E+03  8.569590E+01 
2.490625E+00  7.297178E-02  1.761982E+03  8.571665E+01 
2.496875E+00  7.381545E-02  1.742271E+03  8.573769E+01 
2.503125E+00  7.466699E-02  1.722830E+03  8.575903E+01 
2.509375E+00  7.552646E-02  1.703655E+03  8.578067E+01 
2.515625E+00  7.639393E-02  1.684740E+03  8.580261E+01 
2.521875E+00  7.726947E-02  1.666083E+03  8.582487E+01 
2.528125E+00  7.815312E-02  1.647678E+03  8.584744E+01 
2.534375E+00  7.904496E-02  1.629522E+03  8.587033E+01 
2.540625E+00  7.994505E-02  1.611611E+03  8.589355E+01 
2.546875E+00  8.085346E-02  1.593941E+03  8.591708E+01 
2.553125E+00  8.177024E-02  1.576508E+03  8.594095E+01 
2.559375E+00  8.269546E-02  1.559308E+03  8.596515E+01 
2.565625E+00  8.362919E-02  1.542339E+03  8.598968E+01 
2.571875E+00  8.457150E-02  1.525595E+03  8.601456E+01 
2.578125E+00  8.552244E-02  1.509074E+03  8.603978E+01 
2.584375E+00  8.648210E-02  1.492772E+03  8.606535E+01 
2.590625E+00  8.745054E-02  1.476685E+03  8.609128E+01 
2.596875E+00  8.842782E-02  1.460811E+03  8.611756E+01 
2.603125E+00  8.941402E-02  1.445146E+03  8.614421E+01 
2.609375E+00  9.040920E-02  1.429687E+03  8.617122E+01 
2.615625E+00  9.141344E-02  1.414430E+03  8.619860E+01 
2.621875E+00  9.242680E-02  1.399373E+03  8.622636E+01 
2.628125E+00  9.344936E-02  1.384512E+03  8.625449E+01 
2.634375E+00  9.448120E-02  1.369844E+03  8.628301E+01 
2.640625E+00  9.552238E-02  1.355367E+03  8.631192E+01 
2.646875E+00  9.657298E-02  1.341077E+03  8.634122E+01 
2.653125E+00  9.763307E-02  1.326972E+03  8.637092E+01 
2.659375E+00  9.870273E-02  1.313049E+03  8.640102E+01 
2.665625E+00  9.978203E-02  1.299305E+03  8.643153E+01 
2.671875E+00  1.008710E-01  1.285737E+03  8.646245E+01 
2.678125E+00  1.019699E-01  1.272343E+03  8.649378E+01 
2.684375E+00  1.030786E-01  1.259120E+03  8.652554E+01 
2.690625E+00  1.041972E-01  1.246066E+03  8.655772E+01 
2.696875E+00  1.053259E-01  1.233177E+03  8.659034E+01 
2.703125E+00  1.064647E-01  1.220452E+03  8.662339E+01 
2.709375E+00  1.076137E-01  1.207888E+03  8.665688E+01 
2.715625E+00  1.087729E-01  1.195483E+03  8.669082E+01 
2.721875E+00  1.099426E-01  1.183234E+03  8.672521E+01 
2.728125E+00  1.111226E-01  1.171139E+03  8.676005E+01 
2.734375E+00  1.123132E-01  1.159196E+03  8.679536E+01 
2.740625E+00  1.135144E-01  1.147402E+03  8.683114E+01 
2.746875E+00  1.147263E-01  1.135756E+03  8.686739E+01 
2.753125E+00  1.159490E-01  1.124254E+03  8.690411E+01 
2.759375E+00  1.171826E-01  1.112896E+03  8.694133E+01 
2.765625E+00  1.184271E-01  1.101678E+03  8.697903E+01 
2.771875E+00  1.196827E-01  1.090599E+03  8.701722E+01 
2.778125E+00  1.209494E-01  1.079657E+03  8.705592E+01 
2.784375E+00  1.222273E-01  1.068850E+03  8.709512E+01 
2.790625E+00  1.235165E-01  1.058176E+03  8.713484E+01 
2.796875E+00  1.248172E-01  1.047633E+03  8.717508E+01 
2.803125E+00  1.261294E-01  1.037219E+03  8.721583E+01 
2.809375E+00  1.274532E-01  1.026931E+03  8.725712E+01 
2.815625E+00  1.287887E-01  1.016770E+03  8.729895E+01 
2.821875E+00  1.301359E-01  1.006732E+03  8.734132E+01 
2.828125E+00  1.314951E-01  9.968153E+02  8.738424E+01 
2.834375E+00  1.328663E-01  9.870191E+02  8.742771E+01 
2.840625E+00  1.342496E-01  9.773412E+02  8.747174E+01 
2.846875E+00  1.356450E-01  9.677799E+02  8.751635E+01 
2.853125E+00  1.370528E-01  9.583337E+02  8.756152E+01 
2.859375E+00  1.384729E-01  9.490009E+02  8.760728E+01 
2.865625E+00  1.399056E-01  9.397799E+02  8.765363E+01 
2.871875E+00  1.413508E-01  9.306691E+02  8.770057E+01 
2.878125E+00  1.428088E-01  9.216670E+02  8.774811E+01 
2.884375E+00  1.442796E-01  9.127720E+02  8.779626E+01 
2.890625E+00  1.457633E-01  9.039827E+02  8.784503E+01 
2.896875E+00  1.472601E-01  8.952975E+02  8.789442E+01 
2.903125E+00  1.487701E-01  8.867151E+02  8.794444E+01 
2.909375E+00  1.502933E-01  8.782339E+02  8.799509E+01 
2.915625E+00  1.518298E-01  8.698527E+02  8.804639E+01 
2.921875E+00  1.533799E-01  8.615699E+02  8.809834E+01 
2.928125E+00  1.549436E-01  8.533843E+02  8.815095E+01 
2.934375E+00  1.565210E-01  8.452945E+02  8.820422E+01 
2.940625E+00  1.581123E-01  8.372991E+02  8.825817E+01 
2.946875E+00  1.597175E-01  8.293970E+02  8.831280E+01 
2.953125E+00  1.613368E-01  8.215868E+02  8.836812E+01 
2.959375E+00  1.629703E-01  8.138672E+02  8.842414E+01 
2.965625E+00  1.646182E-01  8.062371E+02  8.848086E+01 
2.971875E+00  1.662805E-01  7.986951E+02  8.853829E+01 
2.978125E+00  1.679574E-01  7.912402E+02  8.859645E+01 
2.984375E+00  1.696491E-01  7.838711E+02  8.865534E+01 
2.990625E+00  1.713556E-01  7.765866E+02  8.871496E+01 
2.996875E+00  1.730770E-01  7.693857E+02  8.877534E+01 
3.003125E+00  1.748136E-01  7.622672E+02  8.883646E+01 
3.009375E+00  1.765655E-01  7.552299E+02  8.889835E+01 
3.015625E+00  1.783327E-01  7.482729E+02  8.896102E+01 
3.021875E+00  1.801154E-01  7.413950E+02  8.902446E+01 
3.028125E+00  1.819139E-01  7.345952E+02  8.908869E+01 
3.034375E+00  1.837281E-01  7.278724E+02  8.915373E+01 
3.040625E+00  1.855583E-01  7.212256E+02  8.921957E+01 
3.046875E+00  1.874045E-01  7.146538E+02  8.928623E+01 
3.053125E+00  1.892670E-01  7.081560E+02  8.935372E+01 
3.059375E+00  1.911459E-01  7.017312E+02  8.942204E+01 
3.065625E+00  1.930414E-01  6.953785E+02  8.949121E+01 
3.071875E+00  1.949535E-01  6.890969E+02  8.956124E+01 
3.078125E+00  1.968825E-01  6.828854E+02  8.963213E+01 
3.084375E+00  1.988285E-01  6.767433E+02  8.970390E+01 
3.090625E+00  2.007917E-01  6.706695E+02  8.977656E+01 
3.096875E+00  2.027721E-01  6.646631E+02  8.985011E+01 
3.103125E+00  2.047701E-01  6.587233E+02  8.992456E+01 
3.109375E+00  2.067857E-01  6.528493E+02  8.999993E+01 
3.115625E+00  2.088191E-01  6.470401E+02  9.007623E+01 
3.121875E+00  2.108706E-01  6.412949E+02  9.015347E+01 
3.128125E+00  2.129401E-01  6.356129E+02  9.023166E+01 
3.134375E+00  2.150280E-01  6.299933E+02  9.031081E+01 
3.140625E+00  2.171344E-01  6.244353E+02  9.039092E+01 
3.146875E+00  2.192595E-01  6.189380E+02  9.047202E+01 
3.153125E+00  2.214034E-01  6.135008E+02  9.055412E+01 
3.159375E+00  2.235664E-01  6.081228E+02  9.063722E+01 
3.165625E+00  2.257486E-01  6.028033E+02  9.072133E+01 
3.171875E+00  2.279502E-01  5.975415E+02  9.080647E+01 
3.178125E+00  2.301714E-01  5.923367E+02  9.089266E+01 
3.184375E+00  2.324124E-01  5.871882E+02  9.097989E+01 
3.190625E+00  2.346734E-01  5.820952E+02  9.106819E+01 
3.196875E+00  2.369546E-01  5.770571E+02  9.115757E+01 
3.203125E+00  2.392562E-01  5.720732E+02  9.124803E+01 
3.209375E+00  2.415783E-01  5.671427E+02  9.133960E+01 
3.215625E+00  2.439213E-01  5.622651E+02  9.143229E+01 
3.221875E+00  2.462852E-01  5.574396E+02  9.152610E+01 
3.228125E+00  2.486704E-01  5.526657E+02  9.162105E+01 
3.234375E+00  2.510769E-01  5.479425E+02  9.171716E+01 
3.240625E+00  2.535051E-01  5.432696E+02  9.181443E+01 
3.246875E+00  2.559552E-01  5.386463E+02  9.191289E+01 
3.253125E+00  2.584274E-01  5.340720E+02  9.201254E+01 
3.259375E+00  2.609218E-01  5.295460E+02  9.211340E+01 
3.265625E+00  2.634388E-01  5.250678E+02  9.221548E+01 
3.271875E+00  2.659785E-01  5.206368E+02  9.231880E+01 
3.278125E+00  2.685413E-01  5.162524E+02  9.242338E+01 
3.284375E+00  2.711273E-01  5.119140E+02  9.252922E+01 
3.290625E+00  2.737367E-01  5.076210E+02  9.263635E+01 
3.296875E+00  2.763699E-01  5.033730E+02  9.274477E+01 
3.303125E+00  2.790271E-01  4.991693E+02  9.285450E+01 
3.309375E+00  2.817085E-01  4.950095E+02  9.296557E+01 
3.315625E+00  2.844143E-01  4.908929E+02  9.307797E+01 
3.321875E+00  2.871449E-01  4.868190E+02  9.319174E+01 
3.328125E+00  2.899005E-01  4.827874E+02  9.330688E+01 
3.334375E+00  2.926814E-01  4.787975E+02  9.342342E+01 
3.340625E+00  2.954878E-01  4.748489E+02  9.354136E+01 
3.346875E+00  2.983200E-01  4.709409E+02  9.366073E+01 
3.353125E+00  3.011783E-01  4.670732E+02  9.378154E+01 
3.359375E+00  3.040630E-01  4.632452E+02  9.390382E+01 
3.365625E+00  3.069744E-01  4.594564E+02  9.402757E+01 
3.371875E+00  3.099127E-01  4.557065E+02  9.415281E+01 
3.378125E+00  3.128782E-01  4.519949E+02  9.427957E+01 
3.384375E+00  3.158713E-01  4.483212E+02  9.440786E+01 
3.390625E+00  3.188922E-01  4.446849E+02  9.453770E+01 
3.396875E+00  3.219413E-01  4.410855E+02  9.466911E+01 
3.403125E+00  3.250189E-01  4.375228E+02  9.480210E+01 
3.409375E+00  3.281252E-01  4.339961E+02  9.493670E+01 
3.415625E+00  3.312607E-01  4.305050E+02  9.507293E+01 
3.421875E+00  3.344256E-01  4.270493E+02  9.521080E+01 
3.428125E+00  3.376202E-01  4.236284E+02  9.535034E+01 
3.434375E+00  3.408450E-01  4.202419E+02  9.549157E+01 
3.440625E+00  3.441002E-01  4.168894E+02  9.563450E+01 
3.446875E+00  3.473863E-01  4.135706E+02  9.577916E+01 
3.453125E+00  3.507034E-01  4.102850E+02  9.592556E+01 
3.459375E+00  3.540521E-01  4.070322E+02  9.607374E+01 
3.465625E+00  3.574326E-01  4.038119E+02  9.622370E+01 
3.471875E+00  3.608454E-01  4.006237E+02  9.637548E+01 
3.478125E+00  3.642908E-01  3.974672E+02  9.652910E+01 
3.484375E+00  3.677692E-01  3.943420E+02  9.668457E+01 
3.490625E+00  3.712810E-01  3.912478E+02  9.684193E+01 
3.496875E+00  3.748265E-01  3.881843E+02  9.700118E+01 
3.503125E+00  3.784063E-01  3.851510E+02  9.716237E+01 
3.509375E+00  3.820206E-01  3.821476E+02  9.732551E+01 
3.515625E+00  3.856699E-01  3.791738E+02  9.749062E+01 
3.521875E+00  3.893546E-01  3.762293E+02  9.765774E+01 
3.528125E+00  3.930751E-01  3.733136E+02  9.782688E+01 
3.534375E+00  3.968320E-01  3.704266E+02  9.799807E+01 
3.540625E+00  4.006255E-01  3.675677E+02  9.817133E+01 
3.546875E+00  4.044561E-01  3.647368E+02  9.834670E+01 
3.553125E+00  4.083244E-01  3.619335E+02  9.852420E+01 
3.559375E+00  4.122307E-01  3.591575E+02  9.870385E+01 
3.565625E+00  4.161756E-01  3.564085E+02  9.888568E+01 
3.571875E+00  4.201595E-01  3.536862E+02  9.906973E+01 
3.578125E+00  4.241828E-01  3.509902E+02  9.925601E+01 
3.584375E+00  4.282461E-01  3.483203E+02  9.944456E+01 
3.590625E+00  4.323500E-01  3.456762E+02  9.963540E+01 
3.596875E+00  4.364947E-01  3.430576E+02  9.982857E+01 
3.603125E+00  4.406810E-01  3.404643E+02  1.000241E+02 
3.609375E+00  4.449093E-01  3.378958E+02  1.002220E+02 
3.615625E+00  4.491802E-01  3.353520E+02  1.004223E+02 
3.621875E+00  4.534941E-01  3.328326E+02  1.006251E+02 
3.628125E+00  4.578517E-01  3.303372E+02  1.008303E+02 
3.634375E+00  4.622535E-01  3.278658E+02  1.010381E+02 
3.640625E+00  4.667001E-01  3.254178E+02  1.012484E+02 
3.646875E+00  4.711920E-01  3.229932E+02  1.014612E+02 
3.653125E+00  4.757299E-01  3.205917E+02  1.016767E+02 
3.659375E+00  4.803143E-01  3.182129E+02  1.018948E+02 
3.665625E+00  4.849458E-01  3.158567E+02  1.021156E+02 
3.671875E+00  4.896251E-01  3.135228E+02  1.023391E+02 
3.678125E+00  4.943527E-01  3.112109E+02  1.025653E+02 
3.684375E+00  4.991294E-01  3.089209E+02  1.027943E+02 
3.690625E+00  5.039558E-01  3.066524E+02  1.030262E+02 
3.696875E+00  5.088325E-01  3.044053E+02  1.032609E+02 
3.703125E+00  5.137602E-01  3.021792E+02  1.034984E+02 
3.709375E+00  5.187396E-01  2.999741E+02  1.037389E+02 
3.715625E+00  5.237713E-01  2.977896E+02  1.039824E+02 
3.721875E+00  5.288562E-01  2.956255E+02  1.042289E+02 
3.728125E+00  5.339949E-01  2.934816E+02  1.044784E+02 
3.734375E+00  5.391881E-01  2.913577E+02  1.047311E+02 
3.740625E+00  5.444366E-01  2.892535E+02  1.049868E+02 
3.746875E+00  5.497412E-01  2.871689E+02  1.052457E+02 
3.753125E+00  5.551026E-01  2.851037E+02  1.055079E+02 
3.759375E+00  5.605216E-01  2.830575E+02  1.057732E+02 
3.765625E+00  5.659990E-01  2.810303E+02  1.060419E+02 
3.771875E+00  5.715356E-01  2.790219E+02  1.063140E+02 
3.778125E+00  5.771323E-01  2.770319E+02  1.065894E+02 
3.784375E+00  5.827898E-01  2.750603E+02  1.068682E+02 
3.790625E+00  5.885091E-01  2.731068E+02  1.071506E+02 
3.796875E+00  5.942910E-01  2.711713E+02  1.074364E+02 
3.803125E+00  6.001364E-01  2.692535E+02  1.077259E+02 
3.809375E+00  6.060462E-01  2.673532E+02  1.080189E+02 
3.815625E+00  6.120213E-01  2.654703E+02  1.083157E+02 
3.821875E+00  6.180627E-01  2.636046E+02  1.086161E+02 
3.828125E+00  6.241713E-01  2.617560E+02  1.089204E+02 
3.834375E+00  6.303481E-01  2.599241E+02  1.092284E+02 
3.840625E+00  6.365940E-01  2.581089E+02  1.095404E+02 
3.846875E+00  6.429102E-01  2.563101E+02  1.098563E+02 
3.853125E+00  6.492975E-01  2.545277E+02  1.101761E+02 
3.859375E+00  6.557571E-01  2.527614E+02  1.105000E+02 
3.865625E+00  6.622900E-01  2.510110E+02  1.108280E+02 
3.871875E+00  6.688973E-01  2.492764E+02  1.111602E+02 
3.878125E+00  6.755801E-01  2.475575E+02  1.114966E+02 
3.884375E+00  6.823395E-01  2.458540E+02  1.118373E+02 
3.890625E+00  6.891767E-01  2.441658E+02  1.121823E+02 
3.896875E+00  6.960927E-01  2.424928E+02  1.125316E+02 
3.903125E+00  7.030890E-01  2.408347E+02  1.128855E+02 
3.909375E+00  7.101665E-01  2.391915E+02  1.132438E+02 
3.915625E+00  7.173266E-01  2.375629E+02  1.136068E+02 
3.921875E+00  7.245704E-01  2.359489E+02  1.139744E+02 
3.928125E+00  7.318994E-01  2.343492E+02  1.143467E+02 
3.934375E+00  7.393148E-01  2.327638E+02  1.147238E+02 
3.940625E+00  7.468178E-01  2.311924E+02  1.151057E+02 
3.946875E+00  7.544099E-01  2.296349E+02  1.154926E+02 
3.953125E+00  7.620925E-01  2.280913E+02  1.158844E+02 
3.959375E+00  7.698669E-01  2.265613E+02  1.162814E+02 
3.965625E+00  7.777346E-01  2.250448E+02  1.166834E+02 
3.971875E+00  7.856970E-01  2.235416E+02  1.170907E+02 
3.978125E+00  7.937557E-01  2.220517E+02  1.175032E+02 
3.984375E+00  8.019120E-01  2.205749E+02  1.179211E+02 
3.990625E+00  8.101677E-01  2.191110E+02  1.183445E+02 
3.996875E+00  8.185242E-01  2.176600E+02  1.187733E+02 
4.003125E+00  8.269832E-01  2.162216E+02  1.192078E+02 
4.009375E+00  8.355462E-01  2.147959E+02  1.196479E+02 
4.015625E+00  8.442150E-01  2.133825E+02  1.200938E+02 
4.021875E+00  8.529913E-01  2.119815E+02  1.205456E+02 
4.028125E+00  8.618768E-01  2.105926E+02  1.210033E+02 
4.034375E+00  8.708732E-01  2.092159E+02  1.214670E+02 
4.040625E+00  8.799824E-01  2.078510E+02  1.219368E+02 
4.046875E+00  8.892061E-01  2.064980E+02  1.224129E+02 
4.053125E+00  8.985464E-01  2.051567E+02  1.228952E+02 
4.059375E+00  9.080050E-01  2.038269E+02  1.233839E+02 
4.065625E+00  9.175840E-01  2.025086E+02  1.238791E+02 
4.071875E+00  9.272853E-01  2.012017E+02  1.243809E+02 
4.078125E+00  9.371109E-01  1.999060E+02  1.248894E+02 
4.084375E+00  9.470630E-01  1.986214E+02  1.254046E+02 
4.090625E+00  9.571436E-01  1.973478E+02  1.259268E+02 
4.096875E+00  9.673549E-01  1.960851E+02  1.264559E+02 
4.103125E+00  9.776990E-01  1.948332E+02  1.269921E+02 
4.109375E+00  9.881783E-01  1.935919E+02  1.275356E+02 
4.115625E+00  9.987950E-01  1.923613E+02  1.280863E+02 
4.121875E+00  1.009551E+00  1.911411E+02  1.286445E+02 
4.128125E+00  1.020450E+00  1.899312E+02  1.292102E+02 
4.134375E+00  1.031493E+00  1.887316E+02  1.297835E+02 
4.140625E+00  1.042683E+00  1.875422E+02  1.303647E+02 
4.146875E+00  1.054023E+00  1.863628E+02  1.309537E+02 
4.153125E+00  1.065514E+00  1.851933E+02  1.315508E+02 
4.159375E+00  1.077161E+00  1.840337E+02  1.321560E+02 
4.165625E+00  1.088965E+00  1.828839E+02  1.327694E+02 
4.171875E+00  1.100929E+00  1.817437E+02  1.333913E+02 
4.178125E+00  1.113056E+00  1.806130E+02  1.340216E+02 
4.184375E+00  1.125349E+00  1.794918E+02  1.346607E+02 
4.190625E+00  1.137811E+00  1.783800E+02  1.353085E+02 
4.196875E+00  1.150445E+00  1.772774E+02  1.359653E+02 
4.203125E+00  1.163253E+00  1.761841E+02  1.366311E+02 
4.209375E+00  1.176240E+00  1.750998E+02  1.373062E+02 
4.215625E+00  1.189407E+00  1.740245E+02  1.379906E+02 
4.221875E+00  1.202759E+00  1.729581E+02  1.386846E+02 
4.228125E+00  1.216298E+00  1.719005E+02  1.393882E+02 
4.234375E+00  1.230029E+00  1.708516E+02  1.401016E+02 
4.240625E+00  1.243954E+00  1.698114E+02  1.408250E+02 
4.246875E+00  1.258077E+00  1.687797E+02  1.415586E+02 
4.253125E+00  1.272401E+00  1.677566E+02  1.423024E+02 
4.259375E+00  1.286931E+00  1.667417E+02  1.430568E+02 
4.265625E+00  1.301670E+00  1.657352E+02  1.438217E+02 
4.271875E+00  1.316622E+00  1.647369E+02  1.445975E+02 
4.278125E+00  1.331790E+00  1.637468E+02  1.453842E+02 
4.284375E+00  1.347180E+00  1.627647E+02  1.461822E+02 
4.290625E+00  1.362794E+00  1.617905E+02  1.469914E+02 
4.296875E+00  1.378637E+00  1.608243E+02  1.478122E+02 
4.303125E+00  1.394714E+00  1.598658E+02  1.486448E+02 
4.309375E+00  1.411029E+00  1.589151E+02  1.494892E+02 
4.315625E+00  1.427585E+00  1.579721E+02  1.503457E+02 
4.321875E+00  1.444389E+00  1.570366E+02  1.512146E+02 
4.328125E+00  1.461444E+00  1.561086E+02  1.520960E+02 
4.334375E+00  1.478755E+00  1.551881E+02  1.529901E+02 
4.340625E+00  1.496327E+00  1.542749E+02  1.538972E+02 
4.346875E+00  1.514166E+00  1.533690E+02  1.548174E+02 
4.353125E+00  1.532275E+00  1.524703E+02  1.557510E+02 
4.359375E+00  1.550661E+00  1.515787E+02  1.566982E+02 
4.365625E+00  1.569329E+00  1.506942E+02  1.576592E+02 
4.371875E+00  1.588284E+00  1.498167E+02  1.586343E+02 
4.378125E+00  1.607531E+00  1.489461E+02  1.596237E+02 
4.384375E+00  1.627077E+00  1.480823E+02  1.606276E+02 
4.390625E+00  1.646928E+00  1.472253E+02  1.616463E+02 
4.396875E+00  1.667088E+00  1.463751E+02  1.626801E+02 
4.403125E+00  1.687565E+00  1.455315E+02  1.637292E+02 
4.409375E+00  1.708365E+00  1.446944E+02  1.647939E+02 
4.415625E+00  1.729493E+00  1.438639E+02  1.658744E+02 
4.421875E+00  1.750957E+00  1.430398E+02  1.669710E+02 
4.428125E+00  1.772763E+00  1.422220E+02  1.680840E+02 
4.434375E+00  1.794918E+00  1.414106E+02  1.692136E+02 
4.440625E+00  1.817429E+00  1.406055E+02  1.703603E+02 
4.446875E+00  1.840303E+00  1.398065E+02  1.715242E+02 
4.453125E+00  1.863547E+00  1.390136E+02  1.727056E+02 
4.459375E+00  1.887170E+00  1.382268E+02  1.739050E+02 
4.465625E+00  1.911178E+00  1.374460E+02  1.751225E+02 
4.471875E+00  1.935579E+00  1.366711E+02  1.763585E+02 
4.478125E+00  1.960383E+00  1.359021E+02  1.776134E+02 
4.484375E+00  1.985595E+00  1.351389E+02  1.788874E+02 
4.490625E+00  2.011227E+00  1.343814E+02  1.801810E+02 
4.496875E+00  2.037284E+00  1.336297E+02  1.814944E+02 
4.503125E+00  2.063778E+00  1.328835E+02  1.828281E+02 
4.509375E+00  2.090716E+00  1.321430E+02  1.841823E+02 
4.515625E+00  2.118108E+00  1.314079E+02  1.855575E+02 
4.521875E+00  2.145964E+00  1.306783E+02  1.869540E+02 
4.528125E+00  2.174292E+00  1.299542E+02  1.883722E+02 
4.534375E+00  2.203104E+00  1.292353E+02  1.898126E+02 
4.540625E+00  2.232409E+00  1.285218E+02  1.912755E+02 
4.546875E+00  2.262218E+00  1.278134E+02  1.927613E+02 
4.553125E+00  2.292542E+00  1.271103E+02  1.942704E+02 
4.559375E+00  2.323390E+00  1.264123E+02  1.958034E+02 
4.565625E+00  2.354776E+00  1.257193E+02  1.973606E+02 
4.571875E+00  2.386709E+00  1.250314E+02  1.989424E+02 
4.578125E+00  2.419203E+00  1.243484E+02  2.005494E+02 
4.584375E+00  2.452269E+00  1.236703E+02  2.021819E+02 
4.590625E+00  2.485919E+00  1.229971E+02  2.038406E+02 
4.596875E+00  2.520166E+00  1.223287E+02  2.055258E+02 
4.603125E+00  2.555024E+00  1.216651E+02  2.072381E+02 
4.609375E+00  2.590505E+00  1.210061E+02  2.089780E+02 
4.615625E+00  2.626623E+00  1.203518E+02  2.107459E+02 
4.621875E+00  2.663393E+00  1.197021E+02  2.125425E+02 
4.628125E+00  2.700828E+00  1.190570E+02  2.143683E+02 
4.634375E+00  2.738944E+00  1.184163E+02  2.162238E+02 
4.640625E+00  2.777756E+00  1.177802E+02  2.181097E+02 
4.646875E+00  2.817279E+00  1.171484E+02  2.200264E+02 
4.653125E+00  2.857529E+00  1.165210E+02  2.219746E+02 
4.659375E+00  2.898522E+00  1.158978E+02  2.239549E+02 
4.665625E+00  2.940276E+00  1.152790E+02  2.259680E+02 
4.671875E+00  2.982807E+00  1.146643E+02  2.280144E+02 
4.678125E+00  3.026133E+00  1.140539E+02  2.300948E+02 
4.684375E+00  3.070273E+00  1.134475E+02  2.322100E+02 
4.690625E+00  3.115245E+00  1.128453E+02  2.343604E+02 
4.696875E+00  3.161068E+00  1.122470E+02  2.365470E+02 
4.703125E+00  3.207761E+00  1.116528E+02  2.387703E+02 
4.709375E+00  3.255345E+00  1.110625E+02  2.410312E+02 
4.715625E+00  3.303841E+00  1.104761E+02  2.433303E+02 
4.721875E+00  3.353269E+00  1.098936E+02  2.456685E+02 
4.728125E+00  3.403652E+00  1.093148E+02  2.480464E+02 
4.734375E+00  3.455012E+00  1.087399E+02  2.504650E+02 
4.740625E+00  3.507372E+00  1.081686E+02  2.529251E+02 
4.746875E+00  3.560755E+00  1.076011E+02  2.554274E+02 
4.753125E+00  3.615186E+00  1.070372E+02  2.579729E+02 
4.759375E+00  3.670690E+00  1.064769E+02  2.605624E+02 
4.765625E+00  3.727293E+00  1.059201E+02  2.631969E+02 
4.771875E+00  3.785020E+00  1.053669E+02  2.658772E+02 
4.778125E+00  3.843898E+00  1.048172E+02  2.686044E+02 
4.784375E+00  3.903957E+00  1.042709E+02  2.713793E+02 
4.790625E+00  3.965223E+00  1.037280E+02  2.742031E+02 
4.796875E+00  1.000000E+00  5.208333E-09  1.000000E-05 
4.803125E+00  1.000000E+00  5.208333E-09  1.000000E-05 
4.809375E+00  1.000000E+00  5.208333E-09  1.000000E-05 
4.815625E+00  1.000000E+00  5.208333E-09  1.000000E-05 
4.821875E+00  1.000000E+00  5.208333E-09  1.000000E-05 
4.828125E+00  1.000000E+00  5.208333E-09  1.000000E-05 
4.834375E+00  1.000000E+00  5.208333E-09  1.000000E-05 
4.840625E+00  1.000000E+00  5.208333E-09  1.000000E-05 
4.846875E+00  1.000000E+00  5.208333E-09  1.000000E-05 
4.853125E+00  1.000000E+00  5.208333E-09  1.000000E-05 
4.859375E+00  1.000000E+00  5.208333E-09  1.000000E-05 
4.865625E+00  1.000000E+00  5.208333E-09  1.000000E-05 
4.871875E+00  1.000000E+00  5.208333E-09  1.000000E-05 
4.878125E+00  1.000000E+00  5.208333E-09  1.000000E-05 
4.884375E+00  1.000000E+00  5.208333E-09  1.000000E-05 
4.890625E+00  1.000000E+00  5.208333E-09  1.000000E-05 
4.896875E+00  1.000000E+00  5.208333E-09  1.000000E-05 
4.903125E+00  1.000000E+00  5.208333E-09  1.000000E-05 
4.909375E+00  1.000000E+00  5.208333E-09  1.000000E-05 
4.915625E+00  1.000000E+00  5.208333E-09  1.000000E-05 
4.921875E+00  1.000000E+00  5.208333E-09  1.000000E-05 
4.928125E+00  1.000000E+00  5.208333E-09  1.000000E-05 
4.934375E+00  1.000000E+00  5.208333E-09  1.000000E-05 
4.940625E+00  1.000000E+00  5.208333E-09  1.000000E-05 
4.946875E+00  1.000000E+00  5.208333E-09  1.000000E-05 
4.953125E+00  1.000000E+00  5.208333E-09  1.000000E-05 
4.959375E+00  1.000000E+00  5.208333E-09  1.000000E-05 
4.965625E+00  1.000000E+00  5.208333E-09  1.000000E-05 
4.971875E+00  1.000000E+00  5.208333E-09  1.000000E-05 
4.978125E+00  1.000000E+00  5.208333E-09  1.000000E-05 
4.984375E+00  1.000000E+00  5.208333E-09  1.000000E-05 
4.990625E+00  1.000000E+00  5.208333E-09  1.000000E-05 
4.996875E+00  1.000000E+00  5.208333E-09  1.000000E-05 
