1.562500E-03  2.794078E-16  4.533669E+17  8.444949E+01 
4.687500E-03  3.919983E-14  3.231500E+15  8.444949E+01 
7.812500E-03  3.904842E-13  3.244029E+14  8.444949E+01 
1.093750E-02  1.774924E-12  7.136884E+13  8.444949E+01 
1.406250E-02  5.499583E-12  2.303342E+13  8.444949E+01 
1.718750E-02  1.356768E-11  9.336470E+12  8.444949E+01 
2.031250E-02  2.877290E-11  4.402554E+12  8.444949E+01 
2.343750E-02  5.478342E-11  2.312273E+12  8.444949E+01 
2.656250E-02  9.621851E-11  1.316527E+12  8.444949E+01 
2.968750E-02  1.587193E-10  7.981024E+11  8.444949E+01 
3.281250E-02  2.490149E-10  5.087015E+11  8.444949E+01 
3.593750E-02  3.749849E-10  3.378116E+11  8.444949E+01 
3.906250E-02  5.457183E-10  2.321239E+11  8.444949E+01 
4.218750E-02  7.715702E-10  1.641772E+11  8.444949E+01 
4.531250E-02  1.064215E-09  1.190307E+11  8.444949E+01 
4.843750E-02  1.436700E-09  8.817027E+10  8.444949E+01 
5.156250E-02  1.903493E-09  6.654832E+10  8.444949E+01 
5.468750E-02  2.480531E-09  5.106738E+10  8.444949E+01 
5.781250E-02  3.185270E-09  3.976876E+10  8.444949E+01 
6.093750E-02  4.036726E-09  3.138044E+10  8.444949E+01 
6.406250E-02  5.055520E-09  2.505662E+10  8.444949E+01 
6.718750E-02  6.263925E-09  2.022282E+10  8.444949E+01 
7.031250E-02  7.685901E-09  1.648138E+10  8.444949E+01 
7.343750E-02  9.347142E-09  1.355219E+10  8.444949E+01 
7.656250E-02  1.127511E-08  1.123485E+10  8.444949E+01 
7.968750E-02  1.349908E-08  9.383914E+09  8.444949E+01 
8.281250E-02  1.605018E-08  7.892387E+09  8.444949E+01 
8.593750E-02  1.896141E-08  6.680634E+09  8.444949E+01 
8.906250E-02  2.226770E-08  5.688699E+09  8.444949E+01 
9.218750E-02  2.600594E-08  4.870973E+09  8.444949E+01 
9.531250E-02  3.021501E-08  4.192427E+09  8.444949E+01 
9.843750E-02  3.493582E-08  3.625913E+09  8.444949E+01 
1.015625E-01  4.021134E-08  3.150211E+09  8.444949E+01 
1.046875E-01  4.608665E-08  2.748610E+09  8.444949E+01 
1.078125E-01  5.260892E-08  2.407847E+09  8.444949E+01 
1.109375E-01  5.982753E-08  2.117324E+09  8.444949E+01 
1.140625E-01  6.779402E-08  1.868517E+09  8.444949E+01 
1.171875E-01  7.656216E-08  1.654528E+09  8.444949E+01 
1.203125E-01  8.618799E-08  1.469743E+09  8.444949E+01 
1.234375E-01  9.672983E-08  1.309568E+09  8.444949E+01 
1.265625E-01  1.082483E-07  1.170219E+09  8.444949E+01 
1.296875E-01  1.208064E-07  1.048572E+09  8.444949E+01 
1.328125E-01  1.344695E-07  9.420298E+08  8.444949E+01 
1.359375E-01  1.493053E-07  8.484244E+08  8.444949E+01 
1.390625E-01  1.653840E-07  7.659401E+08  8.444949E+01 
1.421875E-01  1.827784E-07  6.930484E+08  8.444949E+01 
1.453125E-01  2.015634E-07  6.284584E+08  8.444949E+01 
1.484375E-01  2.218169E-07  5.710756E+08  8.444949E+01 
1.515625E-01  2.436191E-07  5.199685E+08  8.444949E+01 
1.546875E-01  2.670526E-07  4.743418E+08  8.444949E+01 
1.578125E-01  2.922030E-07  4.335145E+08  8.444949E+01 
1.609375E-01  3.191582E-07  3.969011E+08  8.444949E+01 
1.640625E-01  3.480089E-07  3.639971E+08  8.444949E+01 
1.671875E-01  3.788484E-07  3.343665E+08  8.444949E+01 
1.703125E-01  4.117729E-07  3.076313E+08  8.444949E+01 
1.734375E-01  4.468810E-07  2.834630E+08  8.444949E+01 
1.765625E-01  4.842744E-07  2.615753E+08  8.444949E+01 
1.796875E-01  5.240573E-07  2.417183E+08  8.444949E+01 
1.828125E-01  5.663369E-07  2.236729E+08  8.444949E+01 
1.859375E-01  6.112232E-07  2.072471E+08  8.444949E+01 
1.890625E-01  6.588289E-07  1.922718E+08  8.444949E+01 
1.921875E-01  7.092698E-07  1.785981E+08  8.444949E+01 
1.953125E-01  7.626645E-07  1.660943E+08  8.444949E+01 
1.984375E-01  8.191345E-07  1.546440E+08  8.444949E+01 
2.015625E-01  8.788043E-07  1.441438E+08  8.444949E+01 
2.046875E-01  9.418014E-07  1.345021E+08  8.444949E+01 
2.078125E-01  1.008256E-06  1.256370E+08  8.444949E+01 
2.109375E-01  1.078302E-06  1.174756E+08  8.444949E+01 
2.140625E-01  1.152076E-06  1.099530E+08  8.444949E+01 
2.171875E-01  1.229717E-06  1.030109E+08  8.444949E+01 
2.203125E-01  1.311368E-06  9.659704E+07  8.444949E+01 
2.234375E-01  1.397175E-06  9.066458E+07  8.444949E+01 
2.265625E-01  1.487286E-06  8.517140E+07  8.444949E+01 
2.296875E-01  1.581854E-06  8.007958E+07  8.444949E+01 
2.328125E-01  1.681035E-06  7.535492E+07  8.444949E+01 
2.359375E-01  1.784986E-06  7.096653E+07  8.444949E+01 
2.390625E-01  1.893869E-06  6.688648E+07  8.444949E+01 
2.421875E-01  2.007849E-06  6.308951E+07  8.444949E+01 
2.453125E-01  2.127095E-06  5.955269E+07  8.444949E+01 
2.484375E-01  2.251778E-06  5.625521E+07  8.444949E+01 
2.515625E-01  2.382072E-06  5.317817E+07  8.444949E+01 
2.546875E-01  2.518156E-06  5.030436E+07  8.444949E+01 
2.578125E-01  2.660212E-06  4.761810E+07  8.444949E+01 
2.609375E-01  2.808424E-06  4.510510E+07  8.444949E+01 
2.640625E-01  2.962980E-06  4.275232E+07  8.444949E+01 
2.671875E-01  3.124072E-06  4.054780E+07  8.444949E+01 
2.703125E-01  3.291895E-06  3.848065E+07  8.444949E+01 
2.734375E-01  3.466648E-06  3.654085E+07  8.444949E+01 
2.765625E-01  3.648532E-06  3.471923E+07  8.444949E+01 
2.796875E-01  3.837754E-06  3.300739E+07  8.444949E+01 
2.828125E-01  4.034522E-06  3.139758E+07  8.444949E+01 
2.859375E-01  4.239049E-06  2.988270E+07  8.444949E+01 
2.890625E-01  4.451550E-06  2.845621E+07  8.444949E+01 
2.921875E-01  4.672246E-06  2.711206E+07  8.444949E+01 
2.953125E-01  4.901360E-06  2.584471E+07  8.444949E+01 
2.984375E-01  5.139119E-06  2.464902E+07  8.444949E+01 
3.015625E-01  5.385752E-06  2.352025E+07  8.444949E+01 
3.046875E-01  5.641496E-06  2.245402E+07  8.444949E+01 
3.078125E-01  5.906586E-06  2.144627E+07  8.444949E+01 
3.109375E-01  6.181265E-06  2.049326E+07  8.444949E+01 
3.140625E-01  6.465778E-06  1.959149E+07  8.444949E+01 
3.171875E-01  6.760373E-06  1.873776E+07  8.444949E+01 
3.203125E-01  7.065304E-06  1.792906E+07  8.444949E+01 
3.234375E-01  7.380828E-06  1.716261E+07  8.444949E+01 
3.265625E-01  7.707203E-06  1.643583E+07  8.444950E+01 
3.296875E-01  8.044694E-06  1.574631E+07  8.444950E+01 
3.328125E-01  8.393570E-06  1.509182E+07  8.444950E+01 
3.359375E-01  8.754101E-06  1.447027E+07  8.444950E+01 
3.390625E-01  9.126564E-06  1.387973E+07  8.444950E+01 
3.421875E-01  9.511237E-06  1.331838E+07  8.444950E+01 
3.453125E-01  9.908405E-06  1.278452E+07  8.444950E+01 
3.484375E-01  1.031835E-05  1.227659E+07  8.444950E+01 
3.515625E-01  1.074137E-05  1.179311E+07  8.444950E+01 
3.546875E-01  1.117776E-05  1.133270E+07  8.444950E+01 
3.578125E-01  1.162782E-05  1.089407E+07  8.444950E+01 
3.609375E-01  1.209184E-05  1.047601E+07  8.444950E+01 
3.640625E-01  1.257014E-05  1.007739E+07  8.444950E+01 
3.671875E-01  1.306303E-05  9.697157E+06  8.444950E+01 
3.703125E-01  1.357082E-05  9.334311E+06  8.444950E+01 
3.734375E-01  1.409383E-05  8.987921E+06  8.444950E+01 
3.765625E-01  1.463239E-05  8.657114E+06  8.444950E+01 
3.796875E-01  1.518682E-05  8.341066E+06  8.444950E+01 
3.828125E-01  1.575745E-05  8.039008E+06  8.444950E+01 
3.859375E-01  1.634462E-05  7.750211E+06  8.444950E+01 
3.890625E-01  1.694867E-05  7.473994E+06  8.444950E+01 
3.921875E-01  1.756994E-05  7.209715E+06  8.444950E+01 
3.953125E-01  1.820878E-05  6.956767E+06  8.444950E+01 
3.984375E-01  1.886554E-05  6.714582E+06  8.444950E+01 
4.015625E-01  1.954059E-05  6.482623E+06  8.444950E+01 
4.046875E-01  2.023427E-05  6.260383E+06  8.444950E+01 
4.078125E-01  2.094695E-05  6.047384E+06  8.444950E+01 
4.109375E-01  2.167901E-05  5.843176E+06  8.444950E+01 
4.140625E-01  2.243081E-05  5.647333E+06  8.444950E+01 
4.171875E-01  2.320274E-05  5.459453E+06  8.444950E+01 
4.203125E-01  2.399517E-05  5.279157E+06  8.444950E+01 
4.234375E-01  2.480849E-05  5.106085E+06  8.444951E+01 
4.265625E-01  2.564310E-05  4.939897E+06  8.444951E+01 
4.296875E-01  2.649938E-05  4.780273E+06  8.444951E+01 
4.328125E-01  2.737774E-05  4.626908E+06  8.444951E+01 
4.359375E-01  2.827857E-05  4.479514E+06  8.444951E+01 
4.390625E-01  2.920230E-05  4.337819E+06  8.444951E+01 
4.421875E-01  3.014932E-05  4.201563E+06  8.444951E+01 
4.453125E-01  3.112006E-05  4.070502E+06  8.444951E+01 
4.484375E-01  3.211494E-05  3.944403E+06  8.444951E+01 
4.515625E-01  3.313438E-05  3.823046E+06  8.444951E+01 
4.546875E-01  3.417882E-05  3.706222E+06  8.444951E+01 
4.578125E-01  3.524868E-05  3.593731E+06  8.444951E+01 
4.609375E-01  3.634441E-05  3.485385E+06  8.444951E+01 
4.640625E-01  3.746646E-05  3.381005E+06  8.444952E+01 
4.671875E-01  3.861526E-05  3.280420E+06  8.444952E+01 
4.703125E-01  3.979127E-05  3.183469E+06  8.444952E+01 
4.734375E-01  4.099496E-05  3.089997E+06  8.444952E+01 
4.765625E-01  4.222677E-05  2.999857E+06  8.444952E+01 
4.796875E-01  4.348719E-05  2.912910E+06  8.444952E+01 
4.828125E-01  4.477667E-05  2.829024E+06  8.444952E+01 
4.859375E-01  4.609570E-05  2.748072E+06  8.444952E+01 
4.890625E-01  4.744475E-05  2.669933E+06  8.444952E+01 
4.921875E-01  4.882431E-05  2.594492E+06  8.444953E+01 
4.953125E-01  5.023488E-05  2.521640E+06  8.444953E+01 
4.984375E-01  5.167693E-05  2.451273E+06  8.444953E+01 
5.015625E-01  5.315098E-05  2.383292E+06  8.444953E+01 
5.046875E-01  5.465753E-05  2.317600E+06  8.444953E+01 
5.078125E-01  5.619709E-05  2.254108E+06  8.444953E+01 
5.109375E-01  5.777016E-05  2.192729E+06  8.444954E+01 
5.140625E-01  5.937727E-05  2.133380E+06  8.444954E+01 
5.171875E-01  6.101894E-05  2.075983E+06  8.444954E+01 
5.203125E-01  6.269570E-05  2.020462E+06  8.444954E+01 
5.234375E-01  6.440808E-05  1.966746E+06  8.444954E+01 
5.265625E-01  6.615662E-05  1.914764E+06  8.444954E+01 
5.296875E-01  6.794185E-05  1.864452E+06  8.444955E+01 
5.328125E-01  6.976433E-05  1.815746E+06  8.444955E+01 
5.359375E-01  7.162461E-05  1.768586E+06  8.444955E+01 
5.390625E-01  7.352325E-05  1.722915E+06  8.444955E+01 
5.421875E-01  7.546080E-05  1.678677E+06  8.444955E+01 
5.453125E-01  7.743784E-05  1.635820E+06  8.444956E+01 
5.484375E-01  7.945493E-05  1.594292E+06  8.444956E+01 
5.515625E-01  8.151264E-05  1.554045E+06  8.444956E+01 
5.546875E-01  8.361158E-05  1.515034E+06  8.444956E+01 
5.578125E-01  8.575231E-05  1.477212E+06  8.444957E+01 
5.609375E-01  8.793542E-05  1.440538E+06  8.444957E+01 
5.640625E-01  9.016153E-05  1.404971E+06  8.444957E+01 
5.671875E-01  9.243122E-05  1.370472E+06  8.444958E+01 
5.703125E-01  9.474510E-05  1.337002E+06  8.444958E+01 
5.734375E-01  9.710379E-05  1.304526E+06  8.444958E+01 
5.765625E-01  9.950790E-05  1.273008E+06  8.444959E+01 
5.796875E-01  1.019581E-04  1.242417E+06  8.444959E+01 
5.828125E-01  1.044549E-04  1.212719E+06  8.444959E+01 
5.859375E-01  1.069990E-04  1.183884E+06  8.444960E+01 
5.890625E-01  1.095910E-04  1.155883E+06  8.444960E+01 
5.921875E-01  1.122317E-04  1.128687E+06  8.444960E+01 
5.953125E-01  1.149215E-04  1.102269E+06  8.444961E+01 
5.984375E-01  1.176613E-04  1.076603E+06  8.444961E+01 
6.015625E-01  1.204515E-04  1.051663E+06  8.444962E+01 
6.046875E-01  1.232930E-04  1.027426E+06  8.444962E+01 
6.078125E-01  1.261863E-04  1.003868E+06  8.444962E+01 
6.109375E-01  1.291322E-04  9.809672E+05  8.444963E+01 
6.140625E-01  1.321313E-04  9.587015E+05  8.444963E+01 
6.171875E-01  1.351842E-04  9.370504E+05  8.444964E+01 
6.203125E-01  1.382918E-04  9.159940E+05  8.444964E+01 
6.234375E-01  1.414546E-04  8.955130E+05  8.444965E+01 
6.265625E-01  1.446735E-04  8.755889E+05  8.444965E+01 
6.296875E-01  1.479490E-04  8.562039E+05  8.444966E+01 
6.328125E-01  1.512819E-04  8.373409E+05  8.444966E+01 
6.359375E-01  1.546729E-04  8.189834E+05  8.444967E+01 
6.390625E-01  1.581227E-04  8.011153E+05  8.444967E+01 
6.421875E-01  1.616321E-04  7.837214E+05  8.444968E+01 
6.453125E-01  1.652017E-04  7.667869E+05  8.444969E+01 
6.484375E-01  1.688324E-04  7.502975E+05  8.444969E+01 
6.515625E-01  1.725249E-04  7.342394E+05  8.444970E+01 
6.546875E-01  1.762798E-04  7.185994E+05  8.444970E+01 
6.578125E-01  1.800980E-04  7.033646E+05  8.444971E+01 
6.609375E-01  1.839802E-04  6.885227E+05  8.444972E+01 
6.640625E-01  1.879272E-04  6.740619E+05  8.444973E+01 
6.671875E-01  1.919398E-04  6.599705E+05  8.444973E+01 
6.703125E-01  1.960187E-04  6.462375E+05  8.444974E+01 
6.734375E-01  2.001646E-04  6.328521E+05  8.444975E+01 
6.765625E-01  2.043785E-04  6.198041E+05  8.444976E+01 
6.796875E-01  2.086610E-04  6.070833E+05  8.444976E+01 
6.828125E-01  2.130131E-04  5.946802E+05  8.444977E+01 
6.859375E-01  2.174353E-04  5.825855E+05  8.444978E+01 
6.890625E-01  2.219287E-04  5.707900E+05  8.444979E+01 
6.921875E-01  2.264940E-04  5.592851E+05  8.444980E+01 
6.953125E-01  2.311319E-04  5.480623E+05  8.444981E+01 
6.984375E-01  2.358434E-04  5.371136E+05  8.444982E+01 
7.015625E-01  2.406293E-04  5.264310E+05  8.444983E+01 
7.046875E-01  2.454904E-04  5.160070E+05  8.444983E+01 
7.078125E-01  2.504275E-04  5.058341E+05  8.444984E+01 
7.109375E-01  2.554415E-04  4.959053E+05  8.444986E+01 
7.140625E-01  2.605332E-04  4.862136E+05  8.444987E+01 
7.171875E-01  2.657035E-04  4.767525E+05  8.444988E+01 
7.203125E-01  2.709533E-04  4.675154E+05  8.444989E+01 
7.234375E-01  2.762834E-04  4.584960E+05  8.444990E+01 
7.265625E-01  2.816947E-04  4.496885E+05  8.444991E+01 
7.296875E-01  2.871881E-04  4.410868E+05  8.444992E+01 
7.328125E-01  2.927644E-04  4.326854E+05  8.444993E+01 
7.359375E-01  2.984246E-04  4.244788E+05  8.444995E+01 
7.390625E-01  3.041696E-04  4.164616E+05  8.444996E+01 
7.421875E-01  3.100002E-04  4.086287E+05  8.444997E+01 
7.453125E-01  3.159173E-04  4.009751E+05  8.444999E+01 
7.484375E-01  3.219220E-04  3.934960E+05  8.445000E+01 
7.515625E-01  3.280150E-04  3.861867E+05  8.445001E+01 
7.546875E-01  3.341974E-04  3.790426E+05  8.445003E+01 
7.578125E-01  3.404700E-04  3.720594E+05  8.445004E+01 
7.609375E-01  3.468338E-04  3.652328E+05  8.445006E+01 
7.640625E-01  3.532897E-04  3.585587E+05  8.445007E+01 
7.671875E-01  3.598387E-04  3.520331E+05  8.445009E+01 
7.703125E-01  3.664818E-04  3.456520E+05  8.445010E+01 
7.734375E-01  3.732199E-04  3.394117E+05  8.445012E+01 
7.765625E-01  3.800539E-04  3.333085E+05  8.445014E+01 
7.796875E-01  3.869848E-04  3.273390E+05  8.445015E+01 
7.828125E-01  3.940137E-04  3.214996E+05  8.445017E+01 
7.859375E-01  4.011415E-04  3.157870E+05  8.445019E+01 
7.890625E-01  4.083692E-04  3.101980E+05  8.445021E+01 
7.921875E-01  4.156977E-04  3.047295E+05  8.445022E+01 
7.953125E-01  4.231282E-04  2.993782E+05  8.445024E+01 
7.984375E-01  4.306615E-04  2.941414E+05  8.445026E+01 
8.015625E-01  4.382987E-04  2.890162E+05  8.445028E+01 
8.046875E-01  4.460409E-04  2.839996E+05  8.445030E+01 
8.078125E-01  4.538891E-04  2.790891E+05  8.445032E+01 
8.109375E-01  4.618442E-04  2.742819E+05  8.445035E+01 
8.140625E-01  4.699073E-04  2.695756E+05  8.445037E+01 
8.171875E-01  4.780796E-04  2.649676E+05  8.445039E+01 
8.203125E-01  4.863619E-04  2.604555E+05  8.445041E+01 
8.234375E-01  4.947554E-04  2.560369E+05  8.445043E+01 
8.265625E-01  5.032611E-04  2.517096E+05  8.445046E+01 
8.296875E-01  5.118802E-04  2.474714E+05  8.445048E+01 
8.328125E-01  5.206136E-04  2.433201E+05  8.445051E+01 
8.359375E-01  5.294625E-04  2.392536E+05  8.445053E+01 
8.390625E-01  5.384280E-04  2.352698E+05  8.445056E+01 
8.421875E-01  5.475111E-04  2.313668E+05  8.445058E+01 
8.453125E-01  5.567129E-04  2.275426E+05  8.445061E+01 
8.484375E-01  5.660345E-04  2.237955E+05  8.445064E+01 
8.515625E-01  5.754771E-04  2.201234E+05  8.445066E+01 
8.546875E-01  5.850418E-04  2.165248E+05  8.445069E+01 
8.578125E-01  5.947297E-04  2.129977E+05  8.445072E+01 
8.609375E-01  6.045419E-04  2.095407E+05  8.445075E+01 
8.640625E-01  6.144796E-04  2.061520E+05  8.445078E+01 
8.671875E-01  6.245438E-04  2.028300E+05  8.445081E+01 
8.703125E-01  6.347358E-04  1.995732E+05  8.445084E+01 
8.734375E-01  6.450567E-04  1.963801E+05  8.445087E+01 
8.765625E-01  6.555077E-04  1.932492E+05  8.445091E+01 
8.796875E-01  6.660899E-04  1.901791E+05  8.445094E+01 
8.828125E-01  6.768045E-04  1.871685E+05  8.445097E+01 
8.859375E-01  6.876527E-04  1.842158E+05  8.445101E+01 
8.890625E-01  6.986356E-04  1.813199E+05  8.445104E+01 
8.921875E-01  7.097546E-04  1.784795E+05  8.445108E+01 
8.953125E-01  7.210106E-04  1.756932E+05  8.445111E+01 
8.984375E-01  7.324051E-04  1.729599E+05  8.445115E+01 
9.015625E-01  7.439391E-04  1.702784E+05  8.445119E+01 
9.046875E-01  7.556139E-04  1.676476E+05  8.445123E+01 
9.078125E-01  7.674307E-04  1.650662E+05  8.445127E+01 
9.109375E-01  7.793907E-04  1.625333E+05  8.445131E+01 
9.140625E-01  7.914953E-04  1.600477E+05  8.445135E+01 
9.171875E-01  8.037455E-04  1.576084E+05  8.445139E+01 
9.203125E-01  8.161428E-04  1.552144E+05  8.445143E+01 
9.234375E-01  8.286882E-04  1.528647E+05  8.445148E+01 
9.265625E-01  8.413832E-04  1.505584E+05  8.445152E+01 
9.296875E-01  8.542289E-04  1.482944E+05  8.445156E+01 
9.328125E-01  8.672266E-04  1.460719E+05  8.445161E+01 
9.359375E-01  8.803777E-04  1.438899E+05  8.445166E+01 
9.390625E-01  8.936834E-04  1.417477E+05  8.445170E+01 
9.421875E-01  9.071449E-04  1.396443E+05  8.445175E+01 
9.453125E-01  9.207637E-04  1.375790E+05  8.445180E+01 
9.484375E-01  9.345409E-04  1.355508E+05  8.445185E+01 
9.515625E-01  9.484780E-04  1.335591E+05  8.445190E+01 
9.546875E-01  9.625762E-04  1.316030E+05  8.445195E+01 
9.578125E-01  9.768369E-04  1.296818E+05  8.445201E+01 
9.609375E-01  9.912614E-04  1.277948E+05  8.445206E+01 
9.640625E-01  1.005851E-03  1.259413E+05  8.445212E+01 
9.671875E-01  1.020607E-03  1.241205E+05  8.445217E+01 
9.703125E-01  1.035531E-03  1.223318E+05  8.445223E+01 
9.734375E-01  1.050624E-03  1.205744E+05  8.445229E+01 
9.765625E-01  1.065888E-03  1.188479E+05  8.445235E+01 
9.796875E-01  1.081324E-03  1.171514E+05  8.445241E+01 
9.828125E-01  1.096933E-03  1.154845E+05  8.445247E+01 
9.859375E-01  1.112716E-03  1.138465E+05  8.445253E+01 
9.890625E-01  1.128676E-03  1.122367E+05  8.445259E+01 
9.921875E-01  1.144813E-03  1.106547E+05  8.445266E+01 
9.953125E-01  1.161129E-03  1.090999E+05  8.445272E+01 
9.984375E-01  1.177626E-03  1.075717E+05  8.445279E+01 
1.001562E+00  1.194304E-03  1.060695E+05  8.445285E+01 
1.004687E+00  1.211165E-03  1.045930E+05  8.445292E+01 
1.007812E+00  1.228211E-03  1.031414E+05  8.445299E+01 
1.010938E+00  1.245443E-03  1.017145E+05  8.445306E+01 
1.014062E+00  1.262863E-03  1.003115E+05  8.445314E+01 
1.017187E+00  1.280471E-03  9.893218E+04  8.445321E+01 
1.020312E+00  1.298270E-03  9.757594E+04  8.445329E+01 
1.023438E+00  1.316261E-03  9.624236E+04  8.445336E+01 
1.026563E+00  1.334445E-03  9.493099E+04  8.445344E+01 
1.029687E+00  1.352824E-03  9.364139E+04  8.445352E+01 
1.032812E+00  1.371399E-03  9.237314E+04  8.445360E+01 
1.035937E+00  1.390172E-03  9.112581E+04  8.445368E+01 
1.039062E+00  1.409144E-03  8.989902E+04  8.445376E+01 
1.042188E+00  1.428317E-03  8.869235E+04  8.445385E+01 
1.045312E+00  1.447692E-03  8.750541E+04  8.445393E+01 
1.048437E+00  1.467271E-03  8.633784E+04  8.445402E+01 
1.051562E+00  1.487056E-03  8.518924E+04  8.445411E+01 
1.054688E+00  1.507047E-03  8.405927E+04  8.445420E+01 
1.057813E+00  1.527247E-03  8.294757E+04  8.445429E+01 
1.060937E+00  1.547657E-03  8.185378E+04  8.445438E+01 
1.064062E+00  1.568278E-03  8.077757E+04  8.445448E+01 
1.067187E+00  1.589113E-03  7.971860E+04  8.445457E+01 
1.070312E+00  1.610162E-03  7.867655E+04  8.445467E+01 
1.073438E+00  1.631428E-03  7.765110E+04  8.445477E+01 
1.076562E+00  1.652911E-03  7.664194E+04  8.445487E+01 
1.079687E+00  1.674614E-03  7.564877E+04  8.445497E+01 
1.082812E+00  1.696537E-03  7.467128E+04  8.445507E+01 
1.085938E+00  1.718684E-03  7.370918E+04  8.445518E+01 
1.089063E+00  1.741054E-03  7.276219E+04  8.445529E+01 
1.092187E+00  1.763651E-03  7.183003E+04  8.445540E+01 
1.095312E+00  1.786475E-03  7.091242E+04  8.445551E+01 
1.098437E+00  1.809528E-03  7.000910E+04  8.445562E+01 
1.101562E+00  1.832812E-03  6.911980E+04  8.445573E+01 
1.104688E+00  1.856328E-03  6.824428E+04  8.445585E+01 
1.107812E+00  1.880079E-03  6.738227E+04  8.445597E+01 
1.110937E+00  1.904065E-03  6.653353E+04  8.445609E+01 
1.114062E+00  1.928288E-03  6.569781E+04  8.445621E+01 
1.117188E+00  1.952751E-03  6.487490E+04  8.445633E+01 
1.120313E+00  1.977454E-03  6.406455E+04  8.445646E+01 
1.123437E+00  2.002400E-03  6.326653E+04  8.445658E+01 
1.126562E+00  2.027589E-03  6.248063E+04  8.445671E+01 
1.129687E+00  2.053025E-03  6.170663E+04  8.445684E+01 
1.132812E+00  2.078708E-03  6.094432E+04  8.445698E+01 
1.135938E+00  2.104641E-03  6.019349E+04  8.445711E+01 
1.139062E+00  2.130824E-03  5.945393E+04  8.445725E+01 
1.142187E+00  2.157261E-03  5.872544E+04  8.445739E+01 
1.145312E+00  2.183951E-03  5.800784E+04  8.445753E+01 
1.148438E+00  2.210898E-03  5.730093E+04  8.445768E+01 
1.151563E+00  2.238103E-03  5.660452E+04  8.445782E+01 
1.154687E+00  2.265568E-03  5.591842E+04  8.445797E+01 
1.157812E+00  2.293294E-03  5.524246E+04  8.445812E+01 
1.160937E+00  2.321283E-03  5.457646E+04  8.445827E+01 
1.164062E+00  2.349537E-03  5.392025E+04  8.445843E+01 
1.167188E+00  2.378059E-03  5.327366E+04  8.445858E+01 
1.170312E+00  2.406848E-03  5.263652E+04  8.445874E+01 
1.173437E+00  2.435909E-03  5.200866E+04  8.445890E+01 
1.176562E+00  2.465241E-03  5.138994E+04  8.445907E+01 
1.179688E+00  2.494848E-03  5.078019E+04  8.445924E+01 
1.182813E+00  2.524730E-03  5.017926E+04  8.445940E+01 
1.185937E+00  2.554891E-03  4.958700E+04  8.445958E+01 
1.189062E+00  2.585331E-03  4.900326E+04  8.445975E+01 
1.192187E+00  2.616052E-03  4.842790E+04  8.445993E+01 
1.195312E+00  2.647056E-03  4.786077E+04  8.446011E+01 
1.198438E+00  2.678346E-03  4.730174E+04  8.446029E+01 
1.201563E+00  2.709923E-03  4.675067E+04  8.446047E+01 
1.204687E+00  2.741789E-03  4.620742E+04  8.446066E+01 
1.207812E+00  2.773945E-03  4.567188E+04  8.446085E+01 
1.210938E+00  2.806394E-03  4.514389E+04  8.446104E+01 
1.214063E+00  2.839138E-03  4.462335E+04  8.446124E+01 
1.217188E+00  2.872178E-03  4.411013E+04  8.446143E+01 
1.220312E+00  2.905517E-03  4.360411E+04  8.446163E+01 
1.223437E+00  2.939155E-03  4.310516E+04  8.446184E+01 
1.226562E+00  2.973097E-03  4.261317E+04  8.446204E+01 
1.229688E+00  3.007342E-03  4.212803E+04  8.446225E+01 
1.232813E+00  3.041893E-03  4.164962E+04  8.446247E+01 
1.235937E+00  3.076753E-03  4.117783E+04  8.446268E+01 
1.239062E+00  3.111923E-03  4.071256E+04  8.446290E+01 
1.242188E+00  3.147404E-03  4.025370E+04  8.446312E+01 
1.245313E+00  3.183200E-03  3.980115E+04  8.446334E+01 
1.248438E+00  3.219312E-03  3.935480E+04  8.446357E+01 
1.251562E+00  3.255741E-03  3.891455E+04  8.446380E+01 
1.254687E+00  3.292491E-03  3.848031E+04  8.446404E+01 
1.257812E+00  3.329562E-03  3.805197E+04  8.446427E+01 
1.260938E+00  3.366958E-03  3.762945E+04  8.446451E+01 
1.264063E+00  3.404680E-03  3.721265E+04  8.446476E+01 
1.267187E+00  3.442729E-03  3.680147E+04  8.446501E+01 
1.270312E+00  3.481109E-03  3.639584E+04  8.446526E+01 
1.273438E+00  3.519821E-03  3.599566E+04  8.446551E+01 
1.276563E+00  3.558867E-03  3.560084E+04  8.446577E+01 
1.279688E+00  3.598249E-03  3.521130E+04  8.446603E+01 
1.282812E+00  3.637970E-03  3.482696E+04  8.446629E+01 
1.285937E+00  3.678031E-03  3.444774E+04  8.446656E+01 
1.289062E+00  3.718434E-03  3.407355E+04  8.446683E+01 
1.292188E+00  3.759182E-03  3.370431E+04  8.446711E+01 
1.295313E+00  3.800277E-03  3.333996E+04  8.446738E+01 
1.298437E+00  3.841720E-03  3.298041E+04  8.446767E+01 
1.301562E+00  3.883515E-03  3.262558E+04  8.446795E+01 
1.304688E+00  3.925662E-03  3.227541E+04  8.446824E+01 
1.307813E+00  3.968164E-03  3.192983E+04  8.446854E+01 
1.310938E+00  4.011024E-03  3.158875E+04  8.446884E+01 
1.314062E+00  4.054243E-03  3.125212E+04  8.446914E+01 
1.317187E+00  4.097824E-03  3.091987E+04  8.446944E+01 
1.320312E+00  4.141768E-03  3.059192E+04  8.446975E+01 
1.323438E+00  4.186079E-03  3.026821E+04  8.447007E+01 
1.326563E+00  4.230757E-03  2.994868E+04  8.447038E+01 
1.329687E+00  4.275806E-03  2.963326E+04  8.447071E+01 
1.332812E+00  4.321227E-03  2.932189E+04  8.447103E+01 
1.335938E+00  4.367023E-03  2.901451E+04  8.447136E+01 
1.339063E+00  4.413195E-03  2.871107E+04  8.447170E+01 
1.342188E+00  4.459747E-03  2.841149E+04  8.447204E+01 
1.345312E+00  4.506680E-03  2.811572E+04  8.447238E+01 
1.348437E+00  4.553997E-03  2.782371E+04  8.447273E+01 
1.351562E+00  4.601699E-03  2.753540E+04  8.447308E+01 
1.354688E+00  4.649790E-03  2.725073E+04  8.447344E+01 
1.357813E+00  4.698270E-03  2.696965E+04  8.447380E+01 
1.360937E+00  4.747144E-03  2.669210E+04  8.447416E+01 
1.364062E+00  4.796412E-03  2.641804E+04  8.447454E+01 
1.367188E+00  4.846077E-03  2.614741E+04  8.447491E+01 
1.370313E+00  4.896141E-03  2.588016E+04  8.447529E+01 
1.373438E+00  4.946608E-03  2.561624E+04  8.447568E+01 
1.376562E+00  4.997478E-03  2.535561E+04  8.447607E+01 
1.379687E+00  5.048755E-03  2.509821E+04  8.447646E+01 
1.382812E+00  5.100440E-03  2.484399E+04  8.447686E+01 
1.385938E+00  5.152536E-03  2.459292E+04  8.447726E+01 
1.389063E+00  5.205046E-03  2.434494E+04  8.447767E+01 
1.392187E+00  5.257971E-03  2.410001E+04  8.447809E+01 
1.395312E+00  5.311314E-03  2.385808E+04  8.447851E+01 
1.398438E+00  5.365078E-03  2.361912E+04  8.447893E+01 
1.401563E+00  5.419264E-03  2.338307E+04  8.447936E+01 
1.404688E+00  5.473875E-03  2.314991E+04  8.447980E+01 
1.407812E+00  5.528914E-03  2.291957E+04  8.448024E+01 
1.410937E+00  5.584383E-03  2.269204E+04  8.448069E+01 
1.414062E+00  5.640284E-03  2.246726E+04  8.448114E+01 
1.417188E+00  5.696620E-03  2.224519E+04  8.448160E+01 
1.420313E+00  5.753393E-03  2.202580E+04  8.448206E+01 
1.423437E+00  5.810605E-03  2.180905E+04  8.448253E+01 
1.426562E+00  5.868260E-03  2.159490E+04  8.448300E+01 
1.429688E+00  5.926359E-03  2.138332E+04  8.448348E+01 
1.432813E+00  5.984905E-03  2.117426E+04  8.448397E+01 
1.435938E+00  6.043900E-03  2.096770E+04  8.448446E+01 
1.439062E+00  6.103347E-03  2.076360E+04  8.448496E+01 
1.442187E+00  6.163248E-03  2.056192E+04  8.448546E+01 
1.445312E+00  6.223607E-03  2.036262E+04  8.448597E+01 
1.448438E+00  6.284424E-03  2.016569E+04  8.448649E+01 
1.451563E+00  6.345703E-03  1.997107E+04  8.448701E+01 
1.454687E+00  6.407447E-03  1.977875E+04  8.448754E+01 
1.457812E+00  6.469657E-03  1.958869E+04  8.448807E+01 
1.460938E+00  6.532337E-03  1.940085E+04  8.448861E+01 
1.464063E+00  6.595489E-03  1.921522E+04  8.448916E+01 
1.467188E+00  6.659115E-03  1.903174E+04  8.448971E+01 
1.470312E+00  6.723218E-03  1.885041E+04  8.449028E+01 
1.473437E+00  6.787801E-03  1.867118E+04  8.449084E+01 
1.476562E+00  6.852866E-03  1.849403E+04  8.449142E+01 
1.479688E+00  6.918415E-03  1.831893E+04  8.449200E+01 
1.482813E+00  6.984452E-03  1.814586E+04  8.449258E+01 
1.485937E+00  7.050979E-03  1.797478E+04  8.449318E+01 
1.489062E+00  7.117998E-03  1.780566E+04  8.449378E+01 
1.492188E+00  7.185512E-03  1.763849E+04  8.449439E+01 
1.495313E+00  7.253525E-03  1.747323E+04  8.449500E+01 
1.498438E+00  7.322037E-03  1.730986E+04  8.449562E+01 
1.501562E+00  7.391053E-03  1.714835E+04  8.449625E+01 
1.504687E+00  7.460574E-03  1.698868E+04  8.449689E+01 
1.507812E+00  7.530604E-03  1.683083E+04  8.449753E+01 
1.510938E+00  7.601144E-03  1.667476E+04  8.449818E+01 
1.514063E+00  7.672198E-03  1.652046E+04  8.449884E+01 
1.517187E+00  7.743769E-03  1.636790E+04  8.449951E+01 
1.520312E+00  7.815859E-03  1.621706E+04  8.450018E+01 
1.523438E+00  7.888470E-03  1.606792E+04  8.450086E+01 
1.526563E+00  7.961606E-03  1.592045E+04  8.450155E+01 
1.529688E+00  8.035269E-03  1.577463E+04  8.450225E+01 
1.532812E+00  8.109462E-03  1.563044E+04  8.450295E+01 
1.535937E+00  8.184188E-03  1.548785E+04  8.450367E+01 
1.539062E+00  8.259449E-03  1.534686E+04  8.450439E+01 
1.542188E+00  8.335248E-03  1.520743E+04  8.450512E+01 
1.545313E+00  8.411588E-03  1.506954E+04  8.450585E+01 
1.548437E+00  8.488472E-03  1.493318E+04  8.450660E+01 
1.551562E+00  8.565902E-03  1.479833E+04  8.450735E+01 
1.554688E+00  8.643882E-03  1.466496E+04  8.450811E+01 
1.557813E+00  8.722414E-03  1.453306E+04  8.450888E+01 
1.560938E+00  8.801500E-03  1.440260E+04  8.450966E+01 
1.564062E+00  8.881144E-03  1.427357E+04  8.451045E+01 
1.567187E+00  8.961349E-03  1.414596E+04  8.451125E+01 
1.570312E+00  9.042117E-03  1.401973E+04  8.451205E+01 
1.573438E+00  9.123452E-03  1.389488E+04  8.451287E+01 
1.576563E+00  9.205355E-03  1.377139E+04  8.451369E+01 
1.579687E+00  9.287831E-03  1.364924E+04  8.451452E+01 
1.582812E+00  9.370881E-03  1.352840E+04  8.451536E+01 
1.585938E+00  9.454509E-03  1.340887E+04  8.451621E+01 
1.589063E+00  9.538717E-03  1.329064E+04  8.451707E+01 
1.592188E+00  9.623509E-03  1.317367E+04  8.451794E+01 
1.595312E+00  9.708887E-03  1.305796E+04  8.451882E+01 
1.598437E+00  9.794855E-03  1.294349E+04  8.451971E+01 
1.601562E+00  9.881415E-03  1.283024E+04  8.452061E+01 
1.604688E+00  9.968570E-03  1.271820E+04  8.452151E+01 
1.607813E+00  1.005632E-02  1.260736E+04  8.452243E+01 
1.610937E+00  1.014468E-02  1.249769E+04  8.452336E+01 
1.614062E+00  1.023364E-02  1.238919E+04  8.452430E+01 
1.617188E+00  1.032320E-02  1.228184E+04  8.452524E+01 
1.620313E+00  1.041338E-02  1.217562E+04  8.452620E+01 
1.623438E+00  1.050416E-02  1.207052E+04  8.452717E+01 
1.626562E+00  1.059557E-02  1.196653E+04  8.452815E+01 
1.629687E+00  1.068759E-02  1.186364E+04  8.452913E+01 
1.632812E+00  1.078024E-02  1.176182E+04  8.453013E+01 
1.635938E+00  1.087351E-02  1.166107E+04  8.453114E+01 
1.639063E+00  1.096741E-02  1.156137E+04  8.453216E+01 
1.642187E+00  1.106194E-02  1.146271E+04  8.453319E+01 
1.645312E+00  1.115710E-02  1.136508E+04  8.453423E+01 
1.648438E+00  1.125290E-02  1.126847E+04  8.453529E+01 
1.651563E+00  1.134934E-02  1.117285E+04  8.453635E+01 
1.654688E+00  1.144643E-02  1.107823E+04  8.453742E+01 
1.657812E+00  1.154416E-02  1.098458E+04  8.453851E+01 
1.660937E+00  1.164254E-02  1.089190E+04  8.453961E+01 
1.664062E+00  1.174157E-02  1.080018E+04  8.454072E+01 
1.667188E+00  1.184126E-02  1.070939E+04  8.454184E+01 
1.670313E+00  1.194161E-02  1.061954E+04  8.454297E+01 
1.673437E+00  1.204262E-02  1.053061E+04  8.454411E+01 
1.676562E+00  1.214430E-02  1.044259E+04  8.454527E+01 
1.679688E+00  1.224665E-02  1.035546E+04  8.454643E+01 
1.682813E+00  1.234966E-02  1.026922E+04  8.454761E+01 
1.685938E+00  1.245335E-02  1.018386E+04  8.454880E+01 
1.689062E+00  1.255772E-02  1.009936E+04  8.455001E+01 
1.692187E+00  1.266277E-02  1.001572E+04  8.455122E+01 
1.695312E+00  1.276851E-02  9.932927E+03  8.455245E+01 
1.698438E+00  1.287493E-02  9.850967E+03  8.455369E+01 
1.701563E+00  1.298205E-02  9.769832E+03  8.455495E+01 
1.704687E+00  1.308986E-02  9.689513E+03  8.455621E+01 
1.707812E+00  1.319836E-02  9.609999E+03  8.455749E+01 
1.710938E+00  1.330757E-02  9.531282E+03  8.455878E+01 
1.714063E+00  1.341748E-02  9.453351E+03  8.456009E+01 
1.717188E+00  1.352810E-02  9.376199E+03  8.456141E+01 
1.720312E+00  1.363942E-02  9.299814E+03  8.456274E+01 
1.723437E+00  1.375147E-02  9.224189E+03  8.456409E+01 
1.726562E+00  1.386423E-02  9.149315E+03  8.456544E+01 
1.729688E+00  1.397771E-02  9.075182E+03  8.456682E+01 
1.732813E+00  1.409191E-02  9.001782E+03  8.456820E+01 
1.735937E+00  1.420684E-02  8.929107E+03  8.456960E+01 
1.739062E+00  1.432250E-02  8.857148E+03  8.457102E+01 
1.742188E+00  1.443890E-02  8.785896E+03  8.457244E+01 
1.745313E+00  1.455603E-02  8.715344E+03  8.457389E+01 
1.748438E+00  1.467391E-02  8.645484E+03  8.457534E+01 
1.751562E+00  1.479252E-02  8.576307E+03  8.457681E+01 
1.754687E+00  1.491189E-02  8.507805E+03  8.457830E+01 
1.757812E+00  1.503201E-02  8.439972E+03  8.457980E+01 
1.760938E+00  1.515288E-02  8.372798E+03  8.458131E+01 
1.764063E+00  1.527450E-02  8.306277E+03  8.458284E+01 
1.767187E+00  1.539689E-02  8.240401E+03  8.458439E+01 
1.770312E+00  1.552005E-02  8.175163E+03  8.458595E+01 
1.773438E+00  1.564397E-02  8.110555E+03  8.458752E+01 
1.776563E+00  1.576867E-02  8.046570E+03  8.458911E+01 
1.779688E+00  1.589414E-02  7.983201E+03  8.459072E+01 
1.782812E+00  1.602038E-02  7.920442E+03  8.459234E+01 
1.785937E+00  1.614741E-02  7.858284E+03  8.459398E+01 
1.789062E+00  1.627523E-02  7.796722E+03  8.459563E+01 
1.792188E+00  1.640384E-02  7.735749E+03  8.459730E+01 
1.795313E+00  1.653323E-02  7.675358E+03  8.459899E+01 
1.798437E+00  1.666343E-02  7.615542E+03  8.460069E+01 
1.801562E+00  1.679442E-02  7.556295E+03  8.460241E+01 
1.804688E+00  1.692622E-02  7.497611E+03  8.460414E+01 
1.807813E+00  1.705883E-02  7.439483E+03  8.460589E+01 
1.810938E+00  1.719224E-02  7.381905E+03  8.460766E+01 
1.814062E+00  1.732647E-02  7.324871E+03  8.460945E+01 
1.817187E+00  1.746152E-02  7.268375E+03  8.461125E+01 
1.820312E+00  1.759739E-02  7.212411E+03  8.461307E+01 
1.823438E+00  1.773408E-02  7.156973E+03  8.461490E+01 
1.826563E+00  1.787161E-02  7.102055E+03  8.461676E+01 
1.829687E+00  1.800996E-02  7.047651E+03  8.461863E+01 
1.832812E+00  1.814916E-02  6.993756E+03  8.462052E+01 
1.835938E+00  1.828919E-02  6.940365E+03  8.462243E+01 
1.839063E+00  1.843006E-02  6.887470E+03  8.462435E+01 
1.842188E+00  1.857179E-02  6.835068E+03  8.462629E+01 
1.845312E+00  1.871436E-02  6.783153E+03  8.462826E+01 
1.848437E+00  1.885779E-02  6.731719E+03  8.463024E+01 
1.851562E+00  1.900208E-02  6.680761E+03  8.463223E+01 
1.854688E+00  1.914723E-02  6.630274E+03  8.463425E+01 
1.857813E+00  1.929325E-02  6.580253E+03  8.463629E+01 
1.860937E+00  1.944013E-02  6.530692E+03  8.463834E+01 
1.864062E+00  1.958789E-02  6.481587E+03  8.464042E+01 
1.867188E+00  1.973653E-02  6.432933E+03  8.464251E+01 
1.870313E+00  1.988605E-02  6.384725E+03  8.464462E+01 
1.873438E+00  2.003645E-02  6.336958E+03  8.464676E+01 
1.876562E+00  2.018774E-02  6.289627E+03  8.464891E+01 
1.879687E+00  2.033993E-02  6.242728E+03  8.465108E+01 
1.882812E+00  2.049301E-02  6.196255E+03  8.465327E+01 
1.885938E+00  2.064699E-02  6.150205E+03  8.465549E+01 
1.889063E+00  2.080188E-02  6.104573E+03  8.465772E+01 
1.892187E+00  2.095767E-02  6.059354E+03  8.465997E+01 
1.895312E+00  2.111438E-02  6.014544E+03  8.466225E+01 
1.898438E+00  2.127200E-02  5.970139E+03  8.466454E+01 
1.901563E+00  2.143054E-02  5.926134E+03  8.466686E+01 
1.904688E+00  2.159001E-02  5.882525E+03  8.466919E+01 
1.907812E+00  2.175041E-02  5.839308E+03  8.467155E+01 
1.910937E+00  2.191173E-02  5.796478E+03  8.467393E+01 
1.914062E+00  2.207400E-02  5.754033E+03  8.467633E+01 
1.917188E+00  2.223720E-02  5.711966E+03  8.467875E+01 
1.920313E+00  2.240135E-02  5.670275E+03  8.468120E+01 
1.923437E+00  2.256644E-02  5.628956E+03  8.468367E+01 
1.926562E+00  2.273249E-02  5.588004E+03  8.468615E+01 
1.929688E+00  2.289949E-02  5.547416E+03  8.468867E+01 
1.932813E+00  2.306745E-02  5.507188E+03  8.469120E+01 
1.935938E+00  2.323638E-02  5.467316E+03  8.469376E+01 
1.939062E+00  2.340628E-02  5.427797E+03  8.469634E+01 
1.942187E+00  2.357714E-02  5.388626E+03  8.469894E+01 
1.945312E+00  2.374899E-02  5.349801E+03  8.470157E+01 
1.948438E+00  2.392181E-02  5.311317E+03  8.470422E+01 
1.951563E+00  2.409562E-02  5.273171E+03  8.470689E+01 
1.954687E+00  2.427042E-02  5.235360E+03  8.470959E+01 
1.957812E+00  2.444621E-02  5.197880E+03  8.471231E+01 
1.960938E+00  2.462300E-02  5.160728E+03  8.471505E+01 
1.964063E+00  2.480079E-02  5.123899E+03  8.471782E+01 
1.967188E+00  2.497958E-02  5.087392E+03  8.472061E+01 
1.970312E+00  2.515938E-02  5.051203E+03  8.472343E+01 
1.973437E+00  2.534020E-02  5.015327E+03  8.472628E+01 
1.976562E+00  2.552204E-02  4.979763E+03  8.472914E+01 
1.979688E+00  2.570490E-02  4.944507E+03  8.473204E+01 
1.982813E+00  2.588878E-02  4.909556E+03  8.473496E+01 
1.985937E+00  2.607370E-02  4.874906E+03  8.473790E+01 
1.989062E+00  2.625965E-02  4.840556E+03  8.474087E+01 
1.992188E+00  2.644664E-02  4.806500E+03  8.474387E+01 
1.995313E+00  2.663468E-02  4.772738E+03  8.474689E+01 
1.998438E+00  2.682376E-02  4.739265E+03  8.474994E+01 
2.001562E+00  2.701390E-02  4.706078E+03  8.475301E+01 
2.004688E+00  2.720509E-02  4.673176E+03  8.475611E+01 
2.007812E+00  2.739734E-02  4.640554E+03  8.475924E+01 
2.010937E+00  2.759066E-02  4.608211E+03  8.476240E+01 
2.014063E+00  2.778505E-02  4.576143E+03  8.476558E+01 
2.017187E+00  2.798052E-02  4.544347E+03  8.476879E+01 
2.020313E+00  2.817706E-02  4.512821E+03  8.477203E+01 
2.023438E+00  2.837469E-02  4.481563E+03  8.477529E+01 
2.026562E+00  2.857340E-02  4.450569E+03  8.477859E+01 
2.029688E+00  2.877321E-02  4.419836E+03  8.478191E+01 
2.032812E+00  2.897411E-02  4.389363E+03  8.478526E+01 
2.035938E+00  2.917611E-02  4.359147E+03  8.478864E+01 
2.039062E+00  2.937922E-02  4.329184E+03  8.479205E+01 
2.042187E+00  2.958344E-02  4.299474E+03  8.479548E+01 
2.045313E+00  2.978878E-02  4.270012E+03  8.479895E+01 
2.048437E+00  2.999523E-02  4.240797E+03  8.480245E+01 
2.051563E+00  3.020281E-02  4.211826E+03  8.480597E+01 
2.054688E+00  3.041151E-02  4.183096E+03  8.480953E+01 
2.057812E+00  3.062135E-02  4.154606E+03  8.481311E+01 
2.060938E+00  3.083233E-02  4.126354E+03  8.481673E+01 
2.064062E+00  3.104445E-02  4.098336E+03  8.482037E+01 
2.067188E+00  3.125771E-02  4.070550E+03  8.482405E+01 
2.070312E+00  3.147213E-02  4.042994E+03  8.482776E+01 
2.073437E+00  3.168770E-02  4.015666E+03  8.483150E+01 
2.076563E+00  3.190444E-02  3.988564E+03  8.483527E+01 
2.079687E+00  3.212234E-02  3.961686E+03  8.483907E+01 
2.082813E+00  3.234141E-02  3.935028E+03  8.484290E+01 
2.085938E+00  3.256165E-02  3.908590E+03  8.484677E+01 
2.089062E+00  3.278308E-02  3.882369E+03  8.485067E+01 
2.092188E+00  3.300568E-02  3.856363E+03  8.485460E+01 
2.095312E+00  3.322948E-02  3.830569E+03  8.485856E+01 
2.098438E+00  3.345448E-02  3.804987E+03  8.486255E+01 
2.101562E+00  3.368067E-02  3.779613E+03  8.486658E+01 
2.104687E+00  3.390806E-02  3.754446E+03  8.487065E+01 
2.107813E+00  3.413666E-02  3.729483E+03  8.487474E+01 
2.110937E+00  3.436648E-02  3.704723E+03  8.487887E+01 
2.114063E+00  3.459752E-02  3.680165E+03  8.488304E+01 
2.117188E+00  3.482977E-02  3.655805E+03  8.488723E+01 
2.120312E+00  3.506326E-02  3.631642E+03  8.489147E+01 
2.123438E+00  3.529798E-02  3.607674E+03  8.489573E+01 
2.126562E+00  3.553393E-02  3.583900E+03  8.490004E+01 
2.129688E+00  3.577113E-02  3.560317E+03  8.490437E+01 
2.132812E+00  3.600958E-02  3.536923E+03  8.490875E+01 
2.135937E+00  3.624928E-02  3.513718E+03  8.491316E+01 
2.139063E+00  3.649024E-02  3.490698E+03  8.491760E+01 
2.142187E+00  3.673246E-02  3.467863E+03  8.492208E+01 
2.145313E+00  3.697594E-02  3.445210E+03  8.492660E+01 
2.148438E+00  3.722070E-02  3.422738E+03  8.493115E+01 
2.151562E+00  3.746674E-02  3.400446E+03  8.493575E+01 
2.154688E+00  3.771406E-02  3.378330E+03  8.494037E+01 
2.157812E+00  3.796267E-02  3.356391E+03  8.494504E+01 
2.160938E+00  3.821257E-02  3.334625E+03  8.494974E+01 
2.164062E+00  3.846377E-02  3.313032E+03  8.495448E+01 
2.167187E+00  3.871628E-02  3.291610E+03  8.495926E+01 
2.170313E+00  3.897009E-02  3.270357E+03  8.496408E+01 
2.173437E+00  3.922521E-02  3.249272E+03  8.496894E+01 
2.176563E+00  3.948166E-02  3.228353E+03  8.497383E+01 
2.179688E+00  3.973943E-02  3.207599E+03  8.497877E+01 
2.182812E+00  3.999852E-02  3.187008E+03  8.498374E+01 
2.185938E+00  4.025896E-02  3.166578E+03  8.498876E+01 
2.189062E+00  4.052073E-02  3.146309E+03  8.499381E+01 
2.192188E+00  4.078385E-02  3.126198E+03  8.499891E+01 
2.195312E+00  4.104831E-02  3.106244E+03  8.500404E+01 
2.198437E+00  4.131414E-02  3.086445E+03  8.500922E+01 
2.201563E+00  4.158132E-02  3.066801E+03  8.501443E+01 
2.204687E+00  4.184987E-02  3.047310E+03  8.501969E+01 
2.207813E+00  4.211979E-02  3.027971E+03  8.502499E+01 
2.210938E+00  4.239109E-02  3.008781E+03  8.503033E+01 
2.214062E+00  4.266377E-02  2.989740E+03  8.503572E+01 
2.217188E+00  4.293784E-02  2.970846E+03  8.504114E+01 
2.220312E+00  4.321330E-02  2.952098E+03  8.504661E+01 
2.223438E+00  4.349016E-02  2.933495E+03  8.505212E+01 
2.226562E+00  4.376843E-02  2.915035E+03  8.505768E+01 
2.229687E+00  4.404811E-02  2.896717E+03  8.506328E+01 
2.232813E+00  4.432920E-02  2.878540E+03  8.506892E+01 
2.235937E+00  4.461171E-02  2.860503E+03  8.507461E+01 
2.239063E+00  4.489565E-02  2.842603E+03  8.508034E+01 
2.242188E+00  4.518102E-02  2.824841E+03  8.508612E+01 
2.245312E+00  4.546782E-02  2.807214E+03  8.509194E+01 
2.248438E+00  4.575607E-02  2.789722E+03  8.509780E+01 
2.251562E+00  4.604577E-02  2.772362E+03  8.510372E+01 
2.254688E+00  4.633693E-02  2.755135E+03  8.510967E+01 
2.257812E+00  4.662954E-02  2.738039E+03  8.511568E+01 
2.260937E+00  4.692362E-02  2.721073E+03  8.512173E+01 
2.264063E+00  4.721917E-02  2.704235E+03  8.512783E+01 
2.267187E+00  4.751620E-02  2.687525E+03  8.513397E+01 
2.270313E+00  4.781471E-02  2.670940E+03  8.514016E+01 
2.273438E+00  4.811471E-02  2.654481E+03  8.514640E+01 
2.276562E+00  4.841621E-02  2.638146E+03  8.515269E+01 
2.279688E+00  4.871920E-02  2.621934E+03  8.515903E+01 
2.282812E+00  4.902370E-02  2.605844E+03  8.516541E+01 
2.285938E+00  4.932971E-02  2.589874E+03  8.517184E+01 
2.289062E+00  4.963725E-02  2.574025E+03  8.517833E+01 
2.292187E+00  4.994630E-02  2.558293E+03  8.518486E+01 
2.295313E+00  5.025688E-02  2.542680E+03  8.519144E+01 
2.298437E+00  5.056900E-02  2.527183E+03  8.519808E+01 
2.301563E+00  5.088267E-02  2.511801E+03  8.520476E+01 
2.304688E+00  5.119788E-02  2.496534E+03  8.521149E+01 
2.307812E+00  5.151464E-02  2.481380E+03  8.521828E+01 
2.310938E+00  5.183296E-02  2.466339E+03  8.522511E+01 
2.314062E+00  5.215285E-02  2.451410E+03  8.523200E+01 
2.317188E+00  5.247431E-02  2.436591E+03  8.523894E+01 
2.320312E+00  5.279734E-02  2.421881E+03  8.524594E+01 
2.323437E+00  5.312196E-02  2.407281E+03  8.525298E+01 
2.326563E+00  5.344818E-02  2.392787E+03  8.526008E+01 
2.329687E+00  5.377598E-02  2.378401E+03  8.526723E+01 
2.332813E+00  5.410539E-02  2.364120E+03  8.527444E+01 
2.335938E+00  5.443641E-02  2.349945E+03  8.528170E+01 
2.339062E+00  5.476904E-02  2.335873E+03  8.528902E+01 
2.342188E+00  5.510329E-02  2.321904E+03  8.529639E+01 
2.345312E+00  5.543918E-02  2.308038E+03  8.530381E+01 
2.348438E+00  5.577669E-02  2.294273E+03  8.531129E+01 
2.351562E+00  5.611584E-02  2.280608E+03  8.531883E+01 
2.354687E+00  5.645664E-02  2.267043E+03  8.532642E+01 
2.357813E+00  5.679909E-02  2.253577E+03  8.533407E+01 
2.360937E+00  5.714321E-02  2.240208E+03  8.534178E+01 
2.364063E+00  5.748898E-02  2.226937E+03  8.534954E+01 
2.367188E+00  5.783643E-02  2.213761E+03  8.535736E+01 
2.370312E+00  5.818556E-02  2.200681E+03  8.536524E+01 
2.373438E+00  5.853637E-02  2.187696E+03  8.537318E+01 
2.376562E+00  5.888887E-02  2.174804E+03  8.538118E+01 
2.379688E+00  5.924307E-02  2.162006E+03  8.538923E+01 
2.382812E+00  5.959897E-02  2.149299E+03  8.539735E+01 
2.385937E+00  5.995659E-02  2.136684E+03  8.540552E+01 
2.389063E+00  6.031592E-02  2.124160E+03  8.541376E+01 
2.392187E+00  6.067697E-02  2.111725E+03  8.542206E+01 
2.395313E+00  6.103976E-02  2.099380E+03  8.543041E+01 
2.398438E+00  6.140428E-02  2.087122E+03  8.543883E+01 
2.401563E+00  6.177055E-02  2.074953E+03  8.544731E+01 
2.404688E+00  6.213857E-02  2.062870E+03  8.545585E+01 
2.407812E+00  6.250834E-02  2.050873E+03  8.546446E+01 
2.410938E+00  6.287988E-02  2.038962E+03  8.547313E+01 
2.414062E+00  6.325319E-02  2.027135E+03  8.548186E+01 
2.417188E+00  6.362828E-02  2.015393E+03  8.549065E+01 
2.420313E+00  6.400515E-02  2.003733E+03  8.549951E+01 
2.423437E+00  6.438382E-02  1.992157E+03  8.550843E+01 
2.426563E+00  6.476428E-02  1.980662E+03  8.551742E+01 
2.429688E+00  6.514655E-02  1.969248E+03  8.552648E+01 
2.432813E+00  6.553063E-02  1.957915E+03  8.553559E+01 
2.435938E+00  6.591653E-02  1.946661E+03  8.554478E+01 
2.439062E+00  6.630426E-02  1.935487E+03  8.555403E+01 
2.442188E+00  6.669382E-02  1.924392E+03  8.556335E+01 
2.445312E+00  6.708522E-02  1.913374E+03  8.557273E+01 
2.448438E+00  6.747846E-02  1.902433E+03  8.558219E+01 
2.451563E+00  6.787357E-02  1.891569E+03  8.559171E+01 
2.454687E+00  6.827053E-02  1.880781E+03  8.560130E+01 
2.457813E+00  6.866936E-02  1.870069E+03  8.561096E+01 
2.460938E+00  6.907007E-02  1.859431E+03  8.562069E+01 
2.464063E+00  6.947267E-02  1.848867E+03  8.563049E+01 
2.467188E+00  6.987715E-02  1.838377E+03  8.564035E+01 
2.470312E+00  7.028353E-02  1.827959E+03  8.565029E+01 
2.473438E+00  7.069182E-02  1.817614E+03  8.566030E+01 
2.476562E+00  7.110202E-02  1.807341E+03  8.567038E+01 
2.479688E+00  7.151414E-02  1.797138E+03  8.568054E+01 
2.482813E+00  7.192818E-02  1.787007E+03  8.569076E+01 
2.485937E+00  7.234416E-02  1.776945E+03  8.570106E+01 
2.489063E+00  7.276209E-02  1.766952E+03  8.571143E+01 
2.492188E+00  7.318196E-02  1.757029E+03  8.572188E+01 
2.495313E+00  7.360379E-02  1.747174E+03  8.573240E+01 
2.498438E+00  7.402759E-02  1.737386E+03  8.574299E+01 
2.501562E+00  7.445336E-02  1.727665E+03  8.575366E+01 
2.504688E+00  7.488111E-02  1.718012E+03  8.576441E+01 
2.507812E+00  7.531085E-02  1.708424E+03  8.577523E+01 
2.510938E+00  7.574258E-02  1.698902E+03  8.578612E+01 
2.514063E+00  7.617631E-02  1.689444E+03  8.579710E+01 
2.517187E+00  7.661206E-02  1.680052E+03  8.580815E+01 
2.520313E+00  7.704983E-02  1.670723E+03  8.581928E+01 
2.523438E+00  7.748962E-02  1.661458E+03  8.583049E+01 
2.526563E+00  7.793144E-02  1.652256E+03  8.584177E+01 
2.529688E+00  7.837531E-02  1.643116E+03  8.585314E+01 
2.532812E+00  7.882123E-02  1.634038E+03  8.586458E+01 
2.535938E+00  7.926921E-02  1.625021E+03  8.587611E+01 
2.539062E+00  7.971925E-02  1.616066E+03  8.588771E+01 
2.542188E+00  8.017137E-02  1.607171E+03  8.589940E+01 
2.545313E+00  8.062557E-02  1.598336E+03  8.591117E+01 
2.548437E+00  8.108186E-02  1.589561E+03  8.592302E+01 
2.551563E+00  8.154025E-02  1.580844E+03  8.593495E+01 
2.554688E+00  8.200075E-02  1.572186E+03  8.594697E+01 
2.557813E+00  8.246336E-02  1.563587E+03  8.595907E+01 
2.560938E+00  8.292809E-02  1.555045E+03  8.597125E+01 
2.564062E+00  8.339496E-02  1.546560E+03  8.598352E+01 
2.567188E+00  8.386396E-02  1.538132E+03  8.599587E+01 
2.570312E+00  8.433511E-02  1.529760E+03  8.600831E+01 
2.573438E+00  8.480842E-02  1.521444E+03  8.602083E+01 
2.576563E+00  8.528389E-02  1.513183E+03  8.603344E+01 
2.579687E+00  8.576154E-02  1.504978E+03  8.604614E+01 
2.582813E+00  8.624137E-02  1.496827E+03  8.605893E+01 
2.585938E+00  8.672339E-02  1.488730E+03  8.607180E+01 
2.589063E+00  8.720760E-02  1.480687E+03  8.608477E+01 
2.592188E+00  8.769403E-02  1.472697E+03  8.609782E+01 
2.595312E+00  8.818267E-02  1.464760E+03  8.611096E+01 
2.598438E+00  8.867353E-02  1.456875E+03  8.612419E+01 
2.601562E+00  8.916663E-02  1.449043E+03  8.613751E+01 
2.604688E+00  8.966197E-02  1.441262E+03  8.615093E+01 
2.607813E+00  9.015956E-02  1.433532E+03  8.616443E+01 
2.610937E+00  9.065941E-02  1.425854E+03  8.617803E+01 
2.614063E+00  9.116152E-02  1.418225E+03  8.619172E+01 
2.617188E+00  9.166592E-02  1.410647E+03  8.620551E+01 
2.620313E+00  9.217260E-02  1.403118E+03  8.621938E+01 
2.623438E+00  9.268158E-02  1.395639E+03  8.623336E+01 
2.626562E+00  9.319286E-02  1.388209E+03  8.624742E+01 
2.629688E+00  9.370645E-02  1.380827E+03  8.626159E+01 
2.632812E+00  9.422237E-02  1.373493E+03  8.627585E+01 
2.635938E+00  9.474062E-02  1.366207E+03  8.629020E+01 
2.639063E+00  9.526120E-02  1.358969E+03  8.630466E+01 
2.642187E+00  9.578414E-02  1.351777E+03  8.631921E+01 
2.645313E+00  9.630944E-02  1.344632E+03  8.633386E+01 
2.648438E+00  9.683711E-02  1.337534E+03  8.634861E+01 
2.651563E+00  9.736715E-02  1.330481E+03  8.636346E+01 
2.654688E+00  9.789958E-02  1.323475E+03  8.637841E+01 
2.657812E+00  9.843441E-02  1.316513E+03  8.639346E+01 
2.660938E+00  9.897164E-02  1.309596E+03  8.640861E+01 
2.664062E+00  9.951129E-02  1.302724E+03  8.642386E+01 
2.667188E+00  1.000534E-01  1.295897E+03  8.643922E+01 
2.670313E+00  1.005979E-01  1.289113E+03  8.645468E+01 
2.673437E+00  1.011448E-01  1.282373E+03  8.647024E+01 
2.676563E+00  1.016942E-01  1.275676E+03  8.648591E+01 
2.679688E+00  1.022461E-01  1.269022E+03  8.650168E+01 
2.682813E+00  1.028005E-01  1.262410E+03  8.651756E+01 
2.685938E+00  1.033573E-01  1.255841E+03  8.653355E+01 
2.689062E+00  1.039166E-01  1.249314E+03  8.654964E+01 
2.692188E+00  1.044784E-01  1.242828E+03  8.656584E+01 
2.695312E+00  1.050428E-01  1.236384E+03  8.658214E+01 
2.698438E+00  1.056096E-01  1.229981E+03  8.659856E+01 
2.701563E+00  1.061790E-01  1.223618E+03  8.661508E+01 
2.704687E+00  1.067510E-01  1.217296E+03  8.663172E+01 
2.707813E+00  1.073255E-01  1.211014E+03  8.664846E+01 
2.710938E+00  1.079025E-01  1.204772E+03  8.666532E+01 
2.714063E+00  1.084822E-01  1.198570E+03  8.668229E+01 
2.717188E+00  1.090644E-01  1.192406E+03  8.669937E+01 
2.720312E+00  1.096492E-01  1.186282E+03  8.671657E+01 
2.723438E+00  1.102366E-01  1.180196E+03  8.673388E+01 
2.726562E+00  1.108266E-01  1.174149E+03  8.675130E+01 
2.729688E+00  1.114193E-01  1.168139E+03  8.676884E+01 
2.732813E+00  1.120146E-01  1.162168E+03  8.678649E+01 
2.735937E+00  1.126125E-01  1.156234E+03  8.680426E+01 
2.739063E+00  1.132131E-01  1.150337E+03  8.682215E+01 
2.742188E+00  1.138164E-01  1.144477E+03  8.684016E+01 
2.745313E+00  1.144223E-01  1.138654E+03  8.685828E+01 
2.748438E+00  1.150310E-01  1.132867E+03  8.687652E+01 
2.751562E+00  1.156423E-01  1.127116E+03  8.689489E+01 
2.754688E+00  1.162564E-01  1.121401E+03  8.691337E+01 
2.757812E+00  1.168732E-01  1.115722E+03  8.693198E+01 
2.760938E+00  1.174927E-01  1.110078E+03  8.695071E+01 
2.764063E+00  1.181149E-01  1.104469E+03  8.696956E+01 
2.767187E+00  1.187399E-01  1.098896E+03  8.698853E+01 
2.770313E+00  1.193677E-01  1.093356E+03  8.700763E+01 
2.773438E+00  1.199983E-01  1.087851E+03  8.702685E+01 
2.776563E+00  1.206316E-01  1.082380E+03  8.704620E+01 
2.779688E+00  1.212678E-01  1.076943E+03  8.706567E+01 
2.782812E+00  1.219068E-01  1.071540E+03  8.708528E+01 
2.785938E+00  1.225485E-01  1.066169E+03  8.710501E+01 
2.789062E+00  1.231932E-01  1.060832E+03  8.712486E+01 
2.792188E+00  1.238406E-01  1.055528E+03  8.714485E+01 
2.795313E+00  1.244910E-01  1.050256E+03  8.716497E+01 
2.798437E+00  1.251442E-01  1.045017E+03  8.718522E+01 
2.801563E+00  1.258003E-01  1.039810E+03  8.720560E+01 
2.804688E+00  1.264593E-01  1.034635E+03  8.722611E+01 
2.807813E+00  1.271211E-01  1.029491E+03  8.724675E+01 
2.810938E+00  1.277860E-01  1.024379E+03  8.726753E+01 
2.814062E+00  1.284537E-01  1.019299E+03  8.728844E+01 
2.817188E+00  1.291244E-01  1.014249E+03  8.730949E+01 
2.820312E+00  1.297980E-01  1.009230E+03  8.733068E+01 
2.823438E+00  1.304746E-01  1.004241E+03  8.735200E+01 
2.826563E+00  1.311542E-01  9.992831E+02  8.737346E+01 
2.829687E+00  1.318368E-01  9.943551E+02  8.739505E+01 
2.832813E+00  1.325224E-01  9.894570E+02  8.741679E+01 
2.835938E+00  1.332110E-01  9.845886E+02  8.743867E+01 
2.839063E+00  1.339026E-01  9.797496E+02  8.746068E+01 
2.842188E+00  1.345973E-01  9.749400E+02  8.748284E+01 
2.845312E+00  1.352950E-01  9.701594E+02  8.750514E+01 
2.848438E+00  1.359958E-01  9.654077E+02  8.752759E+01 
2.851562E+00  1.366997E-01  9.606846E+02  8.755018E+01 
2.854688E+00  1.374066E-01  9.559900E+02  8.757291E+01 
2.857813E+00  1.381167E-01  9.513236E+02  8.759579E+01 
2.860937E+00  1.388299E-01  9.466853E+02  8.761881E+01 
2.864063E+00  1.395462E-01  9.420748E+02  8.764199E+01 
2.867188E+00  1.402657E-01  9.374920E+02  8.766531E+01 
2.870313E+00  1.409883E-01  9.329366E+02  8.768878E+01 
2.873438E+00  1.417141E-01  9.284085E+02  8.771240E+01 
2.876562E+00  1.424431E-01  9.239074E+02  8.773617E+01 
2.879688E+00  1.431753E-01  9.194333E+02  8.776009E+01 
2.882812E+00  1.439107E-01  9.149858E+02  8.778417E+01 
2.885938E+00  1.446493E-01  9.105648E+02  8.780840E+01 
2.889063E+00  1.453912E-01  9.061702E+02  8.783278E+01 
2.892187E+00  1.461363E-01  9.018017E+02  8.785732E+01 
2.895313E+00  1.468847E-01  8.974591E+02  8.788201E+01 
2.898438E+00  1.476364E-01  8.931423E+02  8.790686E+01 
2.901563E+00  1.483913E-01  8.888511E+02  8.793187E+01 
2.904688E+00  1.491496E-01  8.845853E+02  8.795704E+01 
2.907812E+00  1.499112E-01  8.803448E+02  8.798237E+01 
2.910938E+00  1.506761E-01  8.761293E+02  8.800785E+01 
2.914062E+00  1.514444E-01  8.719387E+02  8.803350E+01 
2.917188E+00  1.522161E-01  8.677728E+02  8.805931E+01 
2.920313E+00  1.529911E-01  8.636314E+02  8.808529E+01 
2.923437E+00  1.537695E-01  8.595144E+02  8.811143E+01 
2.926563E+00  1.545514E-01  8.554216E+02  8.813773E+01 
2.929688E+00  1.553366E-01  8.513529E+02  8.816420E+01 
2.932813E+00  1.561253E-01  8.473080E+02  8.819084E+01 
2.935938E+00  1.569175E-01  8.432868E+02  8.821764E+01 
2.939062E+00  1.577131E-01  8.392892E+02  8.824462E+01 
2.942188E+00  1.585122E-01  8.353149E+02  8.827176E+01 
2.945312E+00  1.593149E-01  8.313639E+02  8.829908E+01 
2.948438E+00  1.601210E-01  8.274359E+02  8.832656E+01 
2.951563E+00  1.609306E-01  8.235308E+02  8.835422E+01 
2.954687E+00  1.617438E-01  8.196484E+02  8.838206E+01 
2.957813E+00  1.625606E-01  8.157887E+02  8.841007E+01 
2.960938E+00  1.633809E-01  8.119513E+02  8.843825E+01 
2.964063E+00  1.642049E-01  8.081363E+02  8.846661E+01 
2.967188E+00  1.650324E-01  8.043434E+02  8.849515E+01 
2.970312E+00  1.658636E-01  8.005724E+02  8.852387E+01 
2.973438E+00  1.666984E-01  7.968233E+02  8.855277E+01 
2.976562E+00  1.675368E-01  7.930958E+02  8.858184E+01 
2.979688E+00  1.683790E-01  7.893899E+02  8.861110E+01 
2.982813E+00  1.692248E-01  7.857054E+02  8.864055E+01 
2.985937E+00  1.700743E-01  7.820421E+02  8.867018E+01 
2.989063E+00  1.709276E-01  7.783999E+02  8.869999E+01 
2.992188E+00  1.717845E-01  7.747786E+02  8.872999E+01 
2.995313E+00  1.726453E-01  7.711782E+02  8.876017E+01 
2.998438E+00  1.735098E-01  7.675984E+02  8.879055E+01 
3.001562E+00  1.743781E-01  7.640391E+02  8.882111E+01 
3.004688E+00  1.752502E-01  7.605003E+02  8.885186E+01 
3.007812E+00  1.761261E-01  7.569817E+02  8.888281E+01 
3.010938E+00  1.770058E-01  7.534832E+02  8.891395E+01 
3.014063E+00  1.778894E-01  7.500047E+02  8.894528E+01 
3.017187E+00  1.787769E-01  7.465461E+02  8.897680E+01 
3.020313E+00  1.796683E-01  7.431071E+02  8.900853E+01 
3.023438E+00  1.805636E-01  7.396878E+02  8.904044E+01 
3.026563E+00  1.814628E-01  7.362879E+02  8.907256E+01 
3.029688E+00  1.823659E-01  7.329073E+02  8.910488E+01 
3.032812E+00  1.832730E-01  7.295459E+02  8.913740E+01 
3.035938E+00  1.841841E-01  7.262036E+02  8.917011E+01 
3.039062E+00  1.850992E-01  7.228802E+02  8.920303E+01 
3.042188E+00  1.860183E-01  7.195756E+02  8.923616E+01 
3.045313E+00  1.869414E-01  7.162897E+02  8.926949E+01 
3.048437E+00  1.878686E-01  7.130224E+02  8.930303E+01 
3.051563E+00  1.887999E-01  7.097735E+02  8.933677E+01 
3.054688E+00  1.897352E-01  7.065430E+02  8.937072E+01 
3.057813E+00  1.906747E-01  7.033306E+02  8.940488E+01 
3.060938E+00  1.916182E-01  7.001363E+02  8.943926E+01 
3.064062E+00  1.925660E-01  6.969599E+02  8.947384E+01 
3.067188E+00  1.935178E-01  6.938014E+02  8.950864E+01 
3.070312E+00  1.944739E-01  6.906607E+02  8.954365E+01 
3.073438E+00  1.954342E-01  6.875375E+02  8.957888E+01 
3.076563E+00  1.963987E-01  6.844318E+02  8.961433E+01 
3.079687E+00  1.973674E-01  6.813434E+02  8.964999E+01 
3.082813E+00  1.983404E-01  6.782724E+02  8.968588E+01 
3.085938E+00  1.993177E-01  6.752185E+02  8.972198E+01 
3.089063E+00  2.002992E-01  6.721816E+02  8.975831E+01 
3.092188E+00  2.012851E-01  6.691616E+02  8.979486E+01 
3.095312E+00  2.022754E-01  6.661584E+02  8.983163E+01 
3.098438E+00  2.032700E-01  6.631720E+02  8.986863E+01 
3.101562E+00  2.042690E-01  6.602021E+02  8.990586E+01 
3.104688E+00  2.052723E-01  6.572487E+02  8.994332E+01 
3.107813E+00  2.062801E-01  6.543117E+02  8.998100E+01 
3.110937E+00  2.072924E-01  6.513909E+02  9.001892E+01 
3.114063E+00  2.083091E-01  6.484863E+02  9.005707E+01 
3.117188E+00  2.093303E-01  6.455978E+02  9.009546E+01 
3.120313E+00  2.103560E-01  6.427252E+02  9.013407E+01 
3.123438E+00  2.113862E-01  6.398685E+02  9.017293E+01 
3.126562E+00  2.124210E-01  6.370275E+02  9.021202E+01 
3.129688E+00  2.134604E-01  6.342022E+02  9.025136E+01 
3.132812E+00  2.145043E-01  6.313924E+02  9.029093E+01 
3.135938E+00  2.155529E-01  6.285981E+02  9.033074E+01 
3.139063E+00  2.166061E-01  6.258191E+02  9.037080E+01 
3.142187E+00  2.176639E-01  6.230553E+02  9.041111E+01 
3.145313E+00  2.187265E-01  6.203067E+02  9.045166E+01 
3.148438E+00  2.197937E-01  6.175731E+02  9.049245E+01 
3.151563E+00  2.208657E-01  6.148545E+02  9.053350E+01 
3.154688E+00  2.219424E-01  6.121508E+02  9.057480E+01 
3.157812E+00  2.230239E-01  6.094618E+02  9.061635E+01 
3.160938E+00  2.241101E-01  6.067875E+02  9.065815E+01 
3.164062E+00  2.252012E-01  6.041277E+02  9.070021E+01 
3.167188E+00  2.262972E-01  6.014824E+02  9.074252E+01 
3.170313E+00  2.273980E-01  5.988515E+02  9.078509E+01 
3.173437E+00  2.285037E-01  5.962350E+02  9.082792E+01 
3.176563E+00  2.296143E-01  5.936326E+02  9.087101E+01 
3.179688E+00  2.307298E-01  5.910443E+02  9.091437E+01 
3.182813E+00  2.318503E-01  5.884701E+02  9.095798E+01 
3.185938E+00  2.329758E-01  5.859097E+02  9.100187E+01 
3.189062E+00  2.341063E-01  5.833633E+02  9.104602E+01 
3.192188E+00  2.352418E-01  5.808306E+02  9.109043E+01 
3.195312E+00  2.363824E-01  5.783115E+02  9.113512E+01 
3.198438E+00  2.375281E-01  5.758061E+02  9.118008E+01 
3.201563E+00  2.386789E-01  5.733141E+02  9.122531E+01 
3.204687E+00  2.398348E-01  5.708356E+02  9.127082E+01 
3.207813E+00  2.409959E-01  5.683704E+02  9.131661E+01 
3.210938E+00  2.421621E-01  5.659184E+02  9.136267E+01 
3.214063E+00  2.433336E-01  5.634796E+02  9.140901E+01 
3.217188E+00  2.445103E-01  5.610539E+02  9.145563E+01 
3.220312E+00  2.456923E-01  5.586412E+02  9.150254E+01 
3.223438E+00  2.468795E-01  5.562413E+02  9.154973E+01 
3.226562E+00  2.480721E-01  5.538544E+02  9.159720E+01 
3.229688E+00  2.492700E-01  5.514801E+02  9.164497E+01 
3.232813E+00  2.504733E-01  5.491186E+02  9.169302E+01 
3.235937E+00  2.516820E-01  5.467696E+02  9.174136E+01 
3.239063E+00  2.528961E-01  5.444332E+02  9.179000E+01 
3.242188E+00  2.541156E-01  5.421092E+02  9.183893E+01 
3.245313E+00  2.553406E-01  5.397975E+02  9.188816E+01 
3.248438E+00  2.565712E-01  5.374982E+02  9.193769E+01 
3.251562E+00  2.578072E-01  5.352110E+02  9.198751E+01 
3.254688E+00  2.590489E-01  5.329360E+02  9.203764E+01 
3.257812E+00  2.602961E-01  5.306730E+02  9.208807E+01 
3.260938E+00  2.615489E-01  5.284220E+02  9.213880E+01 
3.264063E+00  2.628074E-01  5.261829E+02  9.218985E+01 
3.267187E+00  2.640716E-01  5.239556E+02  9.224120E+01 
3.270313E+00  2.653414E-01  5.217401E+02  9.229286E+01 
3.273438E+00  2.666171E-01  5.195363E+02  9.234483E+01 
3.276563E+00  2.678984E-01  5.173441E+02  9.239712E+01 
3.279688E+00  2.691856E-01  5.151635E+02  9.244972E+01 
3.282812E+00  2.704786E-01  5.129943E+02  9.250264E+01 
3.285938E+00  2.717774E-01  5.108365E+02  9.255588E+01 
3.289062E+00  2.730821E-01  5.086900E+02  9.260944E+01 
3.292188E+00  2.743928E-01  5.065548E+02  9.266333E+01 
3.295313E+00  2.757094E-01  5.044308E+02  9.271754E+01 
3.298437E+00  2.770319E-01  5.023179E+02  9.277208E+01 
3.301563E+00  2.783605E-01  5.002161E+02  9.282695E+01 
3.304688E+00  2.796951E-01  4.981253E+02  9.288214E+01 
3.307813E+00  2.810358E-01  4.960453E+02  9.293767E+01 
3.310938E+00  2.823826E-01  4.939763E+02  9.299354E+01 
3.314062E+00  2.837355E-01  4.919180E+02  9.304974E+01 
3.317188E+00  2.850946E-01  4.898704E+02  9.310629E+01 
3.320312E+00  2.864599E-01  4.878335E+02  9.316317E+01 
3.323438E+00  2.878315E-01  4.858072E+02  9.322040E+01 
3.326563E+00  2.892093E-01  4.837914E+02  9.327797E+01 
3.329687E+00  2.905934E-01  4.817861E+02  9.333588E+01 
3.332813E+00  2.919838E-01  4.797911E+02  9.339415E+01 
3.335938E+00  2.933806E-01  4.778065E+02  9.345277E+01 
3.339063E+00  2.947838E-01  4.758322E+02  9.351174E+01 
3.342188E+00  2.961934E-01  4.738681E+02  9.357107E+01 
3.345312E+00  2.976095E-01  4.719141E+02  9.363075E+01 
3.348438E+00  2.990321E-01  4.699702E+02  9.369080E+01 
3.351562E+00  3.004613E-01  4.680364E+02  9.375120E+01 
3.354688E+00  3.018970E-01  4.661125E+02  9.381197E+01 
3.357813E+00  3.033394E-01  4.641985E+02  9.387311E+01 
3.360937E+00  3.047883E-01  4.622943E+02  9.393462E+01 
3.364063E+00  3.062440E-01  4.604000E+02  9.399649E+01 
3.367188E+00  3.077064E-01  4.585153E+02  9.405874E+01 
3.370313E+00  3.091755E-01  4.566404E+02  9.412136E+01 
3.373438E+00  3.106515E-01  4.547750E+02  9.418436E+01 
3.376562E+00  3.121342E-01  4.529192E+02  9.424774E+01 
3.379688E+00  3.136239E-01  4.510730E+02  9.431150E+01 
3.382812E+00  3.151204E-01  4.492361E+02  9.437564E+01 
3.385938E+00  3.166239E-01  4.474086E+02  9.444017E+01 
3.389063E+00  3.181344E-01  4.455905E+02  9.450509E+01 
3.392187E+00  3.196518E-01  4.437816E+02  9.457040E+01 
3.395313E+00  3.211764E-01  4.419819E+02  9.463611E+01 
3.398438E+00  3.227080E-01  4.401914E+02  9.470221E+01 
3.401563E+00  3.242468E-01  4.384100E+02  9.476870E+01 
3.404688E+00  3.257928E-01  4.366377E+02  9.483560E+01 
3.407812E+00  3.273459E-01  4.348744E+02  9.490290E+01 
3.410938E+00  3.289063E-01  4.331200E+02  9.497061E+01 
3.414062E+00  3.304741E-01  4.313745E+02  9.503872E+01 
3.417188E+00  3.320491E-01  4.296378E+02  9.510724E+01 
3.420313E+00  3.336316E-01  4.279099E+02  9.517618E+01 
3.423437E+00  3.352214E-01  4.261908E+02  9.524553E+01 
3.426563E+00  3.368188E-01  4.244804E+02  9.531530E+01 
3.429688E+00  3.384236E-01  4.227785E+02  9.538549E+01 
3.432813E+00  3.400360E-01  4.210853E+02  9.545610E+01 
3.435938E+00  3.416560E-01  4.194006E+02  9.552714E+01 
3.439062E+00  3.432836E-01  4.177244E+02  9.559860E+01 
3.442188E+00  3.449188E-01  4.160566E+02  9.567050E+01 
3.445312E+00  3.465618E-01  4.143972E+02  9.574283E+01 
3.448438E+00  3.482126E-01  4.127461E+02  9.581559E+01 
3.451563E+00  3.498712E-01  4.111033E+02  9.588879E+01 
3.454687E+00  3.515376E-01  4.094687E+02  9.596244E+01 
3.457813E+00  3.532120E-01  4.078423E+02  9.603653E+01 
3.460938E+00  3.548942E-01  4.062241E+02  9.611106E+01 
3.464063E+00  3.565845E-01  4.046140E+02  9.618604E+01 
3.467188E+00  3.582828E-01  4.030119E+02  9.626148E+01 
3.470312E+00  3.599892E-01  4.014178E+02  9.633737E+01 
3.473438E+00  3.617037E-01  3.998316E+02  9.641371E+01 
3.476562E+00  3.634264E-01  3.982534E+02  9.649052E+01 
3.479688E+00  3.651573E-01  3.966830E+02  9.656779E+01 
3.482813E+00  3.668965E-01  3.951204E+02  9.664553E+01 
3.485937E+00  3.686440E-01  3.935656E+02  9.672373E+01 
3.489063E+00  3.703999E-01  3.920185E+02  9.680241E+01 
3.492188E+00  3.721642E-01  3.904791E+02  9.688156E+01 
3.495313E+00  3.739370E-01  3.889473E+02  9.696119E+01 
3.498438E+00  3.757183E-01  3.874231E+02  9.704130E+01 
3.501562E+00  3.775081E-01  3.859065E+02  9.712189E+01 
3.504688E+00  3.793066E-01  3.843974E+02  9.720297E+01 
3.507812E+00  3.811137E-01  3.828957E+02  9.728454E+01 
3.510938E+00  3.829296E-01  3.814014E+02  9.736660E+01 
3.514063E+00  3.847543E-01  3.799145E+02  9.744916E+01 
3.517187E+00  3.865877E-01  3.784350E+02  9.753221E+01 
3.520313E+00  3.884301E-01  3.769627E+02  9.761577E+01 
3.523438E+00  3.902814E-01  3.754977E+02  9.769983E+01 
3.526563E+00  3.921416E-01  3.740399E+02  9.778440E+01 
3.529688E+00  3.940109E-01  3.725892E+02  9.786948E+01 
3.532812E+00  3.958893E-01  3.711457E+02  9.795507E+01 
3.535938E+00  3.977769E-01  3.697092E+02  9.804119E+01 
3.539062E+00  3.996736E-01  3.682798E+02  9.812782E+01 
3.542188E+00  4.015796E-01  3.668574E+02  9.821498E+01 
3.545313E+00  4.034950E-01  3.654420E+02  9.830266E+01 
3.548437E+00  4.054197E-01  3.640334E+02  9.839087E+01 
3.551563E+00  4.073538E-01  3.626318E+02  9.847962E+01 
3.554688E+00  4.092974E-01  3.612370E+02  9.856891E+01 
3.557813E+00  4.112506E-01  3.598490E+02  9.865873E+01 
3.560938E+00  4.132133E-01  3.584678E+02  9.874910E+01 
3.564062E+00  4.151857E-01  3.570933E+02  9.884002E+01 
3.567188E+00  4.171679E-01  3.557254E+02  9.893149E+01 
3.570312E+00  4.191598E-01  3.543643E+02  9.902351E+01 
3.573438E+00  4.211616E-01  3.530097E+02  9.911609E+01 
3.576563E+00  4.231732E-01  3.516617E+02  9.920923E+01 
3.579687E+00  4.251949E-01  3.503203E+02  9.930293E+01 
3.582813E+00  4.272265E-01  3.489854E+02  9.939721E+01 
3.585938E+00  4.292683E-01  3.476569E+02  9.949205E+01 
3.589063E+00  4.313202E-01  3.463349E+02  9.958748E+01 
3.592188E+00  4.333823E-01  3.450192E+02  9.968348E+01 
3.595312E+00  4.354547E-01  3.437099E+02  9.978006E+01 
3.598438E+00  4.375374E-01  3.424069E+02  9.987723E+01 
3.601562E+00  4.396305E-01  3.411103E+02  9.997499E+01 
3.604688E+00  4.417341E-01  3.398198E+02  1.000733E+02 
3.607813E+00  4.438483E-01  3.385356E+02  1.001723E+02 
3.610937E+00  4.459730E-01  3.372576E+02  1.002718E+02 
3.614063E+00  4.481085E-01  3.359857E+02  1.003720E+02 
3.617188E+00  4.502546E-01  3.347199E+02  1.004728E+02 
3.620313E+00  4.524116E-01  3.334602E+02  1.005742E+02 
3.623438E+00  4.545794E-01  3.322065E+02  1.006762E+02 
3.626562E+00  4.567582E-01  3.309588E+02  1.007788E+02 
3.629688E+00  4.589480E-01  3.297171E+02  1.008820E+02 
3.632812E+00  4.611489E-01  3.284814E+02  1.009859E+02 
3.635938E+00  4.633610E-01  3.272516E+02  1.010904E+02 
3.639063E+00  4.655842E-01  3.260276E+02  1.011955E+02 
3.642187E+00  4.678188E-01  3.248095E+02  1.013013E+02 
3.645313E+00  4.700648E-01  3.235972E+02  1.014078E+02 
3.648438E+00  4.723222E-01  3.223907E+02  1.015148E+02 
3.651563E+00  4.745911E-01  3.211899E+02  1.016226E+02 
3.654688E+00  4.768716E-01  3.199949E+02  1.017310E+02 
3.657812E+00  4.791638E-01  3.188055E+02  1.018400E+02 
3.660938E+00  4.814677E-01  3.176218E+02  1.019497E+02 
3.664062E+00  4.837834E-01  3.164437E+02  1.020601E+02 
3.667188E+00  4.861111E-01  3.152711E+02  1.021712E+02 
3.670313E+00  4.884507E-01  3.141042E+02  1.022829E+02 
3.673437E+00  4.908024E-01  3.129428E+02  1.023954E+02 
3.676563E+00  4.931662E-01  3.117868E+02  1.025085E+02 
3.679688E+00  4.955423E-01  3.106364E+02  1.026223E+02 
3.682813E+00  4.979306E-01  3.094914E+02  1.027368E+02 
3.685938E+00  5.003313E-01  3.083518E+02  1.028520E+02 
3.689062E+00  5.027445E-01  3.072175E+02  1.029679E+02 
3.692188E+00  5.051702E-01  3.060886E+02  1.030846E+02 
3.695312E+00  5.076085E-01  3.049651E+02  1.032019E+02 
3.698438E+00  5.100596E-01  3.038468E+02  1.033200E+02 
3.701563E+00  5.125234E-01  3.027338E+02  1.034388E+02 
3.704687E+00  5.150001E-01  3.016260E+02  1.035583E+02 
3.707813E+00  5.174898E-01  3.005234E+02  1.036785E+02 
3.710938E+00  5.199926E-01  2.994260E+02  1.037995E+02 
3.714063E+00  5.225084E-01  2.983338E+02  1.039213E+02 
3.717188E+00  5.250376E-01  2.972466E+02  1.040438E+02 
3.720312E+00  5.275800E-01  2.961646E+02  1.041670E+02 
3.723438E+00  5.301358E-01  2.950876E+02  1.042910E+02 
3.726562E+00  5.327051E-01  2.940157E+02  1.044158E+02 
3.729688E+00  5.352881E-01  2.929487E+02  1.045413E+02 
3.732813E+00  5.378847E-01  2.918868E+02  1.046676E+02 
3.735937E+00  5.404950E-01  2.908298E+02  1.047947E+02 
3.739063E+00  5.431193E-01  2.897777E+02  1.049226E+02 
3.742188E+00  5.457575E-01  2.887305E+02  1.050512E+02 
3.745313E+00  5.484098E-01  2.876882E+02  1.051807E+02 
3.748438E+00  5.510762E-01  2.866508E+02  1.053110E+02 
3.751562E+00  5.537569E-01  2.856182E+02  1.054420E+02 
3.754688E+00  5.564519E-01  2.845903E+02  1.055739E+02 
3.757812E+00  5.591614E-01  2.835673E+02  1.057066E+02 
3.760938E+00  5.618854E-01  2.825490E+02  1.058401E+02 
3.764063E+00  5.646241E-01  2.815354E+02  1.059744E+02 
3.767187E+00  5.673776E-01  2.805265E+02  1.061096E+02 
3.770313E+00  5.701459E-01  2.795223E+02  1.062456E+02 
3.773438E+00  5.729291E-01  2.785227E+02  1.063825E+02 
3.776563E+00  5.757274E-01  2.775277E+02  1.065202E+02 
3.779688E+00  5.785409E-01  2.765373E+02  1.066588E+02 
3.782812E+00  5.813697E-01  2.755515E+02  1.067982E+02 
3.785938E+00  5.842138E-01  2.745703E+02  1.069385E+02 
3.789062E+00  5.870734E-01  2.735935E+02  1.070797E+02 
3.792188E+00  5.899486E-01  2.726213E+02  1.072217E+02 
3.795313E+00  5.928396E-01  2.716535E+02  1.073646E+02 
3.798437E+00  5.957463E-01  2.706902E+02  1.075084E+02 
3.801563E+00  5.986690E-01  2.697313E+02  1.076532E+02 
3.804688E+00  6.016077E-01  2.687768E+02  1.077988E+02 
3.807813E+00  6.045626E-01  2.678266E+02  1.079453E+02 
3.810938E+00  6.075338E-01  2.668809E+02  1.080928E+02 
3.814062E+00  6.105213E-01  2.659394E+02  1.082411E+02 
3.817188E+00  6.135254E-01  2.650023E+02  1.083904E+02 
3.820312E+00  6.165461E-01  2.640695E+02  1.085407E+02 
3.823438E+00  6.195835E-01  2.631409E+02  1.086918E+02 
3.826563E+00  6.226378E-01  2.622165E+02  1.088439E+02 
3.829687E+00  6.257090E-01  2.612964E+02  1.089970E+02 
3.832813E+00  6.287974E-01  2.603805E+02  1.091511E+02 
3.835938E+00  6.319030E-01  2.594687E+02  1.093061E+02 
3.839063E+00  6.350260E-01  2.585611E+02  1.094620E+02 
3.842188E+00  6.381664E-01  2.576577E+02  1.096190E+02 
3.845312E+00  6.413245E-01  2.567583E+02  1.097769E+02 
3.848438E+00  6.445003E-01  2.558630E+02  1.099358E+02 
3.851562E+00  6.476939E-01  2.549718E+02  1.100958E+02 
3.854688E+00  6.509056E-01  2.540846E+02  1.102567E+02 
3.857813E+00  6.541354E-01  2.532014E+02  1.104187E+02 
3.860937E+00  6.573834E-01  2.523223E+02  1.105817E+02 
3.864063E+00  6.606498E-01  2.514471E+02  1.107457E+02 
3.867188E+00  6.639348E-01  2.505759E+02  1.109107E+02 
3.870313E+00  6.672384E-01  2.497086E+02  1.110768E+02 
3.873438E+00  6.705609E-01  2.488452E+02  1.112439E+02 
3.876562E+00  6.739022E-01  2.479858E+02  1.114121E+02 
3.879688E+00  6.772627E-01  2.471302E+02  1.115814E+02 
3.882812E+00  6.806424E-01  2.462784E+02  1.117517E+02 
3.885938E+00  6.840414E-01  2.454305E+02  1.119231E+02 
3.889063E+00  6.874600E-01  2.445864E+02  1.120956E+02 
3.892187E+00  6.908982E-01  2.437461E+02  1.122692E+02 
3.895313E+00  6.943563E-01  2.429096E+02  1.124439E+02 
3.898438E+00  6.978342E-01  2.420769E+02  1.126197E+02 
3.901563E+00  7.013323E-01  2.412478E+02  1.127966E+02 
3.904688E+00  7.048507E-01  2.404225E+02  1.129746E+02 
3.907812E+00  7.083894E-01  2.396009E+02  1.131538E+02 
3.910938E+00  7.119487E-01  2.387830E+02  1.133341E+02 
3.914062E+00  7.155287E-01  2.379687E+02  1.135156E+02 
3.917188E+00  7.191296E-01  2.371580E+02  1.136982E+02 
3.920313E+00  7.227515E-01  2.363510E+02  1.138820E+02 
3.923437E+00  7.263947E-01  2.355476E+02  1.140670E+02 
3.926563E+00  7.300591E-01  2.347478E+02  1.142532E+02 
3.929688E+00  7.337451E-01  2.339515E+02  1.144405E+02 
3.932813E+00  7.374527E-01  2.331588E+02  1.146291E+02 
3.935938E+00  7.411822E-01  2.323696E+02  1.148188E+02 
3.939062E+00  7.449338E-01  2.315839E+02  1.150098E+02 
3.942188E+00  7.487074E-01  2.308017E+02  1.152020E+02 
3.945312E+00  7.525035E-01  2.300230E+02  1.153954E+02 
3.948438E+00  7.563221E-01  2.292477E+02  1.155901E+02 
3.951563E+00  7.601633E-01  2.284759E+02  1.157860E+02 
3.954687E+00  7.640274E-01  2.277075E+02  1.159832E+02 
3.957813E+00  7.679146E-01  2.269425E+02  1.161816E+02 
3.960938E+00  7.718250E-01  2.261809E+02  1.163814E+02 
3.964063E+00  7.757589E-01  2.254226E+02  1.165824E+02 
3.967188E+00  7.797163E-01  2.246677E+02  1.167847E+02 
3.970312E+00  7.836975E-01  2.239162E+02  1.169884E+02 
3.973438E+00  7.877026E-01  2.231679E+02  1.171933E+02 
3.976562E+00  7.917319E-01  2.224230E+02  1.173996E+02 
3.979688E+00  7.957855E-01  2.216813E+02  1.176072E+02 
3.982813E+00  7.998637E-01  2.209429E+02  1.178161E+02 
3.985937E+00  8.039666E-01  2.202077E+02  1.180264E+02 
3.989063E+00  8.080944E-01  2.194758E+02  1.182381E+02 
3.992188E+00  8.122473E-01  2.187471E+02  1.184511E+02 
3.995313E+00  8.164255E-01  2.180216E+02  1.186656E+02 
3.998438E+00  8.206293E-01  2.172992E+02  1.188814E+02 
4.001563E+00  8.248587E-01  2.165800E+02  1.190986E+02 
4.004688E+00  8.291141E-01  2.158640E+02  1.193173E+02 
4.007813E+00  8.333956E-01  2.151511E+02  1.195373E+02 
4.010938E+00  8.377034E-01  2.144414E+02  1.197588E+02 
4.014063E+00  8.420378E-01  2.137347E+02  1.199818E+02 
4.017188E+00  8.463990E-01  2.130311E+02  1.202062E+02 
4.020313E+00  8.507871E-01  2.123306E+02  1.204321E+02 
4.023438E+00  8.552024E-01  2.116331E+02  1.206594E+02 
4.026563E+00  8.596451E-01  2.109387E+02  1.208883E+02 
4.029688E+00  8.641154E-01  2.102473E+02  1.211186E+02 
4.032813E+00  8.686136E-01  2.095589E+02  1.213505E+02 
4.035938E+00  8.731398E-01  2.088735E+02  1.215839E+02 
4.039063E+00  8.776944E-01  2.081911E+02  1.218188E+02 
4.042188E+00  8.822775E-01  2.075117E+02  1.220552E+02 
4.045313E+00  8.868894E-01  2.068351E+02  1.222933E+02 
4.048438E+00  8.915302E-01  2.061616E+02  1.225328E+02 
4.051563E+00  8.962003E-01  2.054909E+02  1.227740E+02 
4.054688E+00  9.008999E-01  2.048231E+02  1.230168E+02 
4.057813E+00  9.056292E-01  2.041583E+02  1.232611E+02 
4.060938E+00  9.103884E-01  2.034963E+02  1.235071E+02 
4.064063E+00  9.151779E-01  2.028371E+02  1.237547E+02 
4.067188E+00  9.199978E-01  2.021808E+02  1.240039E+02 
4.070313E+00  9.248484E-01  2.015273E+02  1.242548E+02 
4.073438E+00  9.297300E-01  2.008767E+02  1.245074E+02 
4.076563E+00  9.346428E-01  2.002288E+02  1.247616E+02 
4.079688E+00  9.395870E-01  1.995838E+02  1.250175E+02 
4.082813E+00  9.445630E-01  1.989415E+02  1.252752E+02 
4.085938E+00  9.495710E-01  1.983019E+02  1.255345E+02 
4.089063E+00  9.546113E-01  1.976651E+02  1.257956E+02 
4.092188E+00  9.596841E-01  1.970311E+02  1.260584E+02 
4.095313E+00  9.647897E-01  1.963997E+02  1.263230E+02 
4.098438E+00  9.699284E-01  1.957711E+02  1.265893E+02 
4.101563E+00  9.751004E-01  1.951451E+02  1.268574E+02 
4.104688E+00  9.803061E-01  1.945219E+02  1.271273E+02 
4.107813E+00  9.855457E-01  1.939012E+02  1.273990E+02 
4.110938E+00  9.908195E-01  1.932833E+02  1.276726E+02 
4.114063E+00  9.961278E-01  1.926679E+02  1.279479E+02 
4.117188E+00  1.001471E+00  1.920552E+02  1.282251E+02 
4.120313E+00  1.006849E+00  1.914451E+02  1.285042E+02 
4.123438E+00  1.012263E+00  1.908376E+02  1.287852E+02 
4.126563E+00  1.017712E+00  1.902327E+02  1.290680E+02 
4.129688E+00  1.023197E+00  1.896303E+02  1.293528E+02 
4.132813E+00  1.028718E+00  1.890306E+02  1.296395E+02 
4.135938E+00  1.034277E+00  1.884333E+02  1.299281E+02 
4.139063E+00  1.039872E+00  1.878386E+02  1.302187E+02 
4.142188E+00  1.045504E+00  1.872464E+02  1.305112E+02 
4.145313E+00  1.051174E+00  1.866567E+02  1.308057E+02 
4.148438E+00  1.056881E+00  1.860695E+02  1.311022E+02 
4.151563E+00  1.062627E+00  1.854848E+02  1.314007E+02 
4.154688E+00  1.068411E+00  1.849025E+02  1.317013E+02 
4.157813E+00  1.074235E+00  1.843227E+02  1.320039E+02 
4.160938E+00  1.080097E+00  1.837453E+02  1.323085E+02 
4.164063E+00  1.085999E+00  1.831704E+02  1.326153E+02 
4.167188E+00  1.091941E+00  1.825979E+02  1.329241E+02 
4.170313E+00  1.097923E+00  1.820278E+02  1.332350E+02 
4.173438E+00  1.103946E+00  1.814601E+02  1.335481E+02 
4.176563E+00  1.110009E+00  1.808948E+02  1.338632E+02 
4.179688E+00  1.116114E+00  1.803318E+02  1.341806E+02 
4.182813E+00  1.122260E+00  1.797712E+02  1.345001E+02 
4.185938E+00  1.128449E+00  1.792130E+02  1.348218E+02 
4.189063E+00  1.134680E+00  1.786571E+02  1.351457E+02 
4.192188E+00  1.140953E+00  1.781035E+02  1.354719E+02 
4.195313E+00  1.147270E+00  1.775522E+02  1.358002E+02 
4.198438E+00  1.153631E+00  1.770032E+02  1.361309E+02 
4.201563E+00  1.160035E+00  1.764565E+02  1.364638E+02 
4.204688E+00  1.166483E+00  1.759121E+02  1.367990E+02 
4.207813E+00  1.172976E+00  1.753700E+02  1.371366E+02 
4.210938E+00  1.179514E+00  1.748301E+02  1.374764E+02 
4.214063E+00  1.186098E+00  1.742924E+02  1.378186E+02 
4.217188E+00  1.192728E+00  1.737570E+02  1.381632E+02 
4.220313E+00  1.199404E+00  1.732238E+02  1.385102E+02 
4.223438E+00  1.206126E+00  1.726928E+02  1.388596E+02 
4.226563E+00  1.212896E+00  1.721641E+02  1.392114E+02 
4.229688E+00  1.219713E+00  1.716375E+02  1.395656E+02 
4.232813E+00  1.226578E+00  1.711130E+02  1.399223E+02 
4.235938E+00  1.233492E+00  1.705908E+02  1.402815E+02 
4.239063E+00  1.240454E+00  1.700707E+02  1.406432E+02 
4.242188E+00  1.247466E+00  1.695527E+02  1.410075E+02 
4.245313E+00  1.254527E+00  1.690369E+02  1.413742E+02 
4.248438E+00  1.261639E+00  1.685232E+02  1.417436E+02 
4.251563E+00  1.268801E+00  1.680116E+02  1.421155E+02 
4.254688E+00  1.276014E+00  1.675021E+02  1.424900E+02 
4.257813E+00  1.283279E+00  1.669947E+02  1.428672E+02 
4.260938E+00  1.290596E+00  1.664893E+02  1.432470E+02 
4.264063E+00  1.297965E+00  1.659861E+02  1.436295E+02 
4.267188E+00  1.305388E+00  1.654849E+02  1.440146E+02 
4.270313E+00  1.312864E+00  1.649857E+02  1.444025E+02 
4.273438E+00  1.320393E+00  1.644886E+02  1.447931E+02 
4.276563E+00  1.327978E+00  1.639935E+02  1.451865E+02 
4.279688E+00  1.335617E+00  1.635005E+02  1.455827E+02 
4.282813E+00  1.343311E+00  1.630094E+02  1.459816E+02 
4.285938E+00  1.351062E+00  1.625204E+02  1.463834E+02 
4.289063E+00  1.358869E+00  1.620333E+02  1.467880E+02 
4.292188E+00  1.366733E+00  1.615482E+02  1.471955E+02 
4.295313E+00  1.374655E+00  1.610651E+02  1.476059E+02 
4.298438E+00  1.382635E+00  1.605839E+02  1.480192E+02 
4.301563E+00  1.390673E+00  1.601047E+02  1.484355E+02 
4.304688E+00  1.398770E+00  1.596274E+02  1.488547E+02 
4.307813E+00  1.406928E+00  1.591521E+02  1.492770E+02 
4.310938E+00  1.415145E+00  1.586786E+02  1.497022E+02 
4.314063E+00  1.423423E+00  1.582071E+02  1.501305E+02 
4.317188E+00  1.431763E+00  1.577375E+02  1.505618E+02 
4.320313E+00  1.440165E+00  1.572698E+02  1.509962E+02 
4.323438E+00  1.448629E+00  1.568039E+02  1.514338E+02 
4.326563E+00  1.457156E+00  1.563399E+02  1.518745E+02 
4.329688E+00  1.465748E+00  1.558778E+02  1.523183E+02 
4.332813E+00  1.474403E+00  1.554175E+02  1.527654E+02 
4.335938E+00  1.483124E+00  1.549591E+02  1.532157E+02 
4.339063E+00  1.491910E+00  1.545025E+02  1.536692E+02 
4.342188E+00  1.500762E+00  1.540477E+02  1.541260E+02 
4.345313E+00  1.509681E+00  1.535948E+02  1.545861E+02 
4.348438E+00  1.518668E+00  1.531436E+02  1.550495E+02 
4.351563E+00  1.527722E+00  1.526943E+02  1.555163E+02 
4.354688E+00  1.536846E+00  1.522467E+02  1.559865E+02 
4.357813E+00  1.546039E+00  1.518009E+02  1.564601E+02 
4.360938E+00  1.555302E+00  1.513569E+02  1.569371E+02 
4.364063E+00  1.564635E+00  1.509147E+02  1.574176E+02 
4.367188E+00  1.574041E+00  1.504742E+02  1.579016E+02 
4.370313E+00  1.583518E+00  1.500354E+02  1.583892E+02 
4.373438E+00  1.593068E+00  1.495984E+02  1.588803E+02 
4.376563E+00  1.602692E+00  1.491631E+02  1.593750E+02 
4.379688E+00  1.612390E+00  1.487295E+02  1.598733E+02 
4.382813E+00  1.622163E+00  1.482976E+02  1.603752E+02 
4.385938E+00  1.632011E+00  1.478674E+02  1.608809E+02 
4.389063E+00  1.641936E+00  1.474390E+02  1.613903E+02 
4.392188E+00  1.651939E+00  1.470122E+02  1.619034E+02 
4.395313E+00  1.662019E+00  1.465870E+02  1.624202E+02 
4.398438E+00  1.672178E+00  1.461636E+02  1.629409E+02 
4.401563E+00  1.682416E+00  1.457417E+02  1.634655E+02 
4.404688E+00  1.692734E+00  1.453216E+02  1.639939E+02 
4.407813E+00  1.703134E+00  1.449031E+02  1.645262E+02 
4.410938E+00  1.713616E+00  1.444862E+02  1.650625E+02 
4.414063E+00  1.724180E+00  1.440709E+02  1.656027E+02 
4.417188E+00  1.734827E+00  1.436572E+02  1.661470E+02 
4.420313E+00  1.745559E+00  1.432452E+02  1.666953E+02 
4.423438E+00  1.756376E+00  1.428347E+02  1.672477E+02 
4.426563E+00  1.767279E+00  1.424259E+02  1.678042E+02 
4.429688E+00  1.778268E+00  1.420186E+02  1.683648E+02 
4.432813E+00  1.789346E+00  1.416129E+02  1.689296E+02 
4.435938E+00  1.800512E+00  1.412088E+02  1.694987E+02 
4.439063E+00  1.811767E+00  1.408062E+02  1.700720E+02 
4.442188E+00  1.823113E+00  1.404051E+02  1.706496E+02 
4.445313E+00  1.834550E+00  1.400056E+02  1.712315E+02 
4.448438E+00  1.846079E+00  1.396077E+02  1.718179E+02 
4.451563E+00  1.857701E+00  1.392113E+02  1.724086E+02 
4.454688E+00  1.869417E+00  1.388163E+02  1.730038E+02 
4.457813E+00  1.881228E+00  1.384229E+02  1.736034E+02 
4.460938E+00  1.893135E+00  1.380310E+02  1.742076E+02 
4.464063E+00  1.905139E+00  1.376406E+02  1.748164E+02 
4.467188E+00  1.917241E+00  1.372517E+02  1.754297E+02 
4.470313E+00  1.929442E+00  1.368643E+02  1.760478E+02 
4.473438E+00  1.941742E+00  1.364783E+02  1.766705E+02 
4.476563E+00  1.954144E+00  1.360938E+02  1.772979E+02 
4.479688E+00  1.966647E+00  1.357107E+02  1.779301E+02 
4.482813E+00  1.979253E+00  1.353291E+02  1.785671E+02 
4.485938E+00  1.991964E+00  1.349490E+02  1.792090E+02 
4.489063E+00  2.004779E+00  1.345703E+02  1.798558E+02 
4.492188E+00  2.017701E+00  1.341930E+02  1.805075E+02 
4.495313E+00  2.030729E+00  1.338171E+02  1.811642E+02 
4.498438E+00  2.043867E+00  1.334426E+02  1.818259E+02 
4.501563E+00  2.057113E+00  1.330695E+02  1.824927E+02 
4.504688E+00  2.070470E+00  1.326979E+02  1.831647E+02 
4.507813E+00  2.083939E+00  1.323276E+02  1.838418E+02 
4.510938E+00  2.097521E+00  1.319587E+02  1.845241E+02 
4.514063E+00  2.111217E+00  1.315912E+02  1.852117E+02 
4.517188E+00  2.125028E+00  1.312250E+02  1.859046E+02 
4.520313E+00  2.138956E+00  1.308602E+02  1.866028E+02 
4.523438E+00  2.153001E+00  1.304968E+02  1.873065E+02 
4.526563E+00  2.167165E+00  1.301347E+02  1.880156E+02 
4.529688E+00  2.181450E+00  1.297740E+02  1.887302E+02 
4.532813E+00  2.195856E+00  1.294145E+02  1.894504E+02 
4.535938E+00  2.210384E+00  1.290564E+02  1.901762E+02 
4.539063E+00  2.225036E+00  1.286997E+02  1.909076E+02 
4.542188E+00  2.239814E+00  1.283442E+02  1.916448E+02 
4.545313E+00  2.254718E+00  1.279900E+02  1.923877E+02 
4.548438E+00  2.269750E+00  1.276372E+02  1.931364E+02 
4.551563E+00  2.284912E+00  1.272856E+02  1.938909E+02 
4.554688E+00  2.300204E+00  1.269353E+02  1.946514E+02 
4.557813E+00  2.315628E+00  1.265863E+02  1.954179E+02 
4.560938E+00  2.331186E+00  1.262386E+02  1.961904E+02 
4.564063E+00  2.346879E+00  1.258921E+02  1.969690E+02 
4.567188E+00  2.362707E+00  1.255469E+02  1.977537E+02 
4.570313E+00  2.378674E+00  1.252029E+02  1.985446E+02 
4.573438E+00  2.394780E+00  1.248602E+02  1.993418E+02 
4.576563E+00  2.411026E+00  1.245187E+02  2.001452E+02 
4.579688E+00  2.427415E+00  1.241784E+02  2.009551E+02 
4.582813E+00  2.443948E+00  1.238394E+02  2.017714E+02 
4.585938E+00  2.460626E+00  1.235016E+02  2.025941E+02 
4.589063E+00  2.477451E+00  1.231650E+02  2.034235E+02 
4.592188E+00  2.494424E+00  1.228296E+02  2.042594E+02 
4.595313E+00  2.511548E+00  1.224954E+02  2.051020E+02 
4.598438E+00  2.528823E+00  1.221624E+02  2.059513E+02 
4.601563E+00  2.546251E+00  1.218305E+02  2.068075E+02 
4.604688E+00  2.563835E+00  1.214999E+02  2.076705E+02 
4.607813E+00  2.581575E+00  1.211704E+02  2.085404E+02 
4.610938E+00  2.599474E+00  1.208421E+02  2.094173E+02 
4.614063E+00  2.617533E+00  1.205150E+02  2.103013E+02 
4.617188E+00  2.635754E+00  1.201890E+02  2.111924E+02 
4.620313E+00  2.654139E+00  1.198641E+02  2.120907E+02 
4.623438E+00  2.672689E+00  1.195404E+02  2.129962E+02 
4.626563E+00  2.691406E+00  1.192179E+02  2.139091E+02 
4.629688E+00  2.710293E+00  1.188964E+02  2.148294E+02 
4.632813E+00  2.729351E+00  1.185761E+02  2.157571E+02 
4.635938E+00  2.748581E+00  1.182569E+02  2.166924E+02 
4.639063E+00  2.767987E+00  1.179388E+02  2.176353E+02 
4.642188E+00  2.787569E+00  1.176218E+02  2.185859E+02 
4.645313E+00  2.807330E+00  1.173059E+02  2.195443E+02 
4.648438E+00  2.827272E+00  1.169911E+02  2.205105E+02 
4.651563E+00  2.847397E+00  1.166774E+02  2.214846E+02 
4.654688E+00  2.867707E+00  1.163648E+02  2.224667E+02 
4.657813E+00  2.888203E+00  1.160532E+02  2.234568E+02 
4.660938E+00  2.908888E+00  1.157427E+02  2.244551E+02 
4.664063E+00  2.929765E+00  1.154333E+02  2.254616E+02 
4.667188E+00  2.950835E+00  1.151249E+02  2.264764E+02 
4.670313E+00  2.972100E+00  1.148176E+02  2.274996E+02 
4.673438E+00  2.993563E+00  1.145113E+02  2.285313E+02 
4.676563E+00  3.015226E+00  1.142061E+02  2.295715E+02 
4.679688E+00  3.037091E+00  1.139019E+02  2.306203E+02 
4.682813E+00  3.059161E+00  1.135987E+02  2.316779E+02 
4.685938E+00  3.081437E+00  1.132966E+02  2.327442E+02 
4.689063E+00  3.103923E+00  1.129955E+02  2.338195E+02 
4.692188E+00  3.126620E+00  1.126953E+02  2.349037E+02 
4.695313E+00  3.149531E+00  1.123962E+02  2.359969E+02 
4.698438E+00  3.172659E+00  1.120981E+02  2.370993E+02 
4.701563E+00  3.196005E+00  1.118010E+02  2.382110E+02 
4.704688E+00  3.219573E+00  1.115049E+02  2.393320E+02 
4.707813E+00  3.243364E+00  1.112097E+02  2.404624E+02 
4.710938E+00  3.267383E+00  1.109155E+02  2.416023E+02 
4.714063E+00  3.291630E+00  1.106223E+02  2.427519E+02 
4.717188E+00  3.316110E+00  1.103301E+02  2.439112E+02 
4.720313E+00  3.340824E+00  1.100388E+02  2.450802E+02 
4.723438E+00  3.365775E+00  1.097485E+02  2.462592E+02 
4.726563E+00  3.390966E+00  1.094592E+02  2.474482E+02 
4.729688E+00  3.416400E+00  1.091707E+02  2.486472E+02 
4.732813E+00  3.442079E+00  1.088833E+02  2.498565E+02 
4.735938E+00  3.468007E+00  1.085967E+02  2.510761E+02 
4.739063E+00  3.494187E+00  1.083111E+02  2.523061E+02 
4.742188E+00  3.520621E+00  1.080264E+02  2.535467E+02 
4.745313E+00  3.547312E+00  1.077426E+02  2.547978E+02 
4.748438E+00  3.574264E+00  1.074598E+02  2.560597E+02 
4.751563E+00  3.601479E+00  1.071778E+02  2.573324E+02 
4.754688E+00  3.628961E+00  1.068968E+02  2.586161E+02 
4.757813E+00  3.656712E+00  1.066166E+02  2.599109E+02 
4.760938E+00  3.684737E+00  1.063374E+02  2.612168E+02 
4.764063E+00  3.713038E+00  1.060590E+02  2.625340E+02 
4.767188E+00  3.741618E+00  1.057815E+02  2.638626E+02 
4.770313E+00  3.770481E+00  1.055049E+02  2.652028E+02 
4.773438E+00  3.799630E+00  1.052292E+02  2.665546E+02 
4.776563E+00  3.829069E+00  1.049543E+02  2.679182E+02 
4.779688E+00  3.858801E+00  1.046803E+02  2.692936E+02 
4.782813E+00  3.888830E+00  1.044071E+02  2.706811E+02 
4.785938E+00  3.919159E+00  1.041348E+02  2.720807E+02 
4.789063E+00  3.949792E+00  1.038634E+02  2.734925E+02 
4.792188E+00  3.980732E+00  1.035928E+02  2.749168E+02 
4.795313E+00  1.000000E+00  5.208333E-09  1.000000E-05 
4.798438E+00  1.000000E+00  5.208333E-09  1.000000E-05 
4.801563E+00  1.000000E+00  5.208333E-09  1.000000E-05 
4.804688E+00  1.000000E+00  5.208333E-09  1.000000E-05 
4.807813E+00  1.000000E+00  5.208333E-09  1.000000E-05 
4.810938E+00  1.000000E+00  5.208333E-09  1.000000E-05 
4.814063E+00  1.000000E+00  5.208333E-09  1.000000E-05 
4.817188E+00  1.000000E+00  5.208333E-09  1.000000E-05 
4.820313E+00  1.000000E+00  5.208333E-09  1.000000E-05 
4.823438E+00  1.000000E+00  5.208333E-09  1.000000E-05 
4.826563E+00  1.000000E+00  5.208333E-09  1.000000E-05 
4.829688E+00  1.000000E+00  5.208333E-09  1.000000E-05 
4.832813E+00  1.000000E+00  5.208333E-09  1.000000E-05 
4.835938E+00  1.000000E+00  5.208333E-09  1.000000E-05 
4.839063E+00  1.000000E+00  5.208333E-09  1.000000E-05 
4.842188E+00  1.000000E+00  5.208333E-09  1.000000E-05 
4.845313E+00  1.000000E+00  5.208333E-09  1.000000E-05 
4.848438E+00  1.000000E+00  5.208333E-09  1.000000E-05 
4.851563E+00  1.000000E+00  5.208333E-09  1.000000E-05 
4.854688E+00  1.000000E+00  5.208333E-09  1.000000E-05 
4.857813E+00  1.000000E+00  5.208333E-09  1.000000E-05 
4.860938E+00  1.000000E+00  5.208333E-09  1.000000E-05 
4.864063E+00  1.000000E+00  5.208333E-09  1.000000E-05 
4.867188E+00  1.000000E+00  5.208333E-09  1.000000E-05 
4.870313E+00  1.000000E+00  5.208333E-09  1.000000E-05 
4.873438E+00  1.000000E+00  5.208333E-09  1.000000E-05 
4.876563E+00  1.000000E+00  5.208333E-09  1.000000E-05 
4.879688E+00  1.000000E+00  5.208333E-09  1.000000E-05 
4.882813E+00  1.000000E+00  5.208333E-09  1.000000E-05 
4.885938E+00  1.000000E+00  5.208333E-09  1.000000E-05 
4.889063E+00  1.000000E+00  5.208333E-09  1.000000E-05 
4.892188E+00  1.000000E+00  5.208333E-09  1.000000E-05 
4.895313E+00  1.000000E+00  5.208333E-09  1.000000E-05 
4.898438E+00  1.000000E+00  5.208333E-09  1.000000E-05 
4.901563E+00  1.000000E+00  5.208333E-09  1.000000E-05 
4.904688E+00  1.000000E+00  5.208333E-09  1.000000E-05 
4.907813E+00  1.000000E+00  5.208333E-09  1.000000E-05 
4.910938E+00  1.000000E+00  5.208333E-09  1.000000E-05 
4.914063E+00  1.000000E+00  5.208333E-09  1.000000E-05 
4.917188E+00  1.000000E+00  5.208333E-09  1.000000E-05 
4.920313E+00  1.000000E+00  5.208333E-09  1.000000E-05 
4.923438E+00  1.000000E+00  5.208333E-09  1.000000E-05 
4.926563E+00  1.000000E+00  5.208333E-09  1.000000E-05 
4.929688E+00  1.000000E+00  5.208333E-09  1.000000E-05 
4.932813E+00  1.000000E+00  5.208333E-09  1.000000E-05 
4.935938E+00  1.000000E+00  5.208333E-09  1.000000E-05 
4.939063E+00  1.000000E+00  5.208333E-09  1.000000E-05 
4.942188E+00  1.000000E+00  5.208333E-09  1.000000E-05 
4.945313E+00  1.000000E+00  5.208333E-09  1.000000E-05 
4.948438E+00  1.000000E+00  5.208333E-09  1.000000E-05 
4.951563E+00  1.000000E+00  5.208333E-09  1.000000E-05 
4.954688E+00  1.000000E+00  5.208333E-09  1.000000E-05 
4.957813E+00  1.000000E+00  5.208333E-09  1.000000E-05 
4.960938E+00  1.000000E+00  5.208333E-09  1.000000E-05 
4.964063E+00  1.000000E+00  5.208333E-09  1.000000E-05 
4.967188E+00  1.000000E+00  5.208333E-09  1.000000E-05 
4.970313E+00  1.000000E+00  5.208333E-09  1.000000E-05 
4.973438E+00  1.000000E+00  5.208333E-09  1.000000E-05 
4.976563E+00  1.000000E+00  5.208333E-09  1.000000E-05 
4.979688E+00  1.000000E+00  5.208333E-09  1.000000E-05 
4.982813E+00  1.000000E+00  5.208333E-09  1.000000E-05 
4.985938E+00  1.000000E+00  5.208333E-09  1.000000E-05 
4.989063E+00  1.000000E+00  5.208333E-09  1.000000E-05 
4.992188E+00  1.000000E+00  5.208333E-09  1.000000E-05 
4.995313E+00  1.000000E+00  5.208333E-09  1.000000E-05 
4.998438E+00  1.000000E+00  5.208333E-09  1.000000E-05 
