# Michel's model for spherical accretion 
# Model parameters: gamma = 1.33333333333 , a_inf = 0.05
# a_max = 0.5773502691896257
# Critical values: r_c = 103.333174578041 , v_c = 0.06956088779868647
#                  a_c = 0.0700713299996919 , rho_c = 7.743688457440803
# Accretion rate: alpha = 5751.651082764081
# Units: length = M, velocity = c, density = rho_inf
# Columns: radius, density, velocity, sound_speed
2.500000e+00 1.121997e+03 2.202553e+01 8.202019e-01 1.557837e-01 -3.514855e-01 -1.952697e-01 2.619818e-01 1.036191e+00
3.746867e+00 6.251632e+02 1.009862e+01 6.553338e-01 1.422353e-01 -3.117149e-01 -2.032332e-01 2.516959e-01 1.033265e+00
4.993734e+00 4.140466e+02 5.830017e+00 5.570477e-01 1.333157e-01 -2.834698e-01 -2.024059e-01 2.395328e-01 1.029985e+00
6.240602e+00 3.013966e+02 3.817583e+00 4.900059e-01 1.267834e-01 -2.617602e-01 -1.982308e-01 2.277914e-01 1.027000e+00
7.487469e+00 2.328756e+02 2.706675e+00 4.405534e-01 1.216908e-01 -2.442522e-01 -1.927628e-01 2.169856e-01 1.024407e+00
8.734336e+00 1.874747e+02 2.027034e+00 4.021519e-01 1.175532e-01 -2.296673e-01 -1.868761e-01 2.071698e-01 1.022176e+00
9.981203e+00 1.555205e+02 1.579989e+00 3.712267e-01 1.140914e-01 -2.172292e-01 -1.809675e-01 1.982711e-01 1.020255e+00
1.122807e+01 1.319965e+02 1.269659e+00 3.456368e-01 1.111306e-01 -2.064315e-01 -1.752204e-01 1.901868e-01 1.018591e+00
1.247494e+01 1.140658e+02 1.045069e+00 3.240114e-01 1.085546e-01 -1.969260e-01 -1.697168e-01 1.828159e-01 1.017142e+00
1.372180e+01 1.000145e+02 8.770440e-01 3.054268e-01 1.062826e-01 -1.884627e-01 -1.644880e-01 1.760677e-01 1.015870e+00
1.496867e+01 8.875145e+01 7.478905e-01 2.892348e-01 1.042562e-01 -1.808565e-01 -1.595400e-01 1.698642e-01 1.014747e+00
1.621554e+01 7.955208e+01 6.463576e-01 2.749655e-01 1.024318e-01 -1.739665e-01 -1.548656e-01 1.641385e-01 1.013749e+00
1.746241e+01 7.191807e+01 5.650082e-01 2.622686e-01 1.007764e-01 -1.676832e-01 -1.504517e-01 1.588340e-01 1.012858e+00
1.870927e+01 6.549641e+01 4.987628e-01 2.508772e-01 9.926405e-02 -1.619197e-01 -1.462823e-01 1.539026e-01 1.012058e+00
1.995614e+01 6.003070e+01 4.440535e-01 2.405836e-01 9.787426e-02 -1.566061e-01 -1.423408e-01 1.493032e-01 1.011336e+00
2.120301e+01 5.533059e+01 3.983130e-01 2.312237e-01 9.659052e-02 -1.516852e-01 -1.386106e-01 1.450006e-01 1.010681e+00
2.244987e+01 5.125210e+01 3.596551e-01 2.226656e-01 9.539936e-02 -1.471098e-01 -1.350762e-01 1.409647e-01 1.010086e+00
2.369674e+01 4.768443e+01 3.266677e-01 2.148022e-01 9.428962e-02 -1.428404e-01 -1.317230e-01 1.371691e-01 1.009543e+00
2.494361e+01 4.454110e+01 2.982762e-01 2.075454e-01 9.325200e-02 -1.388437e-01 -1.285374e-01 1.335912e-01 1.009045e+00
2.619048e+01 4.175368e+01 2.736511e-01 2.008218e-01 9.227865e-02 -1.350913e-01 -1.255071e-01 1.302111e-01 1.008587e+00
2.743734e+01 3.926740e+01 2.521430e-01 1.945702e-01 9.136289e-02 -1.315591e-01 -1.226208e-01 1.270113e-01 1.008165e+00
2.868421e+01 3.703792e+01 2.332381e-01 1.887384e-01 9.049901e-02 -1.282259e-01 -1.198681e-01 1.239766e-01 1.007775e+00
2.993108e+01 3.502901e+01 2.165249e-01 1.832821e-01 8.968208e-02 -1.250736e-01 -1.172396e-01 1.210933e-01 1.007413e+00
3.117794e+01 3.321080e+01 2.016709e-01 1.781633e-01 8.890780e-02 -1.220862e-01 -1.147267e-01 1.183493e-01 1.007078e+00
3.242481e+01 3.155847e+01 1.884048e-01 1.733491e-01 8.817244e-02 -1.192498e-01 -1.123217e-01 1.157339e-01 1.006765e+00
3.367168e+01 3.005123e+01 1.765037e-01 1.688110e-01 8.747270e-02 -1.165519e-01 -1.100172e-01 1.132374e-01 1.006474e+00
3.491855e+01 2.867154e+01 1.657825e-01 1.645240e-01 8.680568e-02 -1.139816e-01 -1.078069e-01 1.108513e-01 1.006201e+00
3.616541e+01 2.740452e+01 1.560871e-01 1.604662e-01 8.616881e-02 -1.115292e-01 -1.056847e-01 1.085676e-01 1.005946e+00
3.741228e+01 2.623747e+01 1.472878e-01 1.566182e-01 8.555979e-02 -1.091858e-01 -1.036451e-01 1.063794e-01 1.005707e+00
3.865915e+01 2.515948e+01 1.392750e-01 1.529630e-01 8.497658e-02 -1.069437e-01 -1.016832e-01 1.042803e-01 1.005482e+00
3.990602e+01 2.416115e+01 1.319555e-01 1.494852e-01 8.441734e-02 -1.047958e-01 -9.979431e-02 1.022645e-01 1.005270e+00
4.115288e+01 2.323431e+01 1.252498e-01 1.461714e-01 8.388040e-02 -1.027356e-01 -9.797415e-02 1.003266e-01 1.005071e+00
4.239975e+01 2.237186e+01 1.190895e-01 1.430092e-01 8.336427e-02 -1.007575e-01 -9.621883e-02 9.846200e-02 1.004883e+00
4.364662e+01 2.156757e+01 1.134155e-01 1.399878e-01 8.286760e-02 -9.885607e-02 -9.452471e-02 9.666613e-02 1.004705e+00
4.489348e+01 2.081601e+01 1.081768e-01 1.370972e-01 8.238915e-02 -9.702662e-02 -9.288845e-02 9.493499e-02 1.004537e+00
4.614035e+01 2.011234e+01 1.033287e-01 1.343285e-01 8.192780e-02 -9.526474e-02 -9.130694e-02 9.326485e-02 1.004378e+00
4.738722e+01 1.945232e+01 9.883240e-02 1.316736e-01 8.148253e-02 -9.356641e-02 -8.977732e-02 9.165229e-02 1.004227e+00
4.863409e+01 1.883217e+01 9.465378e-02 1.291251e-01 8.105238e-02 -9.192797e-02 -8.829690e-02 9.009415e-02 1.004083e+00
4.988095e+01 1.824853e+01 9.076278e-02 1.266763e-01 8.063650e-02 -9.034602e-02 -8.686320e-02 8.858750e-02 1.003947e+00
5.112782e+01 1.769838e+01 8.713289e-02 1.243210e-01 8.023410e-02 -8.881744e-02 -8.547391e-02 8.712964e-02 1.003818e+00
5.237469e+01 1.717905e+01 8.374062e-02 1.220536e-01 7.984444e-02 -8.733935e-02 -8.412685e-02 8.571806e-02 1.003694e+00
5.362155e+01 1.668811e+01 8.056508e-02 1.198689e-01 7.946684e-02 -8.590909e-02 -8.282003e-02 8.435042e-02 1.003577e+00
5.486842e+01 1.622339e+01 7.758768e-02 1.177623e-01 7.910068e-02 -8.452417e-02 -8.155154e-02 8.302455e-02 1.003464e+00
5.611529e+01 1.578292e+01 7.479179e-02 1.157291e-01 7.874539e-02 -8.318230e-02 -8.031964e-02 8.173844e-02 1.003357e+00
5.736216e+01 1.536493e+01 7.216252e-02 1.137656e-01 7.840041e-02 -8.188135e-02 -7.912265e-02 8.049018e-02 1.003255e+00
5.860902e+01 1.496781e+01 6.968650e-02 1.118678e-01 7.806525e-02 -8.061934e-02 -7.795903e-02 7.927803e-02 1.003157e+00
5.985589e+01 1.459010e+01 6.735168e-02 1.100324e-01 7.773944e-02 -7.939440e-02 -7.682732e-02 7.810031e-02 1.003064e+00
6.110276e+01 1.423045e+01 6.514720e-02 1.082561e-01 7.742254e-02 -7.820480e-02 -7.572616e-02 7.695550e-02 1.002974e+00
6.234962e+01 1.388766e+01 6.306324e-02 1.065358e-01 7.711416e-02 -7.704893e-02 -7.465424e-02 7.584214e-02 1.002888e+00
6.359649e+01 1.356061e+01 6.109089e-02 1.048690e-01 7.681389e-02 -7.592527e-02 -7.361035e-02 7.475885e-02 1.002806e+00
6.484336e+01 1.324828e+01 5.922207e-02 1.032528e-01 7.652140e-02 -7.483239e-02 -7.259336e-02 7.370437e-02 1.002727e+00
6.609023e+01 1.294975e+01 5.744943e-02 1.016850e-01 7.623634e-02 -7.376896e-02 -7.160216e-02 7.267749e-02 1.002652e+00
6.733709e+01 1.266414e+01 5.576627e-02 1.001632e-01 7.595840e-02 -7.273373e-02 -7.063575e-02 7.167707e-02 1.002579e+00
6.858396e+01 1.239067e+01 5.416646e-02 9.868534e-02 7.568729e-02 -7.172550e-02 -6.969316e-02 7.070203e-02 1.002509e+00
6.983083e+01 1.212861e+01 5.264440e-02 9.724943e-02 7.542271e-02 -7.074318e-02 -6.877346e-02 6.975137e-02 1.002442e+00
7.107769e+01 1.187729e+01 5.119498e-02 9.585359e-02 7.516442e-02 -6.978570e-02 -6.787580e-02 6.882413e-02 1.002377e+00
7.232456e+01 1.163609e+01 4.981348e-02 9.449608e-02 7.491217e-02 -6.885209e-02 -6.699935e-02 6.791940e-02 1.002315e+00
7.357143e+01 1.140443e+01 4.849558e-02 9.317525e-02 7.466571e-02 -6.794139e-02 -6.614332e-02 6.703633e-02 1.002255e+00
7.481830e+01 1.118178e+01 4.723730e-02 9.188956e-02 7.442483e-02 -6.705274e-02 -6.530699e-02 6.617411e-02 1.002197e+00
7.606516e+01 1.096763e+01 4.603498e-02 9.063753e-02 7.418932e-02 -6.618528e-02 -6.448964e-02 6.533196e-02 1.002141e+00
7.731203e+01 1.076154e+01 4.488521e-02 8.941780e-02 7.395898e-02 -6.533824e-02 -6.369061e-02 6.450916e-02 1.002087e+00
7.855890e+01 1.056307e+01 4.378488e-02 8.822907e-02 7.373362e-02 -6.451084e-02 -6.290926e-02 6.370502e-02 1.002035e+00
7.980576e+01 1.037182e+01 4.273109e-02 8.707010e-02 7.351307e-02 -6.370239e-02 -6.214498e-02 6.291887e-02 1.001985e+00
8.105263e+01 1.018742e+01 4.172116e-02 8.593975e-02 7.329715e-02 -6.291220e-02 -6.139720e-02 6.215008e-02 1.001937e+00
8.229950e+01 1.000952e+01 4.075259e-02 8.483690e-02 7.308570e-02 -6.213962e-02 -6.066536e-02 6.139807e-02 1.001890e+00
8.354637e+01 9.837802e+00 3.982308e-02 8.376051e-02 7.287858e-02 -6.138405e-02 -5.994894e-02 6.066225e-02 1.001845e+00
8.479323e+01 9.671953e+00 3.893047e-02 8.270961e-02 7.267563e-02 -6.064490e-02 -5.924744e-02 5.994209e-02 1.001801e+00
8.604010e+01 9.511691e+00 3.807276e-02 8.168324e-02 7.247672e-02 -5.992161e-02 -5.856037e-02 5.923708e-02 1.001759e+00
8.728697e+01 9.356749e+00 3.724809e-02 8.068053e-02 7.228171e-02 -5.921365e-02 -5.788728e-02 5.854671e-02 1.001718e+00
8.853383e+01 9.206875e+00 3.645472e-02 7.970062e-02 7.209047e-02 -5.852052e-02 -5.722774e-02 5.787052e-02 1.001679e+00
8.978070e+01 9.061835e+00 3.569102e-02 7.874272e-02 7.190290e-02 -5.784174e-02 -5.658131e-02 5.720805e-02 1.001640e+00
9.102757e+01 8.921406e+00 3.495547e-02 7.780605e-02 7.171887e-02 -5.717685e-02 -5.594760e-02 5.655888e-02 1.001603e+00
9.227444e+01 8.785379e+00 3.424665e-02 7.688989e-02 7.153827e-02 -5.652539e-02 -5.532623e-02 5.592260e-02 1.001567e+00
9.352130e+01 8.653559e+00 3.356323e-02 7.599354e-02 7.136099e-02 -5.588697e-02 -5.471682e-02 5.529880e-02 1.001532e+00
9.476817e+01 8.525761e+00 3.290397e-02 7.511634e-02 7.118694e-02 -5.526116e-02 -5.411902e-02 5.468711e-02 1.001499e+00
9.601504e+01 8.401809e+00 3.226769e-02 7.425765e-02 7.101603e-02 -5.464759e-02 -5.353250e-02 5.408717e-02 1.001466e+00
9.726190e+01 8.281539e+00 3.165329e-02 7.341689e-02 7.084815e-02 -5.404588e-02 -5.295692e-02 5.349863e-02 1.001434e+00
9.850877e+01 8.164795e+00 3.105974e-02 7.259345e-02 7.068322e-02 -5.345568e-02 -5.239198e-02 5.292116e-02 1.001403e+00
9.975564e+01 8.051429e+00 3.048607e-02 7.178681e-02 7.052115e-02 -5.287666e-02 -5.183737e-02 5.235444e-02 1.001373e+00
1.010025e+02 7.941303e+00 2.993136e-02 7.099642e-02 7.036187e-02 -5.230849e-02 -5.129281e-02 5.179816e-02 1.001344e+00
1.022494e+02 7.834284e+00 2.939476e-02 7.022179e-02 7.020529e-02 -5.175084e-02 -5.075802e-02 5.125203e-02 1.001316e+00
1.034962e+02 7.730248e+00 2.887544e-02 6.946243e-02 7.005134e-02 -5.120344e-02 -5.023272e-02 5.071575e-02 1.001289e+00
1.047431e+02 7.629075e+00 2.837265e-02 6.871788e-02 6.989995e-02 -5.066597e-02 -4.971667e-02 5.018908e-02 1.001262e+00
1.059900e+02 7.530654e+00 2.788566e-02 6.798769e-02 6.975105e-02 -5.013818e-02 -4.920961e-02 4.967172e-02 1.001236e+00
1.072368e+02 7.434877e+00 2.741379e-02 6.727144e-02 6.960457e-02 -4.961979e-02 -4.871131e-02 4.916345e-02 1.001211e+00
1.084837e+02 7.341643e+00 2.695639e-02 6.656872e-02 6.946045e-02 -4.911054e-02 -4.822153e-02 4.866401e-02 1.001186e+00
1.097306e+02 7.250856e+00 2.651285e-02 6.587914e-02 6.931863e-02 -4.861020e-02 -4.774006e-02 4.817316e-02 1.001162e+00
1.109774e+02 7.162424e+00 2.608259e-02 6.520233e-02 6.917904e-02 -4.811851e-02 -4.726669e-02 4.769070e-02 1.001139e+00
1.122243e+02 7.076259e+00 2.566507e-02 6.453791e-02 6.904163e-02 -4.763526e-02 -4.680119e-02 4.721638e-02 1.001117e+00
1.134712e+02 6.992279e+00 2.525975e-02 6.388555e-02 6.890634e-02 -4.716022e-02 -4.634339e-02 4.675002e-02 1.001095e+00
1.147180e+02 6.910405e+00 2.486616e-02 6.324491e-02 6.877313e-02 -4.669318e-02 -4.589307e-02 4.629140e-02 1.001073e+00
1.159649e+02 6.830560e+00 2.448382e-02 6.261567e-02 6.864193e-02 -4.623393e-02 -4.545007e-02 4.584033e-02 1.001052e+00
1.172118e+02 6.752674e+00 2.411229e-02 6.199751e-02 6.851270e-02 -4.578228e-02 -4.501420e-02 4.539662e-02 1.001032e+00
1.184586e+02 6.676677e+00 2.375115e-02 6.139014e-02 6.838540e-02 -4.533804e-02 -4.458528e-02 4.496009e-02 1.001012e+00
1.197055e+02 6.602504e+00 2.339999e-02 6.079328e-02 6.825997e-02 -4.490102e-02 -4.416315e-02 4.453056e-02 1.000993e+00
1.209524e+02 6.530091e+00 2.305843e-02 6.020664e-02 6.813637e-02 -4.447104e-02 -4.374765e-02 4.410786e-02 1.000974e+00
1.221992e+02 6.459381e+00 2.272612e-02 5.962997e-02 6.801456e-02 -4.404794e-02 -4.333862e-02 4.369184e-02 1.000956e+00
1.234461e+02 6.390314e+00 2.240270e-02 5.906299e-02 6.789450e-02 -4.363154e-02 -4.293591e-02 4.328233e-02 1.000938e+00
1.246930e+02 6.322837e+00 2.208785e-02 5.850548e-02 6.777614e-02 -4.322168e-02 -4.253938e-02 4.287917e-02 1.000921e+00
1.259398e+02 6.256897e+00 2.178125e-02 5.795717e-02 6.765944e-02 -4.281822e-02 -4.214887e-02 4.248222e-02 1.000904e+00
1.271867e+02 6.192444e+00 2.148260e-02 5.741785e-02 6.754438e-02 -4.242099e-02 -4.176425e-02 4.209134e-02 1.000887e+00
1.284336e+02 6.129430e+00 2.119162e-02 5.688729e-02 6.743090e-02 -4.202986e-02 -4.138539e-02 4.170638e-02 1.000871e+00
1.296805e+02 6.067808e+00 2.090803e-02 5.636528e-02 6.731899e-02 -4.164468e-02 -4.101217e-02 4.132721e-02 1.000855e+00
1.309273e+02 6.007536e+00 2.063158e-02 5.585160e-02 6.720859e-02 -4.126532e-02 -4.064445e-02 4.095371e-02 1.000840e+00
1.321742e+02 5.948569e+00 2.036202e-02 5.534606e-02 6.709969e-02 -4.089164e-02 -4.028211e-02 4.058573e-02 1.000825e+00
1.334211e+02 5.890869e+00 2.009910e-02 5.484846e-02 6.699224e-02 -4.052352e-02 -3.992504e-02 4.022317e-02 1.000810e+00
1.346679e+02 5.834396e+00 1.984260e-02 5.435861e-02 6.688621e-02 -4.016083e-02 -3.957312e-02 3.986589e-02 1.000796e+00
1.359148e+02 5.779112e+00 1.959231e-02 5.387633e-02 6.678158e-02 -3.980346e-02 -3.922624e-02 3.951379e-02 1.000782e+00
1.371617e+02 5.724982e+00 1.934801e-02 5.340144e-02 6.667832e-02 -3.945128e-02 -3.888429e-02 3.916676e-02 1.000768e+00
1.384085e+02 5.671970e+00 1.910950e-02 5.293378e-02 6.657639e-02 -3.910418e-02 -3.854718e-02 3.882468e-02 1.000755e+00
1.396554e+02 5.620045e+00 1.887660e-02 5.247317e-02 6.647577e-02 -3.876206e-02 -3.821479e-02 3.848745e-02 1.000741e+00
1.409023e+02 5.569174e+00 1.864912e-02 5.201946e-02 6.637644e-02 -3.842480e-02 -3.788703e-02 3.815497e-02 1.000729e+00
1.421491e+02 5.519326e+00 1.842689e-02 5.157249e-02 6.627836e-02 -3.809231e-02 -3.756380e-02 3.782713e-02 1.000716e+00
1.433960e+02 5.470472e+00 1.820974e-02 5.113212e-02 6.618151e-02 -3.776448e-02 -3.724501e-02 3.750385e-02 1.000704e+00
1.446429e+02 5.422583e+00 1.799751e-02 5.069818e-02 6.608586e-02 -3.744122e-02 -3.693057e-02 3.718502e-02 1.000692e+00
1.458897e+02 5.375631e+00 1.779003e-02 5.027055e-02 6.599140e-02 -3.712243e-02 -3.662040e-02 3.687056e-02 1.000680e+00
1.471366e+02 5.329592e+00 1.758717e-02 4.984908e-02 6.589810e-02 -3.680801e-02 -3.631440e-02 3.656037e-02 1.000669e+00
1.483835e+02 5.284439e+00 1.738879e-02 4.943365e-02 6.580593e-02 -3.649789e-02 -3.601249e-02 3.625438e-02 1.000658e+00
1.496303e+02 5.240147e+00 1.719473e-02 4.902412e-02 6.571488e-02 -3.619197e-02 -3.571460e-02 3.595249e-02 1.000647e+00
1.508772e+02 5.196693e+00 1.700488e-02 4.862037e-02 6.562492e-02 -3.589016e-02 -3.542063e-02 3.565463e-02 1.000636e+00
1.521241e+02 5.154055e+00 1.681910e-02 4.822227e-02 6.553603e-02 -3.559240e-02 -3.513053e-02 3.536071e-02 1.000626e+00
1.533709e+02 5.112210e+00 1.663728e-02 4.782971e-02 6.544820e-02 -3.529859e-02 -3.484421e-02 3.507066e-02 1.000616e+00
1.546178e+02 5.071137e+00 1.645930e-02 4.744257e-02 6.536139e-02 -3.500865e-02 -3.456160e-02 3.478441e-02 1.000606e+00
1.558647e+02 5.030816e+00 1.628503e-02 4.706074e-02 6.527560e-02 -3.472252e-02 -3.428262e-02 3.450187e-02 1.000596e+00
1.571115e+02 4.991226e+00 1.611439e-02 4.668412e-02 6.519080e-02 -3.444012e-02 -3.400722e-02 3.422299e-02 1.000586e+00
1.583584e+02 4.952350e+00 1.594725e-02 4.631259e-02 6.510697e-02 -3.416138e-02 -3.373532e-02 3.394768e-02 1.000577e+00
1.596053e+02 4.914167e+00 1.578353e-02 4.594605e-02 6.502411e-02 -3.388622e-02 -3.346685e-02 3.367589e-02 1.000568e+00
1.608521e+02 4.876662e+00 1.562311e-02 4.558440e-02 6.494218e-02 -3.361459e-02 -3.320176e-02 3.340754e-02 1.000558e+00
1.620990e+02 4.839815e+00 1.546592e-02 4.522755e-02 6.486118e-02 -3.334640e-02 -3.293999e-02 3.314257e-02 1.000550e+00
1.633459e+02 4.803611e+00 1.531186e-02 4.487541e-02 6.478108e-02 -3.308161e-02 -3.268146e-02 3.288093e-02 1.000541e+00
1.645927e+02 4.768034e+00 1.516084e-02 4.452787e-02 6.470188e-02 -3.282014e-02 -3.242612e-02 3.262254e-02 1.000533e+00
1.658396e+02 4.733067e+00 1.501277e-02 4.418485e-02 6.462355e-02 -3.256193e-02 -3.217392e-02 3.236735e-02 1.000524e+00
1.670865e+02 4.698696e+00 1.486759e-02 4.384626e-02 6.454608e-02 -3.230693e-02 -3.192480e-02 3.211530e-02 1.000516e+00
1.683333e+02 4.664907e+00 1.472521e-02 4.351203e-02 6.446945e-02 -3.205508e-02 -3.167870e-02 3.186633e-02 1.000508e+00
1.695802e+02 4.631684e+00 1.458555e-02 4.318205e-02 6.439365e-02 -3.180631e-02 -3.143557e-02 3.162040e-02 1.000500e+00
1.708271e+02 4.599015e+00 1.444854e-02 4.285626e-02 6.431867e-02 -3.156058e-02 -3.119535e-02 3.137744e-02 1.000493e+00
1.720739e+02 4.566886e+00 1.431411e-02 4.253458e-02 6.424450e-02 -3.131783e-02 -3.095801e-02 3.113740e-02 1.000485e+00
1.733208e+02 4.535285e+00 1.418220e-02 4.221693e-02 6.417111e-02 -3.107800e-02 -3.072348e-02 3.090023e-02 1.000478e+00
1.745677e+02 4.504198e+00 1.405273e-02 4.190323e-02 6.409849e-02 -3.084105e-02 -3.049171e-02 3.066589e-02 1.000471e+00
1.758145e+02 4.473614e+00 1.392565e-02 4.159341e-02 6.402664e-02 -3.060693e-02 -3.026267e-02 3.043431e-02 1.000463e+00
1.770614e+02 4.443520e+00 1.380089e-02 4.128740e-02 6.395554e-02 -3.037558e-02 -3.003630e-02 3.020547e-02 1.000456e+00
1.783083e+02 4.413907e+00 1.367839e-02 4.098513e-02 6.388518e-02 -3.014696e-02 -2.981256e-02 2.997929e-02 1.000450e+00
1.795551e+02 4.384762e+00 1.355810e-02 4.068654e-02 6.381554e-02 -2.992102e-02 -2.959141e-02 2.975576e-02 1.000443e+00
1.808020e+02 4.356076e+00 1.343996e-02 4.039156e-02 6.374662e-02 -2.969771e-02 -2.937279e-02 2.953481e-02 1.000436e+00
1.820489e+02 4.327837e+00 1.332392e-02 4.010012e-02 6.367840e-02 -2.947700e-02 -2.915668e-02 2.931640e-02 1.000430e+00
1.832957e+02 4.300035e+00 1.320992e-02 3.981217e-02 6.361087e-02 -2.925883e-02 -2.894302e-02 2.910050e-02 1.000424e+00
1.845426e+02 4.272661e+00 1.309791e-02 3.952763e-02 6.354402e-02 -2.904316e-02 -2.873178e-02 2.888705e-02 1.000417e+00
1.857895e+02 4.245706e+00 1.298785e-02 3.924645e-02 6.347784e-02 -2.882996e-02 -2.852292e-02 2.867603e-02 1.000411e+00
1.870363e+02 4.219160e+00 1.287969e-02 3.896858e-02 6.341232e-02 -2.861918e-02 -2.831639e-02 2.846739e-02 1.000405e+00
1.882832e+02 4.193014e+00 1.277338e-02 3.869395e-02 6.334744e-02 -2.841079e-02 -2.811217e-02 2.826108e-02 1.000400e+00
1.895301e+02 4.167259e+00 1.266888e-02 3.842251e-02 6.328321e-02 -2.820473e-02 -2.791021e-02 2.805708e-02 1.000394e+00
1.907769e+02 4.141888e+00 1.256614e-02 3.815421e-02 6.321960e-02 -2.800098e-02 -2.771048e-02 2.785535e-02 1.000388e+00
1.920238e+02 4.116891e+00 1.246512e-02 3.788899e-02 6.315662e-02 -2.779950e-02 -2.751294e-02 2.765585e-02 1.000383e+00
1.932707e+02 4.092261e+00 1.236579e-02 3.762680e-02 6.309424e-02 -2.760025e-02 -2.731756e-02 2.745854e-02 1.000377e+00
1.945175e+02 4.067990e+00 1.226810e-02 3.736759e-02 6.303246e-02 -2.740319e-02 -2.712430e-02 2.726339e-02 1.000372e+00
1.957644e+02 4.044071e+00 1.217201e-02 3.711131e-02 6.297128e-02 -2.720830e-02 -2.693314e-02 2.707037e-02 1.000367e+00
1.970113e+02 4.020496e+00 1.207750e-02 3.685791e-02 6.291068e-02 -2.701553e-02 -2.674403e-02 2.687943e-02 1.000361e+00
1.982581e+02 3.997258e+00 1.198451e-02 3.660735e-02 6.285065e-02 -2.682485e-02 -2.655695e-02 2.669056e-02 1.000356e+00
1.995050e+02 3.974350e+00 1.189302e-02 3.635957e-02 6.279118e-02 -2.663623e-02 -2.637186e-02 2.650372e-02 1.000351e+00
2.007519e+02 3.951766e+00 1.180300e-02 3.611454e-02 6.273228e-02 -2.644965e-02 -2.618874e-02 2.631887e-02 1.000347e+00
2.019987e+02 3.929498e+00 1.171441e-02 3.587220e-02 6.267392e-02 -2.626506e-02 -2.600755e-02 2.613599e-02 1.000342e+00
2.032456e+02 3.907541e+00 1.162721e-02 3.563253e-02 6.261610e-02 -2.608243e-02 -2.582827e-02 2.595504e-02 1.000337e+00
2.044925e+02 3.885888e+00 1.154138e-02 3.539546e-02 6.255882e-02 -2.590174e-02 -2.565087e-02 2.577600e-02 1.000332e+00
2.057393e+02 3.864533e+00 1.145689e-02 3.516097e-02 6.250206e-02 -2.572296e-02 -2.547531e-02 2.559884e-02 1.000328e+00
2.069862e+02 3.843470e+00 1.137371e-02 3.492900e-02 6.244582e-02 -2.554606e-02 -2.530158e-02 2.542352e-02 1.000323e+00
2.082331e+02 3.822693e+00 1.129181e-02 3.469953e-02 6.239010e-02 -2.537100e-02 -2.512964e-02 2.525003e-02 1.000319e+00
2.094799e+02 3.802198e+00 1.121115e-02 3.447251e-02 6.233487e-02 -2.519777e-02 -2.495947e-02 2.507834e-02 1.000315e+00
2.107268e+02 3.781977e+00 1.113173e-02 3.424791e-02 6.228014e-02 -2.502633e-02 -2.479104e-02 2.490841e-02 1.000310e+00
2.119737e+02 3.762027e+00 1.105350e-02 3.402568e-02 6.222590e-02 -2.485666e-02 -2.462433e-02 2.474022e-02 1.000306e+00
2.132206e+02 3.742341e+00 1.097645e-02 3.380579e-02 6.217215e-02 -2.468873e-02 -2.445931e-02 2.457375e-02 1.000302e+00
2.144674e+02 3.722915e+00 1.090054e-02 3.358821e-02 6.211886e-02 -2.452252e-02 -2.429595e-02 2.440897e-02 1.000298e+00
2.157143e+02 3.703743e+00 1.082577e-02 3.337289e-02 6.206605e-02 -2.435800e-02 -2.413424e-02 2.424586e-02 1.000294e+00
2.169612e+02 3.684822e+00 1.075209e-02 3.315981e-02 6.201371e-02 -2.419515e-02 -2.397415e-02 2.408440e-02 1.000290e+00
2.182080e+02 3.666146e+00 1.067949e-02 3.294894e-02 6.196181e-02 -2.403394e-02 -2.381566e-02 2.392455e-02 1.000286e+00
2.194549e+02 3.647710e+00 1.060794e-02 3.274023e-02 6.191037e-02 -2.387435e-02 -2.365874e-02 2.376630e-02 1.000283e+00
2.207018e+02 3.629511e+00 1.053743e-02 3.253366e-02 6.185938e-02 -2.371635e-02 -2.350337e-02 2.360962e-02 1.000279e+00
2.219486e+02 3.611543e+00 1.046794e-02 3.232919e-02 6.180882e-02 -2.355993e-02 -2.334953e-02 2.345450e-02 1.000275e+00
2.231955e+02 3.593803e+00 1.039944e-02 3.212680e-02 6.175870e-02 -2.340506e-02 -2.319720e-02 2.330090e-02 1.000272e+00
2.244424e+02 3.576286e+00 1.033191e-02 3.192645e-02 6.170900e-02 -2.325172e-02 -2.304636e-02 2.314881e-02 1.000268e+00
2.256892e+02 3.558989e+00 1.026533e-02 3.172811e-02 6.165972e-02 -2.309989e-02 -2.289698e-02 2.299821e-02 1.000265e+00
2.269361e+02 3.541907e+00 1.019969e-02 3.153176e-02 6.161086e-02 -2.294954e-02 -2.274906e-02 2.284908e-02 1.000261e+00
2.281830e+02 3.525037e+00 1.013496e-02 3.133737e-02 6.156241e-02 -2.280066e-02 -2.260256e-02 2.270139e-02 1.000258e+00
2.294298e+02 3.508374e+00 1.007114e-02 3.114490e-02 6.151437e-02 -2.265323e-02 -2.245746e-02 2.255513e-02 1.000254e+00
2.306767e+02 3.491915e+00 1.000819e-02 3.095433e-02 6.146672e-02 -2.250722e-02 -2.231376e-02 2.241028e-02 1.000251e+00
2.319236e+02 3.475656e+00 9.946109e-03 3.076564e-02 6.141947e-02 -2.236262e-02 -2.217143e-02 2.226682e-02 1.000248e+00
2.331704e+02 3.459595e+00 9.884873e-03 3.057879e-02 6.137261e-02 -2.221941e-02 -2.203044e-02 2.212472e-02 1.000245e+00
2.344173e+02 3.443727e+00 9.824467e-03 3.039377e-02 6.132614e-02 -2.207756e-02 -2.189079e-02 2.198398e-02 1.000242e+00
2.356642e+02 3.428049e+00 9.764876e-03 3.021054e-02 6.128004e-02 -2.193707e-02 -2.175246e-02 2.184457e-02 1.000239e+00
2.369110e+02 3.412557e+00 9.706084e-03 3.002908e-02 6.123432e-02 -2.179790e-02 -2.161542e-02 2.170647e-02 1.000236e+00
2.381579e+02 3.397250e+00 9.648076e-03 2.984936e-02 6.118897e-02 -2.166005e-02 -2.147967e-02 2.156967e-02 1.000233e+00
2.394048e+02 3.382123e+00 9.590838e-03 2.967137e-02 6.114398e-02 -2.152350e-02 -2.134518e-02 2.143415e-02 1.000230e+00
2.406516e+02 3.367173e+00 9.534354e-03 2.949508e-02 6.109936e-02 -2.138823e-02 -2.121194e-02 2.129990e-02 1.000227e+00
2.418985e+02 3.352397e+00 9.478611e-03 2.932046e-02 6.105510e-02 -2.125421e-02 -2.107993e-02 2.116689e-02 1.000224e+00
2.431454e+02 3.337793e+00 9.423595e-03 2.914749e-02 6.101118e-02 -2.112145e-02 -2.094913e-02 2.103511e-02 1.000221e+00
2.443922e+02 3.323357e+00 9.369293e-03 2.897615e-02 6.096762e-02 -2.098991e-02 -2.081953e-02 2.090455e-02 1.000219e+00
2.456391e+02 3.309088e+00 9.315691e-03 2.880642e-02 6.092439e-02 -2.085959e-02 -2.069112e-02 2.077519e-02 1.000216e+00
2.468860e+02 3.294981e+00 9.262778e-03 2.863828e-02 6.088151e-02 -2.073047e-02 -2.056388e-02 2.064700e-02 1.000213e+00
2.481328e+02 3.281034e+00 9.210540e-03 2.847170e-02 6.083896e-02 -2.060252e-02 -2.043779e-02 2.051999e-02 1.000211e+00
2.493797e+02 3.267245e+00 9.158965e-03 2.830666e-02 6.079675e-02 -2.047575e-02 -2.031284e-02 2.039413e-02 1.000208e+00
2.506266e+02 3.253611e+00 9.108041e-03 2.814315e-02 6.075486e-02 -2.035012e-02 -2.018902e-02 2.026941e-02 1.000205e+00
2.518734e+02 3.240130e+00 9.057757e-03 2.798114e-02 6.071330e-02 -2.022564e-02 -2.006630e-02 2.014581e-02 1.000203e+00
2.531203e+02 3.226799e+00 9.008102e-03 2.782061e-02 6.067205e-02 -2.010228e-02 -1.994469e-02 2.002333e-02 1.000201e+00
2.543672e+02 3.213615e+00 8.959063e-03 2.766155e-02 6.063113e-02 -1.998002e-02 -1.982415e-02 1.990194e-02 1.000198e+00
2.556140e+02 3.200577e+00 8.910631e-03 2.750394e-02 6.059051e-02 -1.985886e-02 -1.970469e-02 1.978163e-02 1.000196e+00
2.568609e+02 3.187682e+00 8.862796e-03 2.734775e-02 6.055020e-02 -1.973879e-02 -1.958628e-02 1.966239e-02 1.000193e+00
2.581078e+02 3.174927e+00 8.815545e-03 2.719297e-02 6.051020e-02 -1.961978e-02 -1.946892e-02 1.954420e-02 1.000191e+00
2.593546e+02 3.162312e+00 8.768870e-03 2.703957e-02 6.047050e-02 -1.950182e-02 -1.935258e-02 1.942706e-02 1.000189e+00
2.606015e+02 3.149832e+00 8.722760e-03 2.688756e-02 6.043110e-02 -1.938491e-02 -1.923727e-02 1.931095e-02 1.000187e+00
2.618484e+02 3.137487e+00 8.677206e-03 2.673689e-02 6.039199e-02 -1.926902e-02 -1.912296e-02 1.919585e-02 1.000184e+00
2.630952e+02 3.125273e+00 8.632199e-03 2.658756e-02 6.035318e-02 -1.915415e-02 -1.900964e-02 1.908176e-02 1.000182e+00
2.643421e+02 3.113190e+00 8.587728e-03 2.643956e-02 6.031465e-02 -1.904028e-02 -1.889731e-02 1.896866e-02 1.000180e+00
2.655890e+02 3.101235e+00 8.543785e-03 2.629286e-02 6.027641e-02 -1.892741e-02 -1.878594e-02 1.885654e-02 1.000178e+00
2.668358e+02 3.089406e+00 8.500362e-03 2.614744e-02 6.023844e-02 -1.881551e-02 -1.867554e-02 1.874539e-02 1.000176e+00
2.680827e+02 3.077701e+00 8.457449e-03 2.600330e-02 6.020076e-02 -1.870458e-02 -1.856607e-02 1.863520e-02 1.000174e+00
2.693296e+02 3.066119e+00 8.415037e-03 2.586041e-02 6.016335e-02 -1.859461e-02 -1.845755e-02 1.852595e-02 1.000172e+00
2.705764e+02 3.054657e+00 8.373120e-03 2.571877e-02 6.012622e-02 -1.848558e-02 -1.834995e-02 1.841764e-02 1.000170e+00
2.718233e+02 3.043313e+00 8.331687e-03 2.557835e-02 6.008935e-02 -1.837749e-02 -1.824326e-02 1.831025e-02 1.000168e+00
2.730702e+02 3.032087e+00 8.290733e-03 2.543914e-02 6.005275e-02 -1.827031e-02 -1.813747e-02 1.820377e-02 1.000166e+00
2.743170e+02 3.020975e+00 8.250248e-03 2.530112e-02 6.001641e-02 -1.816405e-02 -1.803258e-02 1.809819e-02 1.000164e+00
2.755639e+02 3.009977e+00 8.210225e-03 2.516429e-02 5.998034e-02 -1.805869e-02 -1.792856e-02 1.799351e-02 1.000162e+00
2.768108e+02 2.999091e+00 8.170656e-03 2.502862e-02 5.994452e-02 -1.795421e-02 -1.782542e-02 1.788970e-02 1.000160e+00
2.780576e+02 2.988315e+00 8.131536e-03 2.489410e-02 5.990895e-02 -1.785062e-02 -1.772314e-02 1.778677e-02 1.000158e+00
2.793045e+02 2.977647e+00 8.092855e-03 2.476073e-02 5.987364e-02 -1.774789e-02 -1.762171e-02 1.768469e-02 1.000156e+00
2.805514e+02 2.967086e+00 8.054607e-03 2.462847e-02 5.983857e-02 -1.764603e-02 -1.752112e-02 1.758346e-02 1.000155e+00
2.817982e+02 2.956631e+00 8.016786e-03 2.449733e-02 5.980376e-02 -1.754501e-02 -1.742137e-02 1.748308e-02 1.000153e+00
2.830451e+02 2.946279e+00 7.979384e-03 2.436729e-02 5.976918e-02 -1.744483e-02 -1.732243e-02 1.738352e-02 1.000151e+00
2.842920e+02 2.936030e+00 7.942395e-03 2.423834e-02 5.973485e-02 -1.734548e-02 -1.722431e-02 1.728479e-02 1.000149e+00
2.855388e+02 2.925882e+00 7.905812e-03 2.411045e-02 5.970076e-02 -1.724695e-02 -1.712699e-02 1.718687e-02 1.000148e+00
2.867857e+02 2.915833e+00 7.869630e-03 2.398363e-02 5.966690e-02 -1.714923e-02 -1.703047e-02 1.708975e-02 1.000146e+00
2.880326e+02 2.905882e+00 7.833841e-03 2.385785e-02 5.963328e-02 -1.705232e-02 -1.693473e-02 1.699342e-02 1.000144e+00
2.892794e+02 2.896028e+00 7.798441e-03 2.373311e-02 5.959989e-02 -1.695619e-02 -1.683977e-02 1.689788e-02 1.000143e+00
2.905263e+02 2.886269e+00 7.763422e-03 2.360939e-02 5.956672e-02 -1.686085e-02 -1.674557e-02 1.680311e-02 1.000141e+00
2.917732e+02 2.876604e+00 7.728779e-03 2.348668e-02 5.953379e-02 -1.676628e-02 -1.665214e-02 1.670911e-02 1.000140e+00
2.930201e+02 2.867032e+00 7.694507e-03 2.336498e-02 5.950108e-02 -1.667248e-02 -1.655945e-02 1.661587e-02 1.000138e+00
2.942669e+02 2.857551e+00 7.660599e-03 2.324426e-02 5.946858e-02 -1.657943e-02 -1.646751e-02 1.652338e-02 1.000137e+00
2.955138e+02 2.848160e+00 7.627051e-03 2.312452e-02 5.943631e-02 -1.648714e-02 -1.637631e-02 1.643163e-02 1.000135e+00
2.967607e+02 2.838858e+00 7.593856e-03 2.300574e-02 5.940426e-02 -1.639558e-02 -1.628583e-02 1.634061e-02 1.000134e+00
2.980075e+02 2.829644e+00 7.561010e-03 2.288792e-02 5.937242e-02 -1.630476e-02 -1.619606e-02 1.625032e-02 1.000132e+00
2.992544e+02 2.820516e+00 7.528507e-03 2.277104e-02 5.934080e-02 -1.621466e-02 -1.610701e-02 1.616075e-02 1.000131e+00
3.005013e+02 2.811473e+00 7.496342e-03 2.265510e-02 5.930938e-02 -1.612528e-02 -1.601867e-02 1.607188e-02 1.000129e+00
3.017481e+02 2.802515e+00 7.464511e-03 2.254008e-02 5.927817e-02 -1.603660e-02 -1.593101e-02 1.598372e-02 1.000128e+00
3.029950e+02 2.793639e+00 7.433007e-03 2.242597e-02 5.924717e-02 -1.594863e-02 -1.584405e-02 1.589625e-02 1.000126e+00
3.042419e+02 2.784846e+00 7.401828e-03 2.231277e-02 5.921638e-02 -1.586135e-02 -1.575776e-02 1.580947e-02 1.000125e+00
3.054887e+02 2.776133e+00 7.370967e-03 2.220046e-02 5.918578e-02 -1.577476e-02 -1.567215e-02 1.572337e-02 1.000124e+00
3.067356e+02 2.767500e+00 7.340420e-03 2.208903e-02 5.915539e-02 -1.568884e-02 -1.558721e-02 1.563794e-02 1.000122e+00
3.079825e+02 2.758945e+00 7.310183e-03 2.197847e-02 5.912520e-02 -1.560359e-02 -1.550292e-02 1.555317e-02 1.000121e+00
3.092293e+02 2.750469e+00 7.280251e-03 2.186878e-02 5.909520e-02 -1.551901e-02 -1.541928e-02 1.546907e-02 1.000120e+00
3.104762e+02 2.742068e+00 7.250620e-03 2.175994e-02 5.906540e-02 -1.543508e-02 -1.533629e-02 1.538561e-02 1.000118e+00
3.117231e+02 2.733744e+00 7.221285e-03 2.165194e-02 5.903578e-02 -1.535181e-02 -1.525394e-02 1.530280e-02 1.000117e+00
3.129699e+02 2.725494e+00 7.192243e-03 2.154478e-02 5.900636e-02 -1.526918e-02 -1.517222e-02 1.522062e-02 1.000116e+00
3.142168e+02 2.717317e+00 7.163488e-03 2.143845e-02 5.897713e-02 -1.518718e-02 -1.509112e-02 1.513907e-02 1.000115e+00
3.154637e+02 2.709214e+00 7.135018e-03 2.133294e-02 5.894809e-02 -1.510581e-02 -1.501064e-02 1.505815e-02 1.000113e+00
3.167105e+02 2.701182e+00 7.106828e-03 2.122823e-02 5.891923e-02 -1.502506e-02 -1.493078e-02 1.497785e-02 1.000112e+00
3.179574e+02 2.693220e+00 7.078914e-03 2.112432e-02 5.889055e-02 -1.494494e-02 -1.485152e-02 1.489815e-02 1.000111e+00
3.192043e+02 2.685329e+00 7.051272e-03 2.102121e-02 5.886206e-02 -1.486542e-02 -1.477285e-02 1.481906e-02 1.000110e+00
3.204511e+02 2.677507e+00 7.023899e-03 2.091887e-02 5.883374e-02 -1.478650e-02 -1.469479e-02 1.474057e-02 1.000109e+00
3.216980e+02 2.669753e+00 6.996790e-03 2.081732e-02 5.880561e-02 -1.470818e-02 -1.461730e-02 1.466267e-02 1.000108e+00
3.229449e+02 2.662066e+00 6.969943e-03 2.071653e-02 5.877765e-02 -1.463045e-02 -1.454040e-02 1.458536e-02 1.000106e+00
3.241917e+02 2.654446e+00 6.943354e-03 2.061649e-02 5.874986e-02 -1.455331e-02 -1.446408e-02 1.450862e-02 1.000105e+00
3.254386e+02 2.646891e+00 6.917018e-03 2.051721e-02 5.872225e-02 -1.447674e-02 -1.438832e-02 1.443246e-02 1.000104e+00
3.266855e+02 2.639402e+00 6.890933e-03 2.041867e-02 5.869481e-02 -1.440075e-02 -1.431312e-02 1.435687e-02 1.000103e+00
3.279323e+02 2.631976e+00 6.865096e-03 2.032086e-02 5.866754e-02 -1.432532e-02 -1.423849e-02 1.428184e-02 1.000102e+00
3.291792e+02 2.624613e+00 6.839502e-03 2.022379e-02 5.864044e-02 -1.425046e-02 -1.416440e-02 1.420737e-02 1.000101e+00
3.304261e+02 2.617313e+00 6.814149e-03 2.012743e-02 5.861350e-02 -1.417615e-02 -1.409086e-02 1.413344e-02 1.000100e+00
3.316729e+02 2.610074e+00 6.789033e-03 2.003178e-02 5.858673e-02 -1.410239e-02 -1.401786e-02 1.406007e-02 1.000099e+00
3.329198e+02 2.602897e+00 6.764151e-03 1.993684e-02 5.856013e-02 -1.402918e-02 -1.394540e-02 1.398723e-02 1.000098e+00
3.341667e+02 2.595779e+00 6.739501e-03 1.984260e-02 5.853368e-02 -1.395650e-02 -1.387347e-02 1.391492e-02 1.000097e+00
3.354135e+02 2.588721e+00 6.715079e-03 1.974905e-02 5.850740e-02 -1.388436e-02 -1.380206e-02 1.384315e-02 1.000096e+00
3.366604e+02 2.581722e+00 6.690882e-03 1.965618e-02 5.848128e-02 -1.381275e-02 -1.373117e-02 1.377190e-02 1.000095e+00
3.379073e+02 2.574780e+00 6.666906e-03 1.956398e-02 5.845531e-02 -1.374166e-02 -1.366080e-02 1.370117e-02 1.000094e+00
3.391541e+02 2.567896e+00 6.643150e-03 1.947246e-02 5.842950e-02 -1.367108e-02 -1.359094e-02 1.363095e-02 1.000093e+00
3.404010e+02 2.561069e+00 6.619611e-03 1.938160e-02 5.840384e-02 -1.360102e-02 -1.352158e-02 1.356124e-02 1.000092e+00
3.416479e+02 2.554298e+00 6.596285e-03 1.929139e-02 5.837834e-02 -1.353147e-02 -1.345272e-02 1.349204e-02 1.000091e+00
3.428947e+02 2.547581e+00 6.573170e-03 1.920184e-02 5.835299e-02 -1.346242e-02 -1.338435e-02 1.342333e-02 1.000090e+00
3.441416e+02 2.540920e+00 6.550262e-03 1.911293e-02 5.832780e-02 -1.339387e-02 -1.331648e-02 1.335511e-02 1.000089e+00
3.453885e+02 2.534312e+00 6.527561e-03 1.902465e-02 5.830275e-02 -1.332581e-02 -1.324909e-02 1.328739e-02 1.000088e+00
3.466353e+02 2.527758e+00 6.505062e-03 1.893701e-02 5.827784e-02 -1.325823e-02 -1.318217e-02 1.322015e-02 1.000087e+00
3.478822e+02 2.521256e+00 6.482763e-03 1.884999e-02 5.825309e-02 -1.319114e-02 -1.311574e-02 1.315339e-02 1.000087e+00
3.491291e+02 2.514807e+00 6.460662e-03 1.876359e-02 5.822848e-02 -1.312453e-02 -1.304978e-02 1.308710e-02 1.000086e+00
3.503759e+02 2.508409e+00 6.438756e-03 1.867779e-02 5.820402e-02 -1.305839e-02 -1.298428e-02 1.302128e-02 1.000085e+00
3.516228e+02 2.502062e+00 6.417042e-03 1.859261e-02 5.817970e-02 -1.299273e-02 -1.291924e-02 1.295593e-02 1.000084e+00
3.528697e+02 2.495766e+00 6.395519e-03 1.850802e-02 5.815552e-02 -1.292752e-02 -1.285467e-02 1.289104e-02 1.000083e+00
3.541165e+02 2.489519e+00 6.374184e-03 1.842403e-02 5.813148e-02 -1.286278e-02 -1.279054e-02 1.282661e-02 1.000082e+00
3.553634e+02 2.483321e+00 6.353035e-03 1.834063e-02 5.810757e-02 -1.279849e-02 -1.272687e-02 1.276263e-02 1.000081e+00
3.566103e+02 2.477172e+00 6.332068e-03 1.825781e-02 5.808381e-02 -1.273466e-02 -1.266364e-02 1.269910e-02 1.000081e+00
3.578571e+02 2.471071e+00 6.311283e-03 1.817557e-02 5.806019e-02 -1.267127e-02 -1.260085e-02 1.263601e-02 1.000080e+00
3.591040e+02 2.465017e+00 6.290676e-03 1.809390e-02 5.803670e-02 -1.260833e-02 -1.253849e-02 1.257336e-02 1.000079e+00
3.603509e+02 2.459011e+00 6.270246e-03 1.801279e-02 5.801334e-02 -1.254582e-02 -1.247657e-02 1.251115e-02 1.000078e+00
3.615977e+02 2.453050e+00 6.249991e-03 1.793224e-02 5.799012e-02 -1.248375e-02 -1.241508e-02 1.244937e-02 1.000078e+00
3.628446e+02 2.447136e+00 6.229908e-03 1.785225e-02 5.796703e-02 -1.242211e-02 -1.235401e-02 1.238801e-02 1.000077e+00
3.640915e+02 2.441267e+00 6.209995e-03 1.777281e-02 5.794407e-02 -1.236089e-02 -1.229336e-02 1.232708e-02 1.000076e+00
3.653383e+02 2.435443e+00 6.190250e-03 1.769392e-02 5.792124e-02 -1.230010e-02 -1.223313e-02 1.226657e-02 1.000075e+00
3.665852e+02 2.429664e+00 6.170671e-03 1.761556e-02 5.789854e-02 -1.223973e-02 -1.217331e-02 1.220647e-02 1.000075e+00
3.678321e+02 2.423928e+00 6.151256e-03 1.753774e-02 5.787597e-02 -1.217977e-02 -1.211390e-02 1.214679e-02 1.000074e+00
3.690789e+02 2.418236e+00 6.132004e-03 1.746044e-02 5.785352e-02 -1.212022e-02 -1.205490e-02 1.208751e-02 1.000073e+00
3.703258e+02 2.412587e+00 6.112911e-03 1.738367e-02 5.783120e-02 -1.206108e-02 -1.199629e-02 1.202864e-02 1.000072e+00
3.715727e+02 2.406980e+00 6.093977e-03 1.730742e-02 5.780900e-02 -1.200234e-02 -1.193808e-02 1.197017e-02 1.000072e+00
3.728195e+02 2.401416e+00 6.075200e-03 1.723169e-02 5.778693e-02 -1.194400e-02 -1.188027e-02 1.191210e-02 1.000071e+00
3.740664e+02 2.395893e+00 6.056577e-03 1.715646e-02 5.776498e-02 -1.188606e-02 -1.182285e-02 1.185441e-02 1.000070e+00
3.753133e+02 2.390411e+00 6.038106e-03 1.708174e-02 5.774315e-02 -1.182851e-02 -1.176581e-02 1.179712e-02 1.000070e+00
3.765602e+02 2.384969e+00 6.019787e-03 1.700752e-02 5.772144e-02 -1.177135e-02 -1.170916e-02 1.174022e-02 1.000069e+00
3.778070e+02 2.379568e+00 6.001617e-03 1.693380e-02 5.769985e-02 -1.171458e-02 -1.165289e-02 1.168369e-02 1.000068e+00
3.790539e+02 2.374207e+00 5.983595e-03 1.686056e-02 5.767838e-02 -1.165818e-02 -1.159699e-02 1.162755e-02 1.000068e+00
3.803008e+02 2.368885e+00 5.965718e-03 1.678782e-02 5.765703e-02 -1.160217e-02 -1.154147e-02 1.157178e-02 1.000067e+00
3.815476e+02 2.363602e+00 5.947985e-03 1.671555e-02 5.763579e-02 -1.154653e-02 -1.148632e-02 1.151638e-02 1.000066e+00
3.827945e+02 2.358358e+00 5.930395e-03 1.664376e-02 5.761467e-02 -1.149126e-02 -1.143153e-02 1.146135e-02 1.000066e+00
3.840414e+02 2.353151e+00 5.912946e-03 1.657245e-02 5.759366e-02 -1.143636e-02 -1.137711e-02 1.140669e-02 1.000065e+00
3.852882e+02 2.347983e+00 5.895635e-03 1.650160e-02 5.757277e-02 -1.138182e-02 -1.132304e-02 1.135239e-02 1.000064e+00
3.865351e+02 2.342852e+00 5.878463e-03 1.643122e-02 5.755199e-02 -1.132764e-02 -1.126934e-02 1.129845e-02 1.000064e+00
3.877820e+02 2.337757e+00 5.861426e-03 1.636130e-02 5.753132e-02 -1.127383e-02 -1.121598e-02 1.124487e-02 1.000063e+00
3.890288e+02 2.332699e+00 5.844524e-03 1.629184e-02 5.751077e-02 -1.122037e-02 -1.116298e-02 1.119164e-02 1.000063e+00
3.902757e+02 2.327678e+00 5.827755e-03 1.622283e-02 5.749032e-02 -1.116726e-02 -1.111032e-02 1.113875e-02 1.000062e+00
3.915226e+02 2.322692e+00 5.811117e-03 1.615427e-02 5.746998e-02 -1.111450e-02 -1.105801e-02 1.108622e-02 1.000061e+00
3.927694e+02 2.317742e+00 5.794610e-03 1.608615e-02 5.744975e-02 -1.106208e-02 -1.100604e-02 1.103403e-02 1.000061e+00
3.940163e+02 2.312827e+00 5.778230e-03 1.601847e-02 5.742963e-02 -1.101001e-02 -1.095441e-02 1.098217e-02 1.000060e+00
3.952632e+02 2.307946e+00 5.761978e-03 1.595123e-02 5.740961e-02 -1.095828e-02 -1.090311e-02 1.093066e-02 1.000060e+00
3.965100e+02 2.303100e+00 5.745852e-03 1.588442e-02 5.738970e-02 -1.090688e-02 -1.085215e-02 1.087948e-02 1.000059e+00
3.977569e+02 2.298288e+00 5.729850e-03 1.581804e-02 5.736990e-02 -1.085582e-02 -1.080151e-02 1.082863e-02 1.000059e+00
3.990038e+02 2.293509e+00 5.713971e-03 1.575209e-02 5.735019e-02 -1.080509e-02 -1.075120e-02 1.077811e-02 1.000058e+00
4.002506e+02 2.288764e+00 5.698214e-03 1.568655e-02 5.733060e-02 -1.075469e-02 -1.070122e-02 1.072792e-02 1.000058e+00
4.014975e+02 2.284052e+00 5.682576e-03 1.562144e-02 5.731110e-02 -1.070461e-02 -1.065156e-02 1.067805e-02 1.000057e+00
4.027444e+02 2.279372e+00 5.667058e-03 1.555673e-02 5.729171e-02 -1.065486e-02 -1.060221e-02 1.062850e-02 1.000056e+00
4.039912e+02 2.274725e+00 5.651658e-03 1.549244e-02 5.727241e-02 -1.060542e-02 -1.055318e-02 1.057927e-02 1.000056e+00
4.052381e+02 2.270109e+00 5.636373e-03 1.542855e-02 5.725322e-02 -1.055631e-02 -1.050446e-02 1.053035e-02 1.000055e+00
4.064850e+02 2.265526e+00 5.621204e-03 1.536507e-02 5.723413e-02 -1.050750e-02 -1.045606e-02 1.048175e-02 1.000055e+00
4.077318e+02 2.260973e+00 5.606149e-03 1.530199e-02 5.721513e-02 -1.045901e-02 -1.040796e-02 1.043345e-02 1.000054e+00
4.089787e+02 2.256452e+00 5.591206e-03 1.523930e-02 5.719623e-02 -1.041083e-02 -1.036016e-02 1.038546e-02 1.000054e+00
4.102256e+02 2.251961e+00 5.576375e-03 1.517701e-02 5.717743e-02 -1.036295e-02 -1.031267e-02 1.033778e-02 1.000053e+00
4.114724e+02 2.247501e+00 5.561654e-03 1.511510e-02 5.715873e-02 -1.031538e-02 -1.026548e-02 1.029040e-02 1.000053e+00
4.127193e+02 2.243071e+00 5.547043e-03 1.505358e-02 5.714012e-02 -1.026810e-02 -1.021858e-02 1.024331e-02 1.000052e+00
4.139662e+02 2.238671e+00 5.532539e-03 1.499245e-02 5.712161e-02 -1.022113e-02 -1.017198e-02 1.019653e-02 1.000052e+00
4.152130e+02 2.234300e+00 5.518142e-03 1.493169e-02 5.710319e-02 -1.017445e-02 -1.012568e-02 1.015003e-02 1.000052e+00
4.164599e+02 2.229959e+00 5.503850e-03 1.487131e-02 5.708486e-02 -1.012807e-02 -1.007966e-02 1.010383e-02 1.000051e+00
4.177068e+02 2.225647e+00 5.489663e-03 1.481130e-02 5.706663e-02 -1.008197e-02 -1.003393e-02 1.005792e-02 1.000051e+00
4.189536e+02 2.221363e+00 5.475580e-03 1.475167e-02 5.704848e-02 -1.003617e-02 -9.988483e-03 1.001230e-02 1.000050e+00
4.202005e+02 2.217108e+00 5.461599e-03 1.469240e-02 5.703043e-02 -9.990647e-03 -9.943321e-03 9.966956e-03 1.000050e+00
4.214474e+02 2.212880e+00 5.447719e-03 1.463349e-02 5.701247e-02 -9.945412e-03 -9.898438e-03 9.921897e-03 1.000049e+00
4.226942e+02 2.208681e+00 5.433939e-03 1.457494e-02 5.699460e-02 -9.900458e-03 -9.853834e-03 9.877118e-03 1.000049e+00
4.239411e+02 2.204509e+00 5.420259e-03 1.451675e-02 5.697682e-02 -9.855783e-03 -9.809505e-03 9.832617e-03 1.000048e+00
4.251880e+02 2.200365e+00 5.406677e-03 1.445892e-02 5.695913e-02 -9.811384e-03 -9.765450e-03 9.788390e-03 1.000048e+00
4.264348e+02 2.196248e+00 5.393192e-03 1.440144e-02 5.694153e-02 -9.767261e-03 -9.721666e-03 9.744436e-03 1.000047e+00
4.276817e+02 2.192157e+00 5.379803e-03 1.434430e-02 5.692401e-02 -9.723409e-03 -9.678150e-03 9.700753e-03 1.000047e+00
4.289286e+02 2.188093e+00 5.366509e-03 1.428752e-02 5.690658e-02 -9.679827e-03 -9.634902e-03 9.657339e-03 1.000047e+00
4.301754e+02 2.184056e+00 5.353310e-03 1.423107e-02 5.688923e-02 -9.636514e-03 -9.591918e-03 9.614190e-03 1.000046e+00
4.314223e+02 2.180044e+00 5.340204e-03 1.417497e-02 5.687197e-02 -9.593465e-03 -9.549197e-03 9.571305e-03 1.000046e+00
4.326692e+02 2.176058e+00 5.327190e-03 1.411920e-02 5.685480e-02 -9.550680e-03 -9.506736e-03 9.528683e-03 1.000045e+00
4.339160e+02 2.172098e+00 5.314267e-03 1.406377e-02 5.683771e-02 -9.508157e-03 -9.464533e-03 9.486320e-03 1.000045e+00
4.351629e+02 2.168164e+00 5.301435e-03 1.400867e-02 5.682070e-02 -9.465892e-03 -9.422586e-03 9.444214e-03 1.000045e+00
4.364098e+02 2.164254e+00 5.288693e-03 1.395389e-02 5.680378e-02 -9.423884e-03 -9.380893e-03 9.402364e-03 1.000044e+00
4.376566e+02 2.160369e+00 5.276039e-03 1.389945e-02 5.678694e-02 -9.382132e-03 -9.339452e-03 9.360768e-03 1.000044e+00
4.389035e+02 2.156509e+00 5.263473e-03 1.384533e-02 5.677018e-02 -9.340632e-03 -9.298261e-03 9.319423e-03 1.000043e+00
4.401504e+02 2.152673e+00 5.250994e-03 1.379153e-02 5.675350e-02 -9.299383e-03 -9.257319e-03 9.278327e-03 1.000043e+00
4.413972e+02 2.148861e+00 5.238601e-03 1.373804e-02 5.673690e-02 -9.258383e-03 -9.216622e-03 9.237479e-03 1.000043e+00
4.426441e+02 2.145074e+00 5.226293e-03 1.368488e-02 5.672038e-02 -9.217629e-03 -9.176169e-03 9.196876e-03 1.000042e+00
4.438910e+02 2.141310e+00 5.214070e-03 1.363202e-02 5.670394e-02 -9.177121e-03 -9.135958e-03 9.156516e-03 1.000042e+00
4.451378e+02 2.137570e+00 5.201930e-03 1.357948e-02 5.668758e-02 -9.136855e-03 -9.095987e-03 9.116398e-03 1.000042e+00
4.463847e+02 2.133853e+00 5.189872e-03 1.352725e-02 5.667130e-02 -9.096831e-03 -9.056255e-03 9.076520e-03 1.000041e+00
4.476316e+02 2.130159e+00 5.177897e-03 1.347532e-02 5.665509e-02 -9.057045e-03 -9.016759e-03 9.036879e-03 1.000041e+00
4.488784e+02 2.126488e+00 5.166003e-03 1.342370e-02 5.663896e-02 -9.017497e-03 -8.977497e-03 8.997475e-03 1.000040e+00
4.501253e+02 2.122840e+00 5.154189e-03 1.337237e-02 5.662291e-02 -8.978183e-03 -8.938468e-03 8.958304e-03 1.000040e+00
4.513722e+02 2.119214e+00 5.142454e-03 1.332135e-02 5.660694e-02 -8.939104e-03 -8.899670e-03 8.919365e-03 1.000040e+00
4.526190e+02 2.115610e+00 5.130798e-03 1.327062e-02 5.659104e-02 -8.900255e-03 -8.861101e-03 8.880657e-03 1.000039e+00
4.538659e+02 2.112029e+00 5.119221e-03 1.322019e-02 5.657521e-02 -8.861637e-03 -8.822759e-03 8.842177e-03 1.000039e+00
4.551128e+02 2.108469e+00 5.107720e-03 1.317004e-02 5.655946e-02 -8.823247e-03 -8.784642e-03 8.803923e-03 1.000039e+00
4.563596e+02 2.104931e+00 5.096296e-03 1.312019e-02 5.654379e-02 -8.785082e-03 -8.746749e-03 8.765895e-03 1.000038e+00
4.576065e+02 2.101415e+00 5.084948e-03 1.307062e-02 5.652818e-02 -8.747142e-03 -8.709079e-03 8.728090e-03 1.000038e+00
4.588534e+02 2.097920e+00 5.073675e-03 1.302134e-02 5.651265e-02 -8.709425e-03 -8.671628e-03 8.690506e-03 1.000038e+00
4.601003e+02 2.094446e+00 5.062476e-03 1.297234e-02 5.649720e-02 -8.671928e-03 -8.634396e-03 8.653142e-03 1.000037e+00
4.613471e+02 2.090993e+00 5.051351e-03 1.292362e-02 5.648181e-02 -8.634651e-03 -8.597380e-03 8.615996e-03 1.000037e+00
4.625940e+02 2.087561e+00 5.040299e-03 1.287518e-02 5.646650e-02 -8.597591e-03 -8.560580e-03 8.579066e-03 1.000037e+00
4.638409e+02 2.084149e+00 5.029319e-03 1.282702e-02 5.645125e-02 -8.560748e-03 -8.523994e-03 8.542351e-03 1.000036e+00
4.650877e+02 2.080758e+00 5.018410e-03 1.277913e-02 5.643608e-02 -8.524118e-03 -8.487619e-03 8.505849e-03 1.000036e+00
4.663346e+02 2.077387e+00 5.007573e-03 1.273151e-02 5.642098e-02 -8.487700e-03 -8.451454e-03 8.469558e-03 1.000036e+00
4.675815e+02 2.074036e+00 4.996805e-03 1.268416e-02 5.640594e-02 -8.451494e-03 -8.415498e-03 8.433477e-03 1.000036e+00
4.688283e+02 2.070705e+00 4.986108e-03 1.263708e-02 5.639098e-02 -8.415497e-03 -8.379749e-03 8.397604e-03 1.000035e+00
4.700752e+02 2.067393e+00 4.975479e-03 1.259026e-02 5.637608e-02 -8.379707e-03 -8.344206e-03 8.361938e-03 1.000035e+00
4.713221e+02 2.064101e+00 4.964918e-03 1.254371e-02 5.636125e-02 -8.344124e-03 -8.308866e-03 8.326476e-03 1.000035e+00
4.725689e+02 2.060829e+00 4.954426e-03 1.249742e-02 5.634649e-02 -8.308745e-03 -8.273729e-03 8.291218e-03 1.000034e+00
4.738158e+02 2.057575e+00 4.944000e-03 1.245139e-02 5.633180e-02 -8.273569e-03 -8.238793e-03 8.256162e-03 1.000034e+00
4.750627e+02 2.054341e+00 4.933641e-03 1.240561e-02 5.631717e-02 -8.238594e-03 -8.204055e-03 8.221307e-03 1.000034e+00
4.763095e+02 2.051126e+00 4.923347e-03 1.236009e-02 5.630261e-02 -8.203819e-03 -8.169516e-03 8.186650e-03 1.000034e+00
4.775564e+02 2.047929e+00 4.913119e-03 1.231483e-02 5.628811e-02 -8.169243e-03 -8.135173e-03 8.152190e-03 1.000033e+00
4.788033e+02 2.044751e+00 4.902955e-03 1.226981e-02 5.627368e-02 -8.134864e-03 -8.101025e-03 8.117927e-03 1.000033e+00
4.800501e+02 2.041591e+00 4.892856e-03 1.222505e-02 5.625932e-02 -8.100679e-03 -8.067070e-03 8.083857e-03 1.000033e+00
4.812970e+02 2.038449e+00 4.882819e-03 1.218053e-02 5.624502e-02 -8.066689e-03 -8.033307e-03 8.049981e-03 1.000032e+00
4.825439e+02 2.035326e+00 4.872846e-03 1.213626e-02 5.623078e-02 -8.032891e-03 -7.999735e-03 8.016296e-03 1.000032e+00
4.837907e+02 2.032220e+00 4.862935e-03 1.209224e-02 5.621661e-02 -7.999285e-03 -7.966352e-03 7.982801e-03 1.000032e+00
4.850376e+02 2.029133e+00 4.853086e-03 1.204845e-02 5.620250e-02 -7.965867e-03 -7.933156e-03 7.949495e-03 1.000032e+00
4.862845e+02 2.026062e+00 4.843298e-03 1.200491e-02 5.618845e-02 -7.932639e-03 -7.900147e-03 7.916376e-03 1.000031e+00
4.875313e+02 2.023010e+00 4.833571e-03 1.196161e-02 5.617447e-02 -7.899596e-03 -7.867322e-03 7.883443e-03 1.000031e+00
4.887782e+02 2.019975e+00 4.823904e-03 1.191854e-02 5.616054e-02 -7.866740e-03 -7.834681e-03 7.850694e-03 1.000031e+00
4.900251e+02 2.016956e+00 4.814296e-03 1.187571e-02 5.614668e-02 -7.834067e-03 -7.802223e-03 7.818128e-03 1.000031e+00
4.912719e+02 2.013955e+00 4.804747e-03 1.183311e-02 5.613288e-02 -7.801577e-03 -7.769945e-03 7.785745e-03 1.000030e+00
4.925188e+02 2.010971e+00 4.795257e-03 1.179074e-02 5.611914e-02 -7.769268e-03 -7.737846e-03 7.753541e-03 1.000030e+00
4.937657e+02 2.008004e+00 4.785825e-03 1.174860e-02 5.610546e-02 -7.737139e-03 -7.705926e-03 7.721517e-03 1.000030e+00
4.950125e+02 2.005053e+00 4.776451e-03 1.170669e-02 5.609184e-02 -7.705189e-03 -7.674183e-03 7.689670e-03 1.000030e+00
4.962594e+02 2.002119e+00 4.767133e-03 1.166501e-02 5.607828e-02 -7.673416e-03 -7.642615e-03 7.658000e-03 1.000029e+00
4.975063e+02 1.999201e+00 4.757872e-03 1.162355e-02 5.606478e-02 -7.641819e-03 -7.611222e-03 7.626505e-03 1.000029e+00
4.987531e+02 1.996300e+00 4.748667e-03 1.158232e-02 5.605134e-02 -7.610397e-03 -7.580002e-03 7.595184e-03 1.000029e+00
5.000000e+02 1.993414e+00 4.739517e-03 1.154131e-02 5.603796e-02 -7.579149e-03 -7.548953e-03 7.564036e-03 1.000029e+00
