# Michel's model for spherical accretion 
# Model parameters: gamma = 1.66666666667 , a_inf = 0.1
# a_max = 0.816496580927726
# Critical values: r_c = 8.764591432592345 , v_c = 0.2388466554014666
#                  a_c = 0.26234899513180043 , rho_c = 20.786366315996407
# Accretion rate: alpha = 381.3827910248174
# Units: length = M, velocity = c, density = rho_inf
# Columns: radius, density, velocity, sound_speed
2.500000e+00 9.791260e+01 1.267008e+01 6.232216e-01 4.036751e-01 -4.777483e-02 -2.654157e-02 3.560926e-02 1.000635e+00
2.568922e+00 9.454453e+01 1.195205e+01 6.112554e-01 4.001219e-01 -4.816072e-02 -2.707885e-02 3.611283e-02 1.000653e+00
2.637845e+00 9.138187e+01 1.129315e+01 5.997947e-01 3.966793e-01 -4.850705e-02 -2.758912e-02 3.658233e-02 1.000670e+00
2.706767e+00 8.840705e+01 1.068710e+01 5.888063e-01 3.933416e-01 -4.881685e-02 -2.807359e-02 3.701978e-02 1.000686e+00
2.775689e+00 8.560444e+01 1.012843e+01 5.782600e-01 3.901034e-01 -4.909290e-02 -2.853339e-02 3.742709e-02 1.000701e+00
2.844612e+00 8.296005e+01 9.612360e+00 5.681280e-01 3.869598e-01 -4.933772e-02 -2.896964e-02 3.780603e-02 1.000715e+00
2.913534e+00 8.046134e+01 9.134689e+00 5.583850e-01 3.839062e-01 -4.955363e-02 -2.938337e-02 3.815826e-02 1.000729e+00
2.982456e+00 7.809703e+01 8.691723e+00 5.490077e-01 3.809384e-01 -4.974275e-02 -2.977559e-02 3.848532e-02 1.000741e+00
3.051378e+00 7.585696e+01 8.280199e+00 5.399748e-01 3.780523e-01 -4.990701e-02 -3.014725e-02 3.878865e-02 1.000753e+00
3.120301e+00 7.373195e+01 7.897225e+00 5.312666e-01 3.752441e-01 -5.004820e-02 -3.049927e-02 3.906960e-02 1.000764e+00
3.189223e+00 7.171366e+01 7.540235e+00 5.228648e-01 3.725104e-01 -5.016795e-02 -3.083251e-02 3.932943e-02 1.000774e+00
3.258145e+00 6.979456e+01 7.206941e+00 5.147527e-01 3.698479e-01 -5.026778e-02 -3.114781e-02 3.956932e-02 1.000784e+00
3.327068e+00 6.796777e+01 6.895303e+00 5.069146e-01 3.672535e-01 -5.034907e-02 -3.144596e-02 3.979039e-02 1.000793e+00
3.395990e+00 6.622702e+01 6.603493e+00 4.993362e-01 3.647242e-01 -5.041310e-02 -3.172771e-02 3.999365e-02 1.000801e+00
3.464912e+00 6.456660e+01 6.329871e+00 4.920041e-01 3.622575e-01 -5.046106e-02 -3.199377e-02 4.018009e-02 1.000808e+00
3.533835e+00 6.298127e+01 6.072965e+00 4.849056e-01 3.598506e-01 -5.049405e-02 -3.224484e-02 4.035062e-02 1.000815e+00
3.602757e+00 6.146625e+01 5.831445e+00 4.780293e-01 3.575012e-01 -5.051307e-02 -3.248157e-02 4.050610e-02 1.000821e+00
3.671679e+00 6.001711e+01 5.604112e+00 4.713642e-01 3.552070e-01 -5.051908e-02 -3.270457e-02 4.064732e-02 1.000827e+00
3.740602e+00 5.862980e+01 5.389880e+00 4.649002e-01 3.529659e-01 -5.051293e-02 -3.291445e-02 4.077505e-02 1.000832e+00
3.809524e+00 5.730061e+01 5.187766e+00 4.586279e-01 3.507757e-01 -5.049543e-02 -3.311176e-02 4.089001e-02 1.000837e+00
3.878446e+00 5.602607e+01 4.996877e+00 4.525384e-01 3.486346e-01 -5.046735e-02 -3.329705e-02 4.099285e-02 1.000841e+00
3.947368e+00 5.480301e+01 4.816399e+00 4.466233e-01 3.465408e-01 -5.042937e-02 -3.347082e-02 4.108422e-02 1.000845e+00
4.016291e+00 5.362849e+01 4.645590e+00 4.408748e-01 3.444924e-01 -5.038216e-02 -3.363358e-02 4.116470e-02 1.000848e+00
4.085213e+00 5.249976e+01 4.483776e+00 4.352856e-01 3.424879e-01 -5.032631e-02 -3.378578e-02 4.123486e-02 1.000851e+00
4.154135e+00 5.141431e+01 4.330337e+00 4.298489e-01 3.405257e-01 -5.026239e-02 -3.392788e-02 4.129523e-02 1.000854e+00
4.223058e+00 5.036977e+01 4.184707e+00 4.245580e-01 3.386043e-01 -5.019092e-02 -3.406029e-02 4.134631e-02 1.000856e+00
4.291980e+00 4.936397e+01 4.046366e+00 4.194070e-01 3.367223e-01 -5.011241e-02 -3.418343e-02 4.138857e-02 1.000858e+00
4.360902e+00 4.839485e+01 3.914837e+00 4.143899e-01 3.348784e-01 -5.002731e-02 -3.429768e-02 4.142246e-02 1.000859e+00
4.429825e+00 4.746053e+01 3.789681e+00 4.095015e-01 3.330712e-01 -4.993604e-02 -3.440341e-02 4.144840e-02 1.000860e+00
4.498747e+00 4.655922e+01 3.670494e+00 4.047364e-01 3.312996e-01 -4.983902e-02 -3.450098e-02 4.146679e-02 1.000861e+00
4.567669e+00 4.568928e+01 3.556904e+00 4.000899e-01 3.295623e-01 -4.973661e-02 -3.459072e-02 4.147801e-02 1.000861e+00
4.636591e+00 4.484914e+01 3.448566e+00 3.955572e-01 3.278584e-01 -4.962918e-02 -3.467296e-02 4.148241e-02 1.000862e+00
4.705514e+00 4.403735e+01 3.345161e+00 3.911342e-01 3.261867e-01 -4.951705e-02 -3.474799e-02 4.148033e-02 1.000861e+00
4.774436e+00 4.325257e+01 3.246396e+00 3.868165e-01 3.245461e-01 -4.940053e-02 -3.481613e-02 4.147210e-02 1.000861e+00
4.843358e+00 4.249350e+01 3.151997e+00 3.826004e-01 3.229359e-01 -4.927991e-02 -3.487765e-02 4.145802e-02 1.000860e+00
4.912281e+00 4.175895e+01 3.061711e+00 3.784820e-01 3.213549e-01 -4.915547e-02 -3.493282e-02 4.143838e-02 1.000860e+00
4.981203e+00 4.104779e+01 2.975304e+00 3.744578e-01 3.198023e-01 -4.902746e-02 -3.498190e-02 4.141345e-02 1.000859e+00
5.050125e+00 4.035896e+01 2.892555e+00 3.705244e-01 3.182774e-01 -4.889612e-02 -3.502513e-02 4.138349e-02 1.000857e+00
5.119048e+00 3.969147e+01 2.813262e+00 3.666786e-01 3.167792e-01 -4.876168e-02 -3.506275e-02 4.134874e-02 1.000856e+00
5.187970e+00 3.904436e+01 2.737236e+00 3.629175e-01 3.153069e-01 -4.862436e-02 -3.509499e-02 4.130945e-02 1.000854e+00
5.256892e+00 3.841676e+01 2.664299e+00 3.592380e-01 3.138599e-01 -4.848434e-02 -3.512206e-02 4.126584e-02 1.000853e+00
5.325815e+00 3.780782e+01 2.594286e+00 3.556373e-01 3.124375e-01 -4.834183e-02 -3.514416e-02 4.121812e-02 1.000851e+00
5.394737e+00 3.721676e+01 2.527043e+00 3.521129e-01 3.110388e-01 -4.819700e-02 -3.516151e-02 4.116648e-02 1.000848e+00
5.463659e+00 3.664283e+01 2.462427e+00 3.486622e-01 3.096633e-01 -4.805002e-02 -3.517429e-02 4.111113e-02 1.000846e+00
5.532581e+00 3.608531e+01 2.400301e+00 3.452828e-01 3.083103e-01 -4.790104e-02 -3.518268e-02 4.105224e-02 1.000844e+00
5.601504e+00 3.554354e+01 2.340541e+00 3.419725e-01 3.069793e-01 -4.775021e-02 -3.518685e-02 4.098999e-02 1.000841e+00
5.670426e+00 3.501689e+01 2.283026e+00 3.387288e-01 3.056696e-01 -4.759767e-02 -3.518698e-02 4.092454e-02 1.000838e+00
5.739348e+00 3.450474e+01 2.227647e+00 3.355499e-01 3.043806e-01 -4.744357e-02 -3.518321e-02 4.085605e-02 1.000836e+00
5.808271e+00 3.400654e+01 2.174298e+00 3.324336e-01 3.031118e-01 -4.728801e-02 -3.517572e-02 4.078468e-02 1.000833e+00
5.877193e+00 3.352173e+01 2.122882e+00 3.293781e-01 3.018627e-01 -4.713112e-02 -3.516464e-02 4.071055e-02 1.000830e+00
5.946115e+00 3.304981e+01 2.073306e+00 3.263814e-01 3.006328e-01 -4.697301e-02 -3.515012e-02 4.063382e-02 1.000827e+00
6.015038e+00 3.259029e+01 2.025483e+00 3.234419e-01 2.994216e-01 -4.681379e-02 -3.513230e-02 4.055460e-02 1.000823e+00
6.083960e+00 3.214269e+01 1.979332e+00 3.205577e-01 2.982286e-01 -4.665355e-02 -3.511129e-02 4.047303e-02 1.000820e+00
6.152882e+00 3.170658e+01 1.934776e+00 3.177273e-01 2.970534e-01 -4.649238e-02 -3.508724e-02 4.038922e-02 1.000817e+00
6.221805e+00 3.128154e+01 1.891742e+00 3.149490e-01 2.958955e-01 -4.633039e-02 -3.506026e-02 4.030329e-02 1.000813e+00
6.290727e+00 3.086716e+01 1.850160e+00 3.122215e-01 2.947545e-01 -4.616764e-02 -3.503046e-02 4.021534e-02 1.000810e+00
6.359649e+00 3.046306e+01 1.809968e+00 3.095432e-01 2.936300e-01 -4.600422e-02 -3.499796e-02 4.012548e-02 1.000806e+00
6.428571e+00 3.006888e+01 1.771103e+00 3.069128e-01 2.925216e-01 -4.584021e-02 -3.496287e-02 4.003380e-02 1.000802e+00
6.497494e+00 2.968426e+01 1.733507e+00 3.043288e-01 2.914288e-01 -4.567567e-02 -3.492528e-02 3.994040e-02 1.000799e+00
6.566416e+00 2.930889e+01 1.697125e+00 3.017901e-01 2.903515e-01 -4.551067e-02 -3.488530e-02 3.984537e-02 1.000795e+00
6.635338e+00 2.894243e+01 1.661907e+00 2.992953e-01 2.892891e-01 -4.534527e-02 -3.484302e-02 3.974879e-02 1.000791e+00
6.704261e+00 2.858459e+01 1.627802e+00 2.968434e-01 2.882414e-01 -4.517954e-02 -3.479853e-02 3.965074e-02 1.000787e+00
6.773183e+00 2.823507e+01 1.594764e+00 2.944331e-01 2.872080e-01 -4.501354e-02 -3.475192e-02 3.955132e-02 1.000783e+00
6.842105e+00 2.789360e+01 1.562749e+00 2.920633e-01 2.861885e-01 -4.484730e-02 -3.470327e-02 3.945058e-02 1.000779e+00
6.911028e+00 2.755991e+01 1.531716e+00 2.897330e-01 2.851828e-01 -4.468089e-02 -3.465267e-02 3.934860e-02 1.000775e+00
6.979950e+00 2.723376e+01 1.501623e+00 2.874411e-01 2.841904e-01 -4.451436e-02 -3.460019e-02 3.924545e-02 1.000771e+00
7.048872e+00 2.691488e+01 1.472434e+00 2.851867e-01 2.832111e-01 -4.434774e-02 -3.454592e-02 3.914120e-02 1.000767e+00
7.117794e+00 2.660306e+01 1.444113e+00 2.829688e-01 2.822445e-01 -4.418109e-02 -3.448991e-02 3.903590e-02 1.000763e+00
7.186717e+00 2.629807e+01 1.416625e+00 2.807864e-01 2.812905e-01 -4.401444e-02 -3.443225e-02 3.892963e-02 1.000759e+00
7.255639e+00 2.599969e+01 1.389938e+00 2.786387e-01 2.803487e-01 -4.384782e-02 -3.437299e-02 3.882243e-02 1.000754e+00
7.324561e+00 2.570773e+01 1.364021e+00 2.765249e-01 2.794189e-01 -4.368129e-02 -3.431221e-02 3.871436e-02 1.000750e+00
7.393484e+00 2.542197e+01 1.338845e+00 2.744440e-01 2.785009e-01 -4.351486e-02 -3.424996e-02 3.860547e-02 1.000746e+00
7.462406e+00 2.514223e+01 1.314381e+00 2.723952e-01 2.775943e-01 -4.334858e-02 -3.418631e-02 3.849582e-02 1.000742e+00
7.531328e+00 2.486834e+01 1.290604e+00 2.703779e-01 2.766989e-01 -4.318248e-02 -3.412131e-02 3.838545e-02 1.000738e+00
7.600251e+00 2.460011e+01 1.267486e+00 2.683912e-01 2.758146e-01 -4.301658e-02 -3.405502e-02 3.827441e-02 1.000733e+00
7.669173e+00 2.433737e+01 1.245005e+00 2.664344e-01 2.749411e-01 -4.285090e-02 -3.398750e-02 3.816274e-02 1.000729e+00
7.738095e+00 2.407997e+01 1.223137e+00 2.645069e-01 2.740782e-01 -4.268549e-02 -3.391879e-02 3.805049e-02 1.000725e+00
7.807018e+00 2.382775e+01 1.201859e+00 2.626078e-01 2.732256e-01 -4.252035e-02 -3.384894e-02 3.793770e-02 1.000720e+00
7.875940e+00 2.358056e+01 1.181151e+00 2.607367e-01 2.723832e-01 -4.235552e-02 -3.377801e-02 3.782440e-02 1.000716e+00
7.944862e+00 2.333826e+01 1.160992e+00 2.588927e-01 2.715507e-01 -4.219102e-02 -3.370603e-02 3.771063e-02 1.000712e+00
8.013784e+00 2.310071e+01 1.141363e+00 2.570754e-01 2.707280e-01 -4.202687e-02 -3.363306e-02 3.759644e-02 1.000707e+00
8.082707e+00 2.286777e+01 1.122246e+00 2.552841e-01 2.699149e-01 -4.186308e-02 -3.355914e-02 3.748185e-02 1.000703e+00
8.151629e+00 2.263931e+01 1.103622e+00 2.535182e-01 2.691111e-01 -4.169967e-02 -3.348431e-02 3.736689e-02 1.000699e+00
8.220551e+00 2.241522e+01 1.085475e+00 2.517771e-01 2.683166e-01 -4.153667e-02 -3.340860e-02 3.725160e-02 1.000695e+00
8.289474e+00 2.219536e+01 1.067789e+00 2.500604e-01 2.675311e-01 -4.137408e-02 -3.333206e-02 3.713601e-02 1.000690e+00
8.358396e+00 2.197964e+01 1.050548e+00 2.483675e-01 2.667545e-01 -4.121193e-02 -3.325473e-02 3.702015e-02 1.000686e+00
8.427318e+00 2.176792e+01 1.033737e+00 2.466978e-01 2.659866e-01 -4.105023e-02 -3.317664e-02 3.690405e-02 1.000682e+00
8.496241e+00 2.156012e+01 1.017342e+00 2.450509e-01 2.652272e-01 -4.088899e-02 -3.309782e-02 3.678772e-02 1.000677e+00
8.565163e+00 2.135612e+01 1.001349e+00 2.434263e-01 2.644762e-01 -4.072823e-02 -3.301832e-02 3.667121e-02 1.000673e+00
8.634085e+00 2.115583e+01 9.857459e-01 2.418235e-01 2.637334e-01 -4.056795e-02 -3.293815e-02 3.655453e-02 1.000669e+00
8.703008e+00 2.095914e+01 9.705190e-01 2.402420e-01 2.629987e-01 -4.040817e-02 -3.285736e-02 3.643770e-02 1.000665e+00
8.771930e+00 2.076596e+01 9.556565e-01 2.386815e-01 2.622720e-01 -4.024890e-02 -3.277598e-02 3.632075e-02 1.000660e+00
8.840852e+00 2.057621e+01 9.411469e-01 2.371414e-01 2.615530e-01 -4.009015e-02 -3.269402e-02 3.620370e-02 1.000656e+00
8.909774e+00 2.038980e+01 9.269790e-01 2.356214e-01 2.608417e-01 -3.993192e-02 -3.261153e-02 3.608658e-02 1.000652e+00
8.978697e+00 2.020664e+01 9.131421e-01 2.341211e-01 2.601380e-01 -3.977423e-02 -3.252852e-02 3.596939e-02 1.000648e+00
9.047619e+00 2.002664e+01 8.996259e-01 2.326400e-01 2.594416e-01 -3.961709e-02 -3.244503e-02 3.585217e-02 1.000643e+00
9.116541e+00 1.984974e+01 8.864206e-01 2.311777e-01 2.587525e-01 -3.946050e-02 -3.236108e-02 3.573492e-02 1.000639e+00
9.185464e+00 1.967586e+01 8.735166e-01 2.297340e-01 2.580705e-01 -3.930447e-02 -3.227669e-02 3.561767e-02 1.000635e+00
9.254386e+00 1.950491e+01 8.609047e-01 2.283084e-01 2.573955e-01 -3.914900e-02 -3.219189e-02 3.550043e-02 1.000631e+00
9.323308e+00 1.933684e+01 8.485762e-01 2.269005e-01 2.567275e-01 -3.899411e-02 -3.210671e-02 3.538322e-02 1.000627e+00
9.392231e+00 1.917156e+01 8.365225e-01 2.255101e-01 2.560662e-01 -3.883980e-02 -3.202115e-02 3.526606e-02 1.000622e+00
9.461153e+00 1.900902e+01 8.247356e-01 2.241368e-01 2.554116e-01 -3.868607e-02 -3.193525e-02 3.514896e-02 1.000618e+00
9.530075e+00 1.884915e+01 8.132074e-01 2.227802e-01 2.547635e-01 -3.853292e-02 -3.184902e-02 3.503193e-02 1.000614e+00
9.598997e+00 1.869188e+01 8.019306e-01 2.214401e-01 2.541219e-01 -3.838037e-02 -3.176249e-02 3.491499e-02 1.000610e+00
9.667920e+00 1.853716e+01 7.908977e-01 2.201161e-01 2.534866e-01 -3.822841e-02 -3.167568e-02 3.479814e-02 1.000606e+00
9.736842e+00 1.838492e+01 7.801018e-01 2.188079e-01 2.528576e-01 -3.807706e-02 -3.158859e-02 3.468142e-02 1.000602e+00
9.805764e+00 1.823511e+01 7.695359e-01 2.175153e-01 2.522347e-01 -3.792631e-02 -3.150126e-02 3.456481e-02 1.000598e+00
9.874687e+00 1.808767e+01 7.591937e-01 2.162379e-01 2.516179e-01 -3.777616e-02 -3.141369e-02 3.444835e-02 1.000594e+00
9.943609e+00 1.794254e+01 7.490688e-01 2.149755e-01 2.510070e-01 -3.762662e-02 -3.132591e-02 3.433203e-02 1.000590e+00
1.001253e+01 1.779969e+01 7.391551e-01 2.137278e-01 2.504019e-01 -3.747770e-02 -3.123793e-02 3.421587e-02 1.000586e+00
1.008145e+01 1.765904e+01 7.294467e-01 2.124945e-01 2.498027e-01 -3.732939e-02 -3.114977e-02 3.409988e-02 1.000582e+00
1.015038e+01 1.752056e+01 7.199380e-01 2.112753e-01 2.492090e-01 -3.718169e-02 -3.106144e-02 3.398407e-02 1.000578e+00
1.021930e+01 1.738420e+01 7.106234e-01 2.100701e-01 2.486210e-01 -3.703461e-02 -3.097295e-02 3.386844e-02 1.000574e+00
1.028822e+01 1.724991e+01 7.014977e-01 2.088785e-01 2.480384e-01 -3.688815e-02 -3.088433e-02 3.375301e-02 1.000570e+00
1.035714e+01 1.711764e+01 6.925558e-01 2.077004e-01 2.474613e-01 -3.674231e-02 -3.079558e-02 3.363779e-02 1.000566e+00
1.042607e+01 1.698735e+01 6.837927e-01 2.065354e-01 2.468895e-01 -3.659709e-02 -3.070672e-02 3.352278e-02 1.000562e+00
1.049499e+01 1.685900e+01 6.752037e-01 2.053834e-01 2.463229e-01 -3.645249e-02 -3.061775e-02 3.340799e-02 1.000559e+00
1.056391e+01 1.673255e+01 6.667841e-01 2.042441e-01 2.457615e-01 -3.630852e-02 -3.052871e-02 3.329342e-02 1.000555e+00
1.063283e+01 1.660795e+01 6.585294e-01 2.031174e-01 2.452052e-01 -3.616516e-02 -3.043958e-02 3.317910e-02 1.000551e+00
1.070175e+01 1.648517e+01 6.504354e-01 2.020029e-01 2.446539e-01 -3.602243e-02 -3.035039e-02 3.306501e-02 1.000547e+00
1.077068e+01 1.636417e+01 6.424979e-01 2.009005e-01 2.441075e-01 -3.588033e-02 -3.026115e-02 3.295118e-02 1.000543e+00
1.083960e+01 1.624491e+01 6.347127e-01 1.998101e-01 2.435660e-01 -3.573884e-02 -3.017187e-02 3.283760e-02 1.000540e+00
1.090852e+01 1.612736e+01 6.270762e-01 1.987313e-01 2.430293e-01 -3.559798e-02 -3.008256e-02 3.272428e-02 1.000536e+00
1.097744e+01 1.601147e+01 6.195843e-01 1.976639e-01 2.424973e-01 -3.545774e-02 -2.999322e-02 3.261122e-02 1.000532e+00
1.104637e+01 1.589722e+01 6.122335e-01 1.966079e-01 2.419700e-01 -3.531812e-02 -2.990387e-02 3.249844e-02 1.000528e+00
1.111529e+01 1.578458e+01 6.050202e-01 1.955630e-01 2.414473e-01 -3.517912e-02 -2.981453e-02 3.238594e-02 1.000525e+00
1.118421e+01 1.567350e+01 5.979410e-01 1.945290e-01 2.409291e-01 -3.504074e-02 -2.972518e-02 3.227371e-02 1.000521e+00
1.125313e+01 1.556396e+01 5.909925e-01 1.935058e-01 2.404153e-01 -3.490299e-02 -2.963586e-02 3.216178e-02 1.000518e+00
1.132206e+01 1.545593e+01 5.841715e-01 1.924932e-01 2.399060e-01 -3.476584e-02 -2.954655e-02 3.205013e-02 1.000514e+00
1.139098e+01 1.534938e+01 5.774749e-01 1.914910e-01 2.394010e-01 -3.462932e-02 -2.945728e-02 3.193878e-02 1.000510e+00
1.145990e+01 1.524428e+01 5.708996e-01 1.904990e-01 2.389002e-01 -3.449341e-02 -2.936805e-02 3.182773e-02 1.000507e+00
1.152882e+01 1.514059e+01 5.644427e-01 1.895171e-01 2.384037e-01 -3.435812e-02 -2.927887e-02 3.171698e-02 1.000503e+00
1.159774e+01 1.503830e+01 5.581014e-01 1.885451e-01 2.379113e-01 -3.422344e-02 -2.918974e-02 3.160654e-02 1.000500e+00
1.166667e+01 1.493738e+01 5.518728e-01 1.875828e-01 2.374231e-01 -3.408937e-02 -2.910068e-02 3.149641e-02 1.000496e+00
1.173559e+01 1.483779e+01 5.457543e-01 1.866302e-01 2.369388e-01 -3.395591e-02 -2.901168e-02 3.138659e-02 1.000493e+00
1.180451e+01 1.473952e+01 5.397434e-01 1.856871e-01 2.364586e-01 -3.382305e-02 -2.892276e-02 3.127709e-02 1.000489e+00
1.187343e+01 1.464254e+01 5.338373e-01 1.847532e-01 2.359823e-01 -3.369081e-02 -2.883393e-02 3.116790e-02 1.000486e+00
1.194236e+01 1.454682e+01 5.280338e-01 1.838286e-01 2.355099e-01 -3.355917e-02 -2.874518e-02 3.105904e-02 1.000483e+00
1.201128e+01 1.445234e+01 5.223304e-01 1.829130e-01 2.350413e-01 -3.342813e-02 -2.865652e-02 3.095051e-02 1.000479e+00
1.208020e+01 1.435908e+01 5.167248e-01 1.820062e-01 2.345765e-01 -3.329769e-02 -2.856797e-02 3.084230e-02 1.000476e+00
1.214912e+01 1.426701e+01 5.112147e-01 1.811083e-01 2.341154e-01 -3.316785e-02 -2.847952e-02 3.073442e-02 1.000473e+00
1.221805e+01 1.417612e+01 5.057981e-01 1.802189e-01 2.336580e-01 -3.303861e-02 -2.839119e-02 3.062687e-02 1.000469e+00
1.228697e+01 1.408637e+01 5.004726e-01 1.793381e-01 2.332043e-01 -3.290996e-02 -2.830297e-02 3.051966e-02 1.000466e+00
1.235589e+01 1.399776e+01 4.952364e-01 1.784656e-01 2.327541e-01 -3.278190e-02 -2.821487e-02 3.041278e-02 1.000463e+00
1.242481e+01 1.391025e+01 4.900873e-01 1.776014e-01 2.323074e-01 -3.265443e-02 -2.812690e-02 3.030624e-02 1.000460e+00
1.249373e+01 1.382384e+01 4.850235e-01 1.767453e-01 2.318643e-01 -3.252755e-02 -2.803906e-02 3.020003e-02 1.000456e+00
1.256266e+01 1.373849e+01 4.800431e-01 1.758972e-01 2.314246e-01 -3.240126e-02 -2.795135e-02 3.009417e-02 1.000453e+00
1.263158e+01 1.365420e+01 4.751441e-01 1.750571e-01 2.309883e-01 -3.227555e-02 -2.786379e-02 2.998865e-02 1.000450e+00
1.270050e+01 1.357093e+01 4.703249e-01 1.742247e-01 2.305554e-01 -3.215042e-02 -2.777636e-02 2.988347e-02 1.000447e+00
1.276942e+01 1.348868e+01 4.655836e-01 1.733999e-01 2.301258e-01 -3.202587e-02 -2.768909e-02 2.977864e-02 1.000444e+00
1.283835e+01 1.340743e+01 4.609187e-01 1.725828e-01 2.296994e-01 -3.190190e-02 -2.760197e-02 2.967415e-02 1.000441e+00
1.290727e+01 1.332715e+01 4.563283e-01 1.717730e-01 2.292763e-01 -3.177850e-02 -2.751501e-02 2.957001e-02 1.000437e+00
1.297619e+01 1.324784e+01 4.518110e-01 1.709707e-01 2.288564e-01 -3.165567e-02 -2.742820e-02 2.946622e-02 1.000434e+00
1.304511e+01 1.316947e+01 4.473652e-01 1.701755e-01 2.284397e-01 -3.153340e-02 -2.734156e-02 2.936277e-02 1.000431e+00
1.311404e+01 1.309203e+01 4.429893e-01 1.693875e-01 2.280260e-01 -3.141171e-02 -2.725508e-02 2.925968e-02 1.000428e+00
1.318296e+01 1.301550e+01 4.386819e-01 1.686066e-01 2.276155e-01 -3.129058e-02 -2.716877e-02 2.915693e-02 1.000425e+00
1.325188e+01 1.293987e+01 4.344416e-01 1.678326e-01 2.272080e-01 -3.117000e-02 -2.708264e-02 2.905453e-02 1.000422e+00
1.332080e+01 1.286512e+01 4.302669e-01 1.670654e-01 2.268035e-01 -3.104999e-02 -2.699668e-02 2.895249e-02 1.000419e+00
1.338972e+01 1.279123e+01 4.261565e-01 1.663050e-01 2.264020e-01 -3.093053e-02 -2.691090e-02 2.885080e-02 1.000416e+00
1.345865e+01 1.271820e+01 4.221090e-01 1.655513e-01 2.260034e-01 -3.081163e-02 -2.682530e-02 2.874945e-02 1.000414e+00
1.352757e+01 1.264601e+01 4.181231e-01 1.648041e-01 2.256077e-01 -3.069327e-02 -2.673988e-02 2.864846e-02 1.000411e+00
1.359649e+01 1.257464e+01 4.141977e-01 1.640634e-01 2.252148e-01 -3.057547e-02 -2.665465e-02 2.854783e-02 1.000408e+00
1.366541e+01 1.250408e+01 4.103314e-01 1.633292e-01 2.248248e-01 -3.045820e-02 -2.656961e-02 2.844754e-02 1.000405e+00
1.373434e+01 1.243432e+01 4.065230e-01 1.626012e-01 2.244376e-01 -3.034149e-02 -2.648476e-02 2.834761e-02 1.000402e+00
1.380326e+01 1.236534e+01 4.027715e-01 1.618794e-01 2.240532e-01 -3.022531e-02 -2.640011e-02 2.824803e-02 1.000399e+00
1.387218e+01 1.229714e+01 3.990756e-01 1.611638e-01 2.236715e-01 -3.010966e-02 -2.631565e-02 2.814881e-02 1.000396e+00
1.394110e+01 1.222969e+01 3.954342e-01 1.604543e-01 2.232925e-01 -2.999455e-02 -2.623138e-02 2.804993e-02 1.000394e+00
1.401003e+01 1.216299e+01 3.918464e-01 1.597507e-01 2.229161e-01 -2.987998e-02 -2.614732e-02 2.795141e-02 1.000391e+00
1.407895e+01 1.209703e+01 3.883109e-01 1.590531e-01 2.225424e-01 -2.976593e-02 -2.606346e-02 2.785324e-02 1.000388e+00
1.414787e+01 1.203179e+01 3.848268e-01 1.583612e-01 2.221713e-01 -2.965241e-02 -2.597980e-02 2.775542e-02 1.000385e+00
1.421679e+01 1.196726e+01 3.813930e-01 1.576751e-01 2.218028e-01 -2.953941e-02 -2.589635e-02 2.765796e-02 1.000383e+00
1.428571e+01 1.190343e+01 3.780087e-01 1.569948e-01 2.214368e-01 -2.942693e-02 -2.581310e-02 2.756085e-02 1.000380e+00
1.435464e+01 1.184029e+01 3.746728e-01 1.563200e-01 2.210734e-01 -2.931497e-02 -2.573006e-02 2.746409e-02 1.000377e+00
1.442356e+01 1.177783e+01 3.713843e-01 1.556507e-01 2.207125e-01 -2.920353e-02 -2.564723e-02 2.736768e-02 1.000375e+00
1.449248e+01 1.171603e+01 3.681425e-01 1.549869e-01 2.203540e-01 -2.909260e-02 -2.556461e-02 2.727162e-02 1.000372e+00
1.456140e+01 1.165490e+01 3.649464e-01 1.543285e-01 2.199979e-01 -2.898218e-02 -2.548221e-02 2.717591e-02 1.000369e+00
1.463033e+01 1.159441e+01 3.617951e-01 1.536754e-01 2.196443e-01 -2.887226e-02 -2.540002e-02 2.708055e-02 1.000367e+00
1.469925e+01 1.153456e+01 3.586878e-01 1.530276e-01 2.192930e-01 -2.876285e-02 -2.531804e-02 2.698553e-02 1.000364e+00
1.476817e+01 1.147534e+01 3.556237e-01 1.523850e-01 2.189441e-01 -2.865394e-02 -2.523628e-02 2.689087e-02 1.000362e+00
1.483709e+01 1.141673e+01 3.526019e-01 1.517475e-01 2.185976e-01 -2.854553e-02 -2.515474e-02 2.679656e-02 1.000359e+00
1.490602e+01 1.135874e+01 3.496217e-01 1.511151e-01 2.182533e-01 -2.843762e-02 -2.507342e-02 2.670259e-02 1.000357e+00
1.497494e+01 1.130134e+01 3.466823e-01 1.504877e-01 2.179113e-01 -2.833020e-02 -2.499232e-02 2.660897e-02 1.000354e+00
1.504386e+01 1.124454e+01 3.437829e-01 1.498653e-01 2.175716e-01 -2.822327e-02 -2.491143e-02 2.651570e-02 1.000352e+00
1.511278e+01 1.118831e+01 3.409229e-01 1.492477e-01 2.172341e-01 -2.811683e-02 -2.483077e-02 2.642277e-02 1.000349e+00
1.518170e+01 1.113267e+01 3.381014e-01 1.486349e-01 2.168988e-01 -2.801088e-02 -2.475033e-02 2.633018e-02 1.000347e+00
1.525063e+01 1.107758e+01 3.353178e-01 1.480269e-01 2.165657e-01 -2.790541e-02 -2.467011e-02 2.623794e-02 1.000344e+00
1.531955e+01 1.102305e+01 3.325714e-01 1.474237e-01 2.162348e-01 -2.780042e-02 -2.459012e-02 2.614604e-02 1.000342e+00
1.538847e+01 1.096908e+01 3.298616e-01 1.468250e-01 2.159060e-01 -2.769590e-02 -2.451035e-02 2.605449e-02 1.000340e+00
1.545739e+01 1.091564e+01 3.271876e-01 1.462310e-01 2.155793e-01 -2.759186e-02 -2.443081e-02 2.596327e-02 1.000337e+00
1.552632e+01 1.086273e+01 3.245489e-01 1.456415e-01 2.152547e-01 -2.748830e-02 -2.435149e-02 2.587240e-02 1.000335e+00
1.559524e+01 1.081035e+01 3.219448e-01 1.450565e-01 2.149322e-01 -2.738520e-02 -2.427240e-02 2.578187e-02 1.000333e+00
1.566416e+01 1.075849e+01 3.193747e-01 1.444760e-01 2.146117e-01 -2.728257e-02 -2.419354e-02 2.569167e-02 1.000330e+00
1.573308e+01 1.070714e+01 3.168379e-01 1.438998e-01 2.142933e-01 -2.718041e-02 -2.411490e-02 2.560181e-02 1.000328e+00
1.580201e+01 1.065629e+01 3.143340e-01 1.433279e-01 2.139769e-01 -2.707870e-02 -2.403650e-02 2.551229e-02 1.000326e+00
1.587093e+01 1.060593e+01 3.118624e-01 1.427604e-01 2.136624e-01 -2.697746e-02 -2.395831e-02 2.542311e-02 1.000323e+00
1.593985e+01 1.055606e+01 3.094224e-01 1.421971e-01 2.133500e-01 -2.687667e-02 -2.388036e-02 2.533426e-02 1.000321e+00
1.600877e+01 1.050668e+01 3.070135e-01 1.416379e-01 2.130394e-01 -2.677634e-02 -2.380264e-02 2.524574e-02 1.000319e+00
1.607769e+01 1.045777e+01 3.046353e-01 1.410829e-01 2.127308e-01 -2.667646e-02 -2.372515e-02 2.515756e-02 1.000317e+00
1.614662e+01 1.040933e+01 3.022871e-01 1.405320e-01 2.124242e-01 -2.657703e-02 -2.364788e-02 2.506971e-02 1.000314e+00
1.621554e+01 1.036135e+01 2.999685e-01 1.399851e-01 2.121194e-01 -2.647804e-02 -2.357085e-02 2.498219e-02 1.000312e+00
1.628446e+01 1.031383e+01 2.976789e-01 1.394423e-01 2.118164e-01 -2.637950e-02 -2.349404e-02 2.489500e-02 1.000310e+00
1.635338e+01 1.026675e+01 2.954179e-01 1.389034e-01 2.115154e-01 -2.628140e-02 -2.341747e-02 2.480814e-02 1.000308e+00
1.642231e+01 1.022012e+01 2.931850e-01 1.383683e-01 2.112161e-01 -2.618374e-02 -2.334113e-02 2.472161e-02 1.000306e+00
1.649123e+01 1.017393e+01 2.909797e-01 1.378372e-01 2.109187e-01 -2.608651e-02 -2.326501e-02 2.463540e-02 1.000304e+00
1.656015e+01 1.012816e+01 2.888016e-01 1.373099e-01 2.106231e-01 -2.598972e-02 -2.318913e-02 2.454952e-02 1.000301e+00
1.662907e+01 1.008283e+01 2.866502e-01 1.367863e-01 2.103292e-01 -2.589336e-02 -2.311348e-02 2.446397e-02 1.000299e+00
1.669799e+01 1.003791e+01 2.845250e-01 1.362665e-01 2.100371e-01 -2.579744e-02 -2.303806e-02 2.437874e-02 1.000297e+00
1.676692e+01 9.993404e+00 2.824256e-01 1.357504e-01 2.097468e-01 -2.570193e-02 -2.296286e-02 2.429383e-02 1.000295e+00
1.683584e+01 9.949308e+00 2.803517e-01 1.352380e-01 2.094582e-01 -2.560685e-02 -2.288790e-02 2.420924e-02 1.000293e+00
1.690476e+01 9.905615e+00 2.783027e-01 1.347291e-01 2.091713e-01 -2.551220e-02 -2.281317e-02 2.412497e-02 1.000291e+00
1.697368e+01 9.862319e+00 2.762783e-01 1.342239e-01 2.088861e-01 -2.541796e-02 -2.273867e-02 2.404102e-02 1.000289e+00
1.704261e+01 9.819416e+00 2.742781e-01 1.337222e-01 2.086025e-01 -2.532414e-02 -2.266440e-02 2.395739e-02 1.000287e+00
1.711153e+01 9.776900e+00 2.723017e-01 1.332239e-01 2.083207e-01 -2.523073e-02 -2.259036e-02 2.387407e-02 1.000285e+00
1.718045e+01 9.734766e+00 2.703487e-01 1.327292e-01 2.080405e-01 -2.513774e-02 -2.251655e-02 2.379107e-02 1.000283e+00
1.724937e+01 9.693010e+00 2.684187e-01 1.322379e-01 2.077619e-01 -2.504515e-02 -2.244297e-02 2.370839e-02 1.000281e+00
1.731830e+01 9.651625e+00 2.665114e-01 1.317499e-01 2.074849e-01 -2.495298e-02 -2.236962e-02 2.362602e-02 1.000279e+00
1.738722e+01 9.610608e+00 2.646264e-01 1.312653e-01 2.072095e-01 -2.486121e-02 -2.229650e-02 2.354396e-02 1.000277e+00
1.745614e+01 9.569954e+00 2.627633e-01 1.307841e-01 2.069358e-01 -2.476984e-02 -2.222361e-02 2.346221e-02 1.000275e+00
1.752506e+01 9.529658e+00 2.609219e-01 1.303061e-01 2.066636e-01 -2.467887e-02 -2.215095e-02 2.338077e-02 1.000273e+00
1.759398e+01 9.489715e+00 2.591017e-01 1.298313e-01 2.063929e-01 -2.458830e-02 -2.207852e-02 2.329964e-02 1.000272e+00
1.766291e+01 9.450121e+00 2.573025e-01 1.293598e-01 2.061238e-01 -2.449813e-02 -2.200632e-02 2.321882e-02 1.000270e+00
1.773183e+01 9.410872e+00 2.555239e-01 1.288915e-01 2.058562e-01 -2.440835e-02 -2.193434e-02 2.313830e-02 1.000268e+00
1.780075e+01 9.371963e+00 2.537655e-01 1.284263e-01 2.055901e-01 -2.431896e-02 -2.186259e-02 2.305809e-02 1.000266e+00
1.786967e+01 9.333390e+00 2.520272e-01 1.279642e-01 2.053256e-01 -2.422996e-02 -2.179107e-02 2.297818e-02 1.000264e+00
1.793860e+01 9.295148e+00 2.503085e-01 1.275052e-01 2.050625e-01 -2.414135e-02 -2.171978e-02 2.289858e-02 1.000262e+00
1.800752e+01 9.257235e+00 2.486092e-01 1.270492e-01 2.048009e-01 -2.405312e-02 -2.164871e-02 2.281927e-02 1.000260e+00
1.807644e+01 9.219644e+00 2.469289e-01 1.265963e-01 2.045407e-01 -2.396528e-02 -2.157788e-02 2.274027e-02 1.000259e+00
1.814536e+01 9.182373e+00 2.452675e-01 1.261464e-01 2.042820e-01 -2.387782e-02 -2.150726e-02 2.266156e-02 1.000257e+00
1.821429e+01 9.145418e+00 2.436245e-01 1.256994e-01 2.040247e-01 -2.379073e-02 -2.143688e-02 2.258316e-02 1.000255e+00
1.828321e+01 9.108774e+00 2.419998e-01 1.252554e-01 2.037689e-01 -2.370402e-02 -2.136672e-02 2.250505e-02 1.000253e+00
1.835213e+01 9.072439e+00 2.403930e-01 1.248142e-01 2.035144e-01 -2.361769e-02 -2.129678e-02 2.242723e-02 1.000252e+00
1.842105e+01 9.036407e+00 2.388038e-01 1.243760e-01 2.032614e-01 -2.353172e-02 -2.122707e-02 2.234971e-02 1.000250e+00
1.848997e+01 9.000676e+00 2.372321e-01 1.239405e-01 2.030097e-01 -2.344613e-02 -2.115758e-02 2.227248e-02 1.000248e+00
1.855890e+01 8.965241e+00 2.356776e-01 1.235079e-01 2.027594e-01 -2.336091e-02 -2.108832e-02 2.219555e-02 1.000246e+00
1.862782e+01 8.930100e+00 2.341400e-01 1.230781e-01 2.025105e-01 -2.327605e-02 -2.101928e-02 2.211890e-02 1.000245e+00
1.869674e+01 8.895248e+00 2.326190e-01 1.226510e-01 2.022629e-01 -2.319155e-02 -2.095047e-02 2.204254e-02 1.000243e+00
1.876566e+01 8.860683e+00 2.311144e-01 1.222267e-01 2.020166e-01 -2.310741e-02 -2.088187e-02 2.196648e-02 1.000241e+00
1.883459e+01 8.826400e+00 2.296260e-01 1.218051e-01 2.017717e-01 -2.302364e-02 -2.081350e-02 2.189070e-02 1.000240e+00
1.890351e+01 8.792397e+00 2.281535e-01 1.213861e-01 2.015281e-01 -2.294022e-02 -2.074535e-02 2.181520e-02 1.000238e+00
1.897243e+01 8.758670e+00 2.266967e-01 1.209698e-01 2.012857e-01 -2.285716e-02 -2.067742e-02 2.173999e-02 1.000236e+00
1.904135e+01 8.725216e+00 2.252554e-01 1.205561e-01 2.010447e-01 -2.277445e-02 -2.060971e-02 2.166506e-02 1.000235e+00
1.911028e+01 8.692031e+00 2.238294e-01 1.201451e-01 2.008049e-01 -2.269209e-02 -2.054223e-02 2.159042e-02 1.000233e+00
1.917920e+01 8.659113e+00 2.224184e-01 1.197366e-01 2.005665e-01 -2.261008e-02 -2.047496e-02 2.151605e-02 1.000232e+00
1.924812e+01 8.626458e+00 2.210222e-01 1.193306e-01 2.003292e-01 -2.252842e-02 -2.040791e-02 2.144197e-02 1.000230e+00
1.931704e+01 8.594064e+00 2.196406e-01 1.189272e-01 2.000932e-01 -2.244710e-02 -2.034108e-02 2.136816e-02 1.000228e+00
1.938596e+01 8.561927e+00 2.182734e-01 1.185263e-01 1.998585e-01 -2.236613e-02 -2.027446e-02 2.129463e-02 1.000227e+00
1.945489e+01 8.530044e+00 2.169205e-01 1.181279e-01 1.996250e-01 -2.228550e-02 -2.020807e-02 2.122138e-02 1.000225e+00
1.952381e+01 8.498413e+00 2.155815e-01 1.177319e-01 1.993926e-01 -2.220520e-02 -2.014189e-02 2.114840e-02 1.000224e+00
1.959273e+01 8.467030e+00 2.142563e-01 1.173384e-01 1.991615e-01 -2.212525e-02 -2.007593e-02 2.107569e-02 1.000222e+00
1.966165e+01 8.435894e+00 2.129447e-01 1.169472e-01 1.989316e-01 -2.204563e-02 -2.001018e-02 2.100326e-02 1.000221e+00
1.973058e+01 8.404999e+00 2.116465e-01 1.165585e-01 1.987029e-01 -2.196635e-02 -1.994465e-02 2.093110e-02 1.000219e+00
1.979950e+01 8.374346e+00 2.103616e-01 1.161721e-01 1.984753e-01 -2.188739e-02 -1.987933e-02 2.085921e-02 1.000218e+00
1.986842e+01 8.343929e+00 2.090897e-01 1.157881e-01 1.982489e-01 -2.180877e-02 -1.981423e-02 2.078759e-02 1.000216e+00
1.993734e+01 8.313748e+00 2.078307e-01 1.154063e-01 1.980237e-01 -2.173048e-02 -1.974934e-02 2.071624e-02 1.000215e+00
2.000627e+01 8.283798e+00 2.065844e-01 1.150269e-01 1.977996e-01 -2.165251e-02 -1.968466e-02 2.064515e-02 1.000213e+00
2.007519e+01 8.254078e+00 2.053506e-01 1.146498e-01 1.975766e-01 -2.157486e-02 -1.962019e-02 2.057433e-02 1.000212e+00
2.014411e+01 8.224585e+00 2.041291e-01 1.142749e-01 1.973548e-01 -2.149754e-02 -1.955594e-02 2.050377e-02 1.000210e+00
2.021303e+01 8.195317e+00 2.029199e-01 1.139023e-01 1.971341e-01 -2.142054e-02 -1.949190e-02 2.043348e-02 1.000209e+00
2.028195e+01 8.166270e+00 2.017226e-01 1.135319e-01 1.969145e-01 -2.134386e-02 -1.942807e-02 2.036345e-02 1.000207e+00
2.035088e+01 8.137443e+00 2.005372e-01 1.131636e-01 1.966960e-01 -2.126750e-02 -1.936444e-02 2.029368e-02 1.000206e+00
2.041980e+01 8.108833e+00 1.993635e-01 1.127976e-01 1.964786e-01 -2.119145e-02 -1.930103e-02 2.022417e-02 1.000205e+00
2.048872e+01 8.080438e+00 1.982013e-01 1.124337e-01 1.962622e-01 -2.111572e-02 -1.923782e-02 2.015491e-02 1.000203e+00
2.055764e+01 8.052256e+00 1.970505e-01 1.120719e-01 1.960470e-01 -2.104030e-02 -1.917483e-02 2.008592e-02 1.000202e+00
2.062657e+01 8.024283e+00 1.959110e-01 1.117123e-01 1.958328e-01 -2.096519e-02 -1.911204e-02 2.001718e-02 1.000200e+00
2.069549e+01 7.996518e+00 1.947825e-01 1.113548e-01 1.956196e-01 -2.089038e-02 -1.904945e-02 1.994869e-02 1.000199e+00
2.076441e+01 7.968959e+00 1.936650e-01 1.109993e-01 1.954075e-01 -2.081589e-02 -1.898708e-02 1.988046e-02 1.000198e+00
2.083333e+01 7.941603e+00 1.925582e-01 1.106459e-01 1.951965e-01 -2.074170e-02 -1.892491e-02 1.981249e-02 1.000196e+00
2.090226e+01 7.914449e+00 1.914621e-01 1.102946e-01 1.949865e-01 -2.066781e-02 -1.886294e-02 1.974476e-02 1.000195e+00
2.097118e+01 7.887493e+00 1.903765e-01 1.099452e-01 1.947775e-01 -2.059423e-02 -1.880118e-02 1.967729e-02 1.000194e+00
2.104010e+01 7.860735e+00 1.893013e-01 1.095979e-01 1.945695e-01 -2.052094e-02 -1.873962e-02 1.961006e-02 1.000192e+00
2.110902e+01 7.834171e+00 1.882363e-01 1.092526e-01 1.943625e-01 -2.044795e-02 -1.867826e-02 1.954309e-02 1.000191e+00
2.117794e+01 7.807800e+00 1.871815e-01 1.089093e-01 1.941565e-01 -2.037526e-02 -1.861710e-02 1.947636e-02 1.000190e+00
2.124687e+01 7.781620e+00 1.861366e-01 1.085679e-01 1.939515e-01 -2.030287e-02 -1.855615e-02 1.940987e-02 1.000188e+00
2.131579e+01 7.755628e+00 1.851015e-01 1.082284e-01 1.937475e-01 -2.023077e-02 -1.849540e-02 1.934363e-02 1.000187e+00
2.138471e+01 7.729823e+00 1.840762e-01 1.078909e-01 1.935445e-01 -2.015896e-02 -1.843485e-02 1.927764e-02 1.000186e+00
2.145363e+01 7.704203e+00 1.830605e-01 1.075553e-01 1.933425e-01 -2.008744e-02 -1.837449e-02 1.921189e-02 1.000185e+00
2.152256e+01 7.678766e+00 1.820542e-01 1.072215e-01 1.931414e-01 -2.001621e-02 -1.831434e-02 1.914638e-02 1.000183e+00
2.159148e+01 7.653510e+00 1.810573e-01 1.068897e-01 1.929412e-01 -1.994527e-02 -1.825438e-02 1.908111e-02 1.000182e+00
2.166040e+01 7.628433e+00 1.800697e-01 1.065597e-01 1.927420e-01 -1.987462e-02 -1.819463e-02 1.901608e-02 1.000181e+00
2.172932e+01 7.603533e+00 1.790911e-01 1.062315e-01 1.925438e-01 -1.980424e-02 -1.813507e-02 1.895129e-02 1.000180e+00
2.179825e+01 7.578808e+00 1.781216e-01 1.059052e-01 1.923464e-01 -1.973415e-02 -1.807570e-02 1.888673e-02 1.000178e+00
2.186717e+01 7.554258e+00 1.771609e-01 1.055806e-01 1.921500e-01 -1.966435e-02 -1.801653e-02 1.882241e-02 1.000177e+00
2.193609e+01 7.529879e+00 1.762091e-01 1.052579e-01 1.919546e-01 -1.959482e-02 -1.795756e-02 1.875833e-02 1.000176e+00
2.200501e+01 7.505670e+00 1.752659e-01 1.049369e-01 1.917600e-01 -1.952557e-02 -1.789878e-02 1.869448e-02 1.000175e+00
2.207393e+01 7.481629e+00 1.743313e-01 1.046178e-01 1.915663e-01 -1.945659e-02 -1.784019e-02 1.863087e-02 1.000174e+00
2.214286e+01 7.457756e+00 1.734051e-01 1.043003e-01 1.913736e-01 -1.938789e-02 -1.778180e-02 1.856749e-02 1.000172e+00
2.221178e+01 7.434047e+00 1.724873e-01 1.039846e-01 1.911817e-01 -1.931947e-02 -1.772359e-02 1.850433e-02 1.000171e+00
2.228070e+01 7.410501e+00 1.715778e-01 1.036706e-01 1.909907e-01 -1.925131e-02 -1.766558e-02 1.844141e-02 1.000170e+00
2.234962e+01 7.387118e+00 1.706764e-01 1.033584e-01 1.908006e-01 -1.918343e-02 -1.760776e-02 1.837872e-02 1.000169e+00
2.241855e+01 7.363894e+00 1.697830e-01 1.030478e-01 1.906113e-01 -1.911582e-02 -1.755014e-02 1.831625e-02 1.000168e+00
2.248747e+01 7.340829e+00 1.688976e-01 1.027389e-01 1.904230e-01 -1.904847e-02 -1.749270e-02 1.825402e-02 1.000167e+00
2.255639e+01 7.317921e+00 1.680201e-01 1.024317e-01 1.902354e-01 -1.898139e-02 -1.743545e-02 1.819200e-02 1.000166e+00
2.262531e+01 7.295168e+00 1.671503e-01 1.021261e-01 1.900488e-01 -1.891457e-02 -1.737838e-02 1.813022e-02 1.000164e+00
2.269424e+01 7.272569e+00 1.662882e-01 1.018221e-01 1.898629e-01 -1.884802e-02 -1.732151e-02 1.806865e-02 1.000163e+00
2.276316e+01 7.250122e+00 1.654337e-01 1.015198e-01 1.896780e-01 -1.878173e-02 -1.726482e-02 1.800731e-02 1.000162e+00
2.283208e+01 7.227826e+00 1.645866e-01 1.012191e-01 1.894938e-01 -1.871570e-02 -1.720832e-02 1.794619e-02 1.000161e+00
2.290100e+01 7.205679e+00 1.637470e-01 1.009200e-01 1.893105e-01 -1.864993e-02 -1.715201e-02 1.788529e-02 1.000160e+00
2.296992e+01 7.183681e+00 1.629146e-01 1.006225e-01 1.891280e-01 -1.858442e-02 -1.709587e-02 1.782461e-02 1.000159e+00
2.303885e+01 7.161829e+00 1.620895e-01 1.003265e-01 1.889463e-01 -1.851916e-02 -1.703993e-02 1.776415e-02 1.000158e+00
2.310777e+01 7.140121e+00 1.612715e-01 1.000321e-01 1.887655e-01 -1.845416e-02 -1.698417e-02 1.770391e-02 1.000157e+00
2.317669e+01 7.118558e+00 1.604606e-01 9.973927e-02 1.885854e-01 -1.838941e-02 -1.692859e-02 1.764389e-02 1.000156e+00
2.324561e+01 7.097137e+00 1.596566e-01 9.944796e-02 1.884061e-01 -1.832492e-02 -1.687319e-02 1.758408e-02 1.000155e+00
2.331454e+01 7.075856e+00 1.588596e-01 9.915818e-02 1.882276e-01 -1.826067e-02 -1.681797e-02 1.752448e-02 1.000154e+00
2.338346e+01 7.054715e+00 1.580693e-01 9.886990e-02 1.880500e-01 -1.819668e-02 -1.676294e-02 1.746510e-02 1.000153e+00
2.345238e+01 7.033713e+00 1.572858e-01 9.858313e-02 1.878731e-01 -1.813293e-02 -1.670808e-02 1.740594e-02 1.000152e+00
2.352130e+01 7.012847e+00 1.565089e-01 9.829784e-02 1.876969e-01 -1.806944e-02 -1.665341e-02 1.734698e-02 1.000150e+00
2.359023e+01 6.992117e+00 1.557386e-01 9.801403e-02 1.875216e-01 -1.800618e-02 -1.659891e-02 1.728823e-02 1.000149e+00
2.365915e+01 6.971521e+00 1.549747e-01 9.773168e-02 1.873470e-01 -1.794317e-02 -1.654459e-02 1.722970e-02 1.000148e+00
2.372807e+01 6.951058e+00 1.542173e-01 9.745078e-02 1.871731e-01 -1.788041e-02 -1.649045e-02 1.717137e-02 1.000147e+00
2.379699e+01 6.930727e+00 1.534663e-01 9.717133e-02 1.870001e-01 -1.781788e-02 -1.643649e-02 1.711326e-02 1.000146e+00
2.386591e+01 6.910527e+00 1.527215e-01 9.689331e-02 1.868277e-01 -1.775560e-02 -1.638271e-02 1.705535e-02 1.000145e+00
2.393484e+01 6.890456e+00 1.519830e-01 9.661670e-02 1.866561e-01 -1.769356e-02 -1.632910e-02 1.699764e-02 1.000144e+00
2.400376e+01 6.870513e+00 1.512505e-01 9.634150e-02 1.864853e-01 -1.763175e-02 -1.627566e-02 1.694014e-02 1.000144e+00
2.407268e+01 6.850697e+00 1.505242e-01 9.606770e-02 1.863152e-01 -1.757018e-02 -1.622240e-02 1.688285e-02 1.000143e+00
2.414160e+01 6.831006e+00 1.498038e-01 9.579529e-02 1.861458e-01 -1.750885e-02 -1.616931e-02 1.682576e-02 1.000142e+00
2.421053e+01 6.811441e+00 1.490894e-01 9.552425e-02 1.859771e-01 -1.744775e-02 -1.611640e-02 1.676887e-02 1.000141e+00
2.427945e+01 6.791998e+00 1.483808e-01 9.525458e-02 1.858092e-01 -1.738689e-02 -1.606366e-02 1.671218e-02 1.000140e+00
2.434837e+01 6.772678e+00 1.476780e-01 9.498627e-02 1.856420e-01 -1.732625e-02 -1.601109e-02 1.665569e-02 1.000139e+00
2.441729e+01 6.753480e+00 1.469809e-01 9.471929e-02 1.854755e-01 -1.726585e-02 -1.595869e-02 1.659941e-02 1.000138e+00
2.448622e+01 6.734401e+00 1.462896e-01 9.445366e-02 1.853097e-01 -1.720568e-02 -1.590646e-02 1.654332e-02 1.000137e+00
2.455514e+01 6.715442e+00 1.456038e-01 9.418934e-02 1.851445e-01 -1.714573e-02 -1.585440e-02 1.648743e-02 1.000136e+00
2.462406e+01 6.696600e+00 1.449235e-01 9.392634e-02 1.849801e-01 -1.708602e-02 -1.580251e-02 1.643174e-02 1.000135e+00
2.469298e+01 6.677875e+00 1.442488e-01 9.366465e-02 1.848164e-01 -1.702653e-02 -1.575080e-02 1.637624e-02 1.000134e+00
2.476190e+01 6.659266e+00 1.435794e-01 9.340425e-02 1.846534e-01 -1.696726e-02 -1.569924e-02 1.632094e-02 1.000133e+00
2.483083e+01 6.640772e+00 1.429155e-01 9.314514e-02 1.844910e-01 -1.690822e-02 -1.564786e-02 1.626584e-02 1.000132e+00
2.489975e+01 6.622391e+00 1.422568e-01 9.288730e-02 1.843293e-01 -1.684940e-02 -1.559664e-02 1.621092e-02 1.000131e+00
2.496867e+01 6.604123e+00 1.416034e-01 9.263072e-02 1.841683e-01 -1.679080e-02 -1.554559e-02 1.615620e-02 1.000131e+00
2.503759e+01 6.585967e+00 1.409551e-01 9.237541e-02 1.840080e-01 -1.673242e-02 -1.549470e-02 1.610167e-02 1.000130e+00
2.510652e+01 6.567921e+00 1.403120e-01 9.212134e-02 1.838483e-01 -1.667426e-02 -1.544398e-02 1.604734e-02 1.000129e+00
2.517544e+01 6.549986e+00 1.396740e-01 9.186850e-02 1.836892e-01 -1.661632e-02 -1.539343e-02 1.599319e-02 1.000128e+00
2.524436e+01 6.532159e+00 1.390410e-01 9.161690e-02 1.835309e-01 -1.655860e-02 -1.534303e-02 1.593923e-02 1.000127e+00
2.531328e+01 6.514439e+00 1.384130e-01 9.136652e-02 1.833732e-01 -1.650109e-02 -1.529281e-02 1.588546e-02 1.000126e+00
2.538221e+01 6.496827e+00 1.377898e-01 9.111735e-02 1.832161e-01 -1.644379e-02 -1.524274e-02 1.583188e-02 1.000125e+00
2.545113e+01 6.479321e+00 1.371716e-01 9.086938e-02 1.830597e-01 -1.638672e-02 -1.519283e-02 1.577849e-02 1.000125e+00
2.552005e+01 6.461919e+00 1.365581e-01 9.062260e-02 1.829039e-01 -1.632985e-02 -1.514309e-02 1.572528e-02 1.000124e+00
2.558897e+01 6.444622e+00 1.359494e-01 9.037701e-02 1.827487e-01 -1.627319e-02 -1.509350e-02 1.567225e-02 1.000123e+00
2.565789e+01 6.427427e+00 1.353454e-01 9.013260e-02 1.825942e-01 -1.621675e-02 -1.504408e-02 1.561941e-02 1.000122e+00
2.572682e+01 6.410335e+00 1.347461e-01 8.988935e-02 1.824403e-01 -1.616051e-02 -1.499482e-02 1.556676e-02 1.000121e+00
2.579574e+01 6.393344e+00 1.341514e-01 8.964726e-02 1.822870e-01 -1.610448e-02 -1.494571e-02 1.551428e-02 1.000120e+00
2.586466e+01 6.376454e+00 1.335612e-01 8.940633e-02 1.821343e-01 -1.604866e-02 -1.489676e-02 1.546199e-02 1.000120e+00
2.593358e+01 6.359664e+00 1.329756e-01 8.916653e-02 1.819823e-01 -1.599305e-02 -1.484797e-02 1.540988e-02 1.000119e+00
2.600251e+01 6.342972e+00 1.323944e-01 8.892787e-02 1.818308e-01 -1.593764e-02 -1.479934e-02 1.535795e-02 1.000118e+00
2.607143e+01 6.326378e+00 1.318177e-01 8.869034e-02 1.816800e-01 -1.588244e-02 -1.475086e-02 1.530620e-02 1.000117e+00
2.614035e+01 6.309881e+00 1.312453e-01 8.845392e-02 1.815297e-01 -1.582744e-02 -1.470254e-02 1.525462e-02 1.000116e+00
2.620927e+01 6.293480e+00 1.306772e-01 8.821862e-02 1.813801e-01 -1.577264e-02 -1.465438e-02 1.520323e-02 1.000116e+00
2.627820e+01 6.277175e+00 1.301134e-01 8.798442e-02 1.812310e-01 -1.571804e-02 -1.460637e-02 1.515201e-02 1.000115e+00
2.634712e+01 6.260965e+00 1.295539e-01 8.775131e-02 1.810826e-01 -1.566364e-02 -1.455851e-02 1.510097e-02 1.000114e+00
2.641604e+01 6.244848e+00 1.289985e-01 8.751929e-02 1.809347e-01 -1.560944e-02 -1.451081e-02 1.505010e-02 1.000113e+00
2.648496e+01 6.228824e+00 1.284474e-01 8.728835e-02 1.807874e-01 -1.555544e-02 -1.446325e-02 1.499941e-02 1.000113e+00
2.655388e+01 6.212893e+00 1.279003e-01 8.705848e-02 1.806407e-01 -1.550164e-02 -1.441586e-02 1.494889e-02 1.000112e+00
2.662281e+01 6.197053e+00 1.273573e-01 8.682968e-02 1.804946e-01 -1.544803e-02 -1.436861e-02 1.489855e-02 1.000111e+00
2.669173e+01 6.181304e+00 1.268183e-01 8.660193e-02 1.803490e-01 -1.539462e-02 -1.432151e-02 1.484837e-02 1.000110e+00
2.676065e+01 6.165645e+00 1.262833e-01 8.637523e-02 1.802040e-01 -1.534140e-02 -1.427457e-02 1.479837e-02 1.000110e+00
2.682957e+01 6.150075e+00 1.257522e-01 8.614958e-02 1.800596e-01 -1.528838e-02 -1.422777e-02 1.474854e-02 1.000109e+00
2.689850e+01 6.134593e+00 1.252251e-01 8.592496e-02 1.799157e-01 -1.523554e-02 -1.418113e-02 1.469888e-02 1.000108e+00
2.696742e+01 6.119199e+00 1.247018e-01 8.570137e-02 1.797724e-01 -1.518290e-02 -1.413463e-02 1.464939e-02 1.000107e+00
2.703634e+01 6.103892e+00 1.241823e-01 8.547880e-02 1.796296e-01 -1.513045e-02 -1.408828e-02 1.460007e-02 1.000107e+00
2.710526e+01 6.088672e+00 1.236667e-01 8.525724e-02 1.794874e-01 -1.507819e-02 -1.404208e-02 1.455091e-02 1.000106e+00
2.717419e+01 6.073537e+00 1.231547e-01 8.503669e-02 1.793458e-01 -1.502612e-02 -1.399602e-02 1.450193e-02 1.000105e+00
2.724311e+01 6.058487e+00 1.226465e-01 8.481714e-02 1.792047e-01 -1.497423e-02 -1.395011e-02 1.445311e-02 1.000104e+00
2.731203e+01 6.043521e+00 1.221420e-01 8.459858e-02 1.790641e-01 -1.492254e-02 -1.390435e-02 1.440445e-02 1.000104e+00
2.738095e+01 6.028639e+00 1.216411e-01 8.438101e-02 1.789240e-01 -1.487102e-02 -1.385873e-02 1.435596e-02 1.000103e+00
2.744987e+01 6.013839e+00 1.211438e-01 8.416442e-02 1.787845e-01 -1.481970e-02 -1.381326e-02 1.430763e-02 1.000102e+00
2.751880e+01 5.999122e+00 1.206501e-01 8.394881e-02 1.786456e-01 -1.476855e-02 -1.376793e-02 1.425947e-02 1.000102e+00
2.758772e+01 5.984486e+00 1.201600e-01 8.373416e-02 1.785071e-01 -1.471759e-02 -1.372275e-02 1.421147e-02 1.000101e+00
2.765664e+01 5.969931e+00 1.196733e-01 8.352047e-02 1.783692e-01 -1.466682e-02 -1.367771e-02 1.416363e-02 1.000100e+00
2.772556e+01 5.955456e+00 1.191901e-01 8.330773e-02 1.782318e-01 -1.461622e-02 -1.363281e-02 1.411595e-02 1.000100e+00
2.779449e+01 5.941060e+00 1.187103e-01 8.309594e-02 1.780949e-01 -1.456580e-02 -1.358805e-02 1.406844e-02 1.000099e+00
2.786341e+01 5.926744e+00 1.182339e-01 8.288510e-02 1.779586e-01 -1.451557e-02 -1.354344e-02 1.402108e-02 1.000098e+00
2.793233e+01 5.912506e+00 1.177609e-01 8.267518e-02 1.778227e-01 -1.446551e-02 -1.349896e-02 1.397388e-02 1.000098e+00
2.800125e+01 5.898345e+00 1.172912e-01 8.246620e-02 1.776874e-01 -1.441563e-02 -1.345463e-02 1.392684e-02 1.000097e+00
2.807018e+01 5.884262e+00 1.168248e-01 8.225814e-02 1.775525e-01 -1.436593e-02 -1.341044e-02 1.387996e-02 1.000096e+00
2.813910e+01 5.870254e+00 1.163617e-01 8.205099e-02 1.774182e-01 -1.431640e-02 -1.336638e-02 1.383324e-02 1.000096e+00
2.820802e+01 5.856323e+00 1.159018e-01 8.184475e-02 1.772843e-01 -1.426705e-02 -1.332246e-02 1.378667e-02 1.000095e+00
2.827694e+01 5.842467e+00 1.154451e-01 8.163942e-02 1.771510e-01 -1.421788e-02 -1.327869e-02 1.374026e-02 1.000094e+00
2.834586e+01 5.828686e+00 1.149916e-01 8.143499e-02 1.770182e-01 -1.416887e-02 -1.323505e-02 1.369400e-02 1.000094e+00
2.841479e+01 5.814978e+00 1.145412e-01 8.123145e-02 1.768858e-01 -1.412004e-02 -1.319154e-02 1.364790e-02 1.000093e+00
2.848371e+01 5.801344e+00 1.140940e-01 8.102879e-02 1.767539e-01 -1.407138e-02 -1.314818e-02 1.360195e-02 1.000093e+00
2.855263e+01 5.787783e+00 1.136498e-01 8.082702e-02 1.766226e-01 -1.402290e-02 -1.310495e-02 1.355616e-02 1.000092e+00
2.862155e+01 5.774294e+00 1.132087e-01 8.062612e-02 1.764917e-01 -1.397458e-02 -1.306185e-02 1.351051e-02 1.000091e+00
2.869048e+01 5.760877e+00 1.127706e-01 8.042609e-02 1.763612e-01 -1.392643e-02 -1.301889e-02 1.346502e-02 1.000091e+00
2.875940e+01 5.747531e+00 1.123356e-01 8.022693e-02 1.762313e-01 -1.387846e-02 -1.297607e-02 1.341968e-02 1.000090e+00
2.882832e+01 5.734256e+00 1.119035e-01 8.002862e-02 1.761018e-01 -1.383065e-02 -1.293338e-02 1.337449e-02 1.000089e+00
2.889724e+01 5.721051e+00 1.114743e-01 7.983116e-02 1.759728e-01 -1.378300e-02 -1.289082e-02 1.332945e-02 1.000089e+00
2.896617e+01 5.707915e+00 1.110480e-01 7.963456e-02 1.758443e-01 -1.373553e-02 -1.284840e-02 1.328456e-02 1.000088e+00
2.903509e+01 5.694849e+00 1.106247e-01 7.943879e-02 1.757162e-01 -1.368822e-02 -1.280610e-02 1.323982e-02 1.000088e+00
2.910401e+01 5.681851e+00 1.102042e-01 7.924386e-02 1.755886e-01 -1.364107e-02 -1.276394e-02 1.319522e-02 1.000087e+00
2.917293e+01 5.668920e+00 1.097865e-01 7.904976e-02 1.754615e-01 -1.359409e-02 -1.272192e-02 1.315077e-02 1.000086e+00
2.924185e+01 5.656058e+00 1.093716e-01 7.885649e-02 1.753348e-01 -1.354727e-02 -1.268002e-02 1.310647e-02 1.000086e+00
2.931078e+01 5.643262e+00 1.089596e-01 7.866403e-02 1.752086e-01 -1.350061e-02 -1.263825e-02 1.306232e-02 1.000085e+00
2.937970e+01 5.630533e+00 1.085503e-01 7.847240e-02 1.750828e-01 -1.345412e-02 -1.259661e-02 1.301831e-02 1.000085e+00
2.944862e+01 5.617869e+00 1.081437e-01 7.828157e-02 1.749575e-01 -1.340779e-02 -1.255511e-02 1.297444e-02 1.000084e+00
2.951754e+01 5.605271e+00 1.077398e-01 7.809154e-02 1.748326e-01 -1.336161e-02 -1.251373e-02 1.293072e-02 1.000084e+00
2.958647e+01 5.592738e+00 1.073386e-01 7.790232e-02 1.747082e-01 -1.331560e-02 -1.247248e-02 1.288714e-02 1.000083e+00
2.965539e+01 5.580270e+00 1.069400e-01 7.771389e-02 1.745842e-01 -1.326974e-02 -1.243136e-02 1.284371e-02 1.000082e+00
2.972431e+01 5.567865e+00 1.065441e-01 7.752625e-02 1.744607e-01 -1.322405e-02 -1.239036e-02 1.280042e-02 1.000082e+00
2.979323e+01 5.555524e+00 1.061508e-01 7.733940e-02 1.743376e-01 -1.317851e-02 -1.234949e-02 1.275727e-02 1.000081e+00
2.986216e+01 5.543246e+00 1.057601e-01 7.715332e-02 1.742149e-01 -1.313312e-02 -1.230875e-02 1.271426e-02 1.000081e+00
2.993108e+01 5.531031e+00 1.053720e-01 7.696802e-02 1.740926e-01 -1.308790e-02 -1.226814e-02 1.267139e-02 1.000080e+00
3.000000e+01 5.518877e+00 1.049864e-01 7.678349e-02 1.739708e-01 -1.304282e-02 -1.222765e-02 1.262866e-02 1.000080e+00
