###############PARAM###############
3.000011e+02 
201 
###################################
2.500000e-01 9.710066e+00 1.831862e+01 -1.220350e+00
2.987500e-01 7.450916e+00 1.141038e+01 -8.029289e-01
3.475000e-01 5.928916e+00 8.745134e+00 -7.680342e-01
3.962500e-01 5.113034e+00 6.971384e+00 -6.892670e-01
4.450000e-01 4.489124e+00 5.854215e+00 -6.239849e-01
4.937500e-01 4.044513e+00 5.047980e+00 -5.635866e-01
5.425000e-01 3.693454e+00 4.449142e+00 -5.114523e-01
5.912500e-01 3.414545e+00 3.985346e+00 -4.659389e-01
6.400000e-01 3.185820e+00 3.617044e+00 -4.262648e-01
6.887500e-01 2.995431e+00 3.318093e+00 -3.914840e-01
7.375000e-01 2.834416e+00 3.071162e+00 -3.608456e-01
7.862500e-01 2.696580e+00 2.864149e+00 -3.337164e-01
8.350000e-01 2.577309e+00 2.688391e+00 -3.095777e-01
8.837500e-01 2.473144e+00 2.537522e+00 -2.880010e-01
9.325000e-01 2.381429e+00 2.406767e+00 -2.686322e-01
9.812500e-01 2.300093e+00 2.292478e+00 -2.511763e-01
1.030000e+00 2.227496e+00 2.191823e+00 -2.353864e-01
1.078750e+00 2.162325e+00 2.102573e+00 -2.210543e-01
1.127500e+00 2.103515e+00 2.022951e+00 -2.080042e-01
1.176250e+00 2.050193e+00 1.951525e+00 -1.960858e-01
1.225000e+00 2.001639e+00 1.887127e+00 -1.851706e-01
1.273750e+00 1.957250e+00 1.828798e+00 -1.751480e-01
1.322500e+00 1.916523e+00 1.775742e+00 -1.659224e-01
1.371250e+00 1.879028e+00 1.727296e+00 -1.574108e-01
1.420000e+00 1.844403e+00 1.682898e+00 -1.495409e-01
1.468750e+00 1.812332e+00 1.642075e+00 -1.422492e-01
1.517500e+00 1.782551e+00 1.604424e+00 -1.354801e-01
1.566250e+00 1.754826e+00 1.569597e+00 -1.291846e-01
1.615000e+00 1.728954e+00 1.537296e+00 -1.233192e-01
1.663750e+00 1.704758e+00 1.507263e+00 -1.178454e-01
1.712500e+00 1.682084e+00 1.479272e+00 -1.127288e-01
1.761250e+00 1.660793e+00 1.453126e+00 -1.079391e-01
1.810000e+00 1.640766e+00 1.428653e+00 -1.034489e-01
1.858750e+00 1.621894e+00 1.405701e+00 -9.923351e-02
1.907500e+00 1.604082e+00 1.384135e+00 -9.527096e-02
1.956250e+00 1.587242e+00 1.363837e+00 -9.154149e-02
2.005000e+00 1.571300e+00 1.344699e+00 -8.802701e-02
2.053750e+00 1.556185e+00 1.326627e+00 -8.471116e-02
2.102500e+00 1.541837e+00 1.309536e+00 -8.157934e-02
2.151250e+00 1.528200e+00 1.293350e+00 -7.861813e-02
2.200000e+00 1.515221e+00 1.278000e+00 -7.581534e-02
2.248750e+00 1.502856e+00 1.263424e+00 -7.315997e-02
2.297500e+00 1.491062e+00 1.249566e+00 -7.064185e-02
2.346250e+00 1.479802e+00 1.236375e+00 -6.825160e-02
2.395000e+00 1.469039e+00 1.223805e+00 -6.598060e-02
2.443750e+00 1.458741e+00 1.211814e+00 -6.382110e-02
2.492500e+00 1.448881e+00 1.200363e+00 -6.176599e-02
2.541250e+00 1.439431e+00 1.189418e+00 -5.980881e-02
2.590000e+00 1.430366e+00 1.178945e+00 -5.794333e-02
2.638750e+00 1.421663e+00 1.168916e+00 -5.616361e-02
2.687500e+00 1.413301e+00 1.159303e+00 -5.446451e-02
2.736250e+00 1.405261e+00 1.150081e+00 -5.284139e-02
2.785000e+00 1.397526e+00 1.141228e+00 -5.128982e-02
2.833750e+00 1.390076e+00 1.132721e+00 -4.980570e-02
2.882500e+00 1.382898e+00 1.124541e+00 -4.838510e-02
2.931250e+00 1.375976e+00 1.116671e+00 -4.702442e-02
2.980000e+00 1.369293e+00 1.109092e+00 -4.572029e-02
3.028750e+00 1.362843e+00 1.101789e+00 -4.446963e-02
3.077500e+00 1.356614e+00 1.094748e+00 -4.326951e-02
3.126250e+00 1.350592e+00 1.087955e+00 -4.211729e-02
3.175000e+00 1.344768e+00 1.081397e+00 -4.101041e-02
3.223750e+00 1.339139e+00 1.075062e+00 -3.994658e-02
3.272500e+00 1.333690e+00 1.068940e+00 -3.892354e-02
3.321250e+00 1.328414e+00 1.063019e+00 -3.793923e-02
3.370000e+00 1.323304e+00 1.057291e+00 -3.699188e-02
3.418750e+00 1.318350e+00 1.051745e+00 -3.607962e-02
3.467500e+00 1.313543e+00 1.046374e+00 -3.520067e-02
3.516250e+00 1.308880e+00 1.041170e+00 -3.435353e-02
3.565000e+00 1.304352e+00 1.036124e+00 -3.353672e-02
3.613750e+00 1.299953e+00 1.031230e+00 -3.274867e-02
3.662500e+00 1.295673e+00 1.026481e+00 -3.198801e-02
3.711250e+00 1.291502e+00 1.021871e+00 -3.125340e-02
3.760000e+00 1.287447e+00 1.017394e+00 -3.054373e-02
3.808750e+00 1.283505e+00 1.013045e+00 -2.985790e-02
3.857500e+00 1.279666e+00 1.008817e+00 -2.919491e-02
3.906250e+00 1.275931e+00 1.004706e+00 -2.855390e-02
3.955000e+00 1.272300e+00 1.000708e+00 -2.793382e-02
4.003750e+00 1.268771e+00 9.968168e-01 -2.733370e-02
4.052500e+00 1.265320e+00 9.930295e-01 -2.675267e-02
4.101250e+00 1.261957e+00 9.893415e-01 -2.619002e-02
4.150000e+00 1.258678e+00 9.857492e-01 -2.564503e-02
4.198750e+00 1.255480e+00 9.822488e-01 -2.511688e-02
4.247500e+00 1.252358e+00 9.788369e-01 -2.460489e-02
4.296250e+00 1.249309e+00 9.755102e-01 -2.410838e-02
4.345000e+00 1.246333e+00 9.722656e-01 -2.362680e-02
4.393750e+00 1.243428e+00 9.691001e-01 -2.315957e-02
4.442500e+00 1.240589e+00 9.660108e-01 -2.270610e-02
4.491250e+00 1.237815e+00 9.629951e-01 -2.226584e-02
4.540000e+00 1.235105e+00 9.600505e-01 -2.183808e-02
4.588750e+00 1.232456e+00 9.571743e-01 -2.142243e-02
4.637500e+00 1.229869e+00 9.543642e-01 -2.101876e-02
4.686250e+00 1.227333e+00 9.516181e-01 -2.062651e-02
4.735000e+00 1.224852e+00 9.489338e-01 -2.024498e-02
4.783750e+00 1.222424e+00 9.463092e-01 -1.987392e-02
4.832500e+00 1.220048e+00 9.437424e-01 -1.951306e-02
4.881250e+00 1.217723e+00 9.412315e-01 -1.916191e-02
4.930000e+00 1.215450e+00 9.387747e-01 -1.881997e-02
4.978750e+00 1.213233e+00 9.363703e-01 -1.848692e-02
5.027500e+00 1.211062e+00 9.340166e-01 -1.816272e-02
5.076250e+00 1.208935e+00 9.317120e-01 -1.784711e-02
5.125000e+00 1.206851e+00 9.294550e-01 -1.753978e-02
5.173750e+00 1.204808e+00 9.272441e-01 -1.724048e-02
5.222500e+00 1.202806e+00 9.250781e-01 -1.694884e-02
5.271250e+00 1.200841e+00 9.229555e-01 -1.666443e-02
5.320000e+00 1.198915e+00 9.208750e-01 -1.638700e-02
5.368750e+00 1.197027e+00 9.188355e-01 -1.611649e-02
5.417500e+00 1.195174e+00 9.168356e-01 -1.585270e-02
5.466250e+00 1.193355e+00 9.148743e-01 -1.559542e-02
5.515000e+00 1.191570e+00 9.129506e-01 -1.534423e-02
5.563750e+00 1.189818e+00 9.110632e-01 -1.509893e-02
5.612500e+00 1.188097e+00 9.092112e-01 -1.485953e-02
5.661250e+00 1.186407e+00 9.073936e-01 -1.462590e-02
5.710000e+00 1.184749e+00 9.056095e-01 -1.439768e-02
5.758750e+00 1.183124e+00 9.038579e-01 -1.417469e-02
5.807500e+00 1.181524e+00 9.021380e-01 -1.395699e-02
5.856250e+00 1.179950e+00 9.004491e-01 -1.374410e-02
5.905000e+00 1.178390e+00 8.987900e-01 -1.353577e-02
5.953750e+00 1.176860e+00 8.971603e-01 -1.333215e-02
6.002500e+00 1.175353e+00 8.955589e-01 -1.313316e-02
6.051250e+00 1.173869e+00 8.939854e-01 -1.293870e-02
6.100000e+00 1.172411e+00 8.924389e-01 -1.274851e-02
6.148750e+00 1.170975e+00 8.909186e-01 -1.256244e-02
6.197500e+00 1.169566e+00 8.894242e-01 -1.238036e-02
6.246250e+00 1.168176e+00 8.879547e-01 -1.220217e-02
6.295000e+00 1.166810e+00 8.865096e-01 -1.202789e-02
6.343750e+00 1.165463e+00 8.850883e-01 -1.185745e-02
6.392500e+00 1.164139e+00 8.836904e-01 -1.169051e-02
6.441250e+00 1.162835e+00 8.823150e-01 -1.152697e-02
6.490000e+00 1.161553e+00 8.809618e-01 -1.136690e-02
6.538750e+00 1.160290e+00 8.796302e-01 -1.121016e-02
6.587500e+00 1.159051e+00 8.783196e-01 -1.105662e-02
6.636250e+00 1.157835e+00 8.770297e-01 -1.090616e-02
6.685000e+00 1.156635e+00 8.757598e-01 -1.075869e-02
6.733750e+00 1.155456e+00 8.745096e-01 -1.061423e-02
6.782500e+00 1.154289e+00 8.732786e-01 -1.047273e-02
6.831250e+00 1.153136e+00 8.720663e-01 -1.033405e-02
6.880000e+00 1.151999e+00 8.708724e-01 -1.019799e-02
6.928750e+00 1.150882e+00 8.696964e-01 -1.006453e-02
6.977500e+00 1.149779e+00 8.685379e-01 -9.933805e-03
7.026250e+00 1.148697e+00 8.673966e-01 -9.805701e-03
7.075000e+00 1.147642e+00 8.662720e-01 -9.680035e-03
7.123750e+00 1.146603e+00 8.651637e-01 -9.556826e-03
7.172500e+00 1.145575e+00 8.640715e-01 -9.436069e-03
7.221250e+00 1.144558e+00 8.629950e-01 -9.317610e-03
7.270000e+00 1.143558e+00 8.619338e-01 -9.201236e-03
7.318750e+00 1.142574e+00 8.608877e-01 -9.086881e-03
7.367500e+00 1.141600e+00 8.598563e-01 -8.974673e-03
7.416250e+00 1.140643e+00 8.588392e-01 -8.864635e-03
7.465000e+00 1.139697e+00 8.578363e-01 -8.756671e-03
7.513750e+00 1.138761e+00 8.568472e-01 -8.650658e-03
7.562500e+00 1.137834e+00 8.558716e-01 -8.546437e-03
7.611250e+00 1.136917e+00 8.549093e-01 -8.443981e-03
7.660000e+00 1.136015e+00 8.539599e-01 -8.343390e-03
7.708750e+00 1.135122e+00 8.530233e-01 -8.244571e-03
7.757500e+00 1.134223e+00 8.520992e-01 -8.147557e-03
7.806250e+00 1.133335e+00 8.511874e-01 -8.052266e-03
7.855000e+00 1.132471e+00 8.502875e-01 -7.958610e-03
7.903750e+00 1.131625e+00 8.493994e-01 -7.866590e-03
7.952500e+00 1.130799e+00 8.485228e-01 -7.776127e-03
8.001250e+00 1.129980e+00 8.476575e-01 -7.687186e-03
8.050000e+00 1.129167e+00 8.468033e-01 -7.599733e-03
8.098750e+00 1.128365e+00 8.459600e-01 -7.513764e-03
8.147500e+00 1.127589e+00 8.451273e-01 -7.429300e-03
8.196250e+00 1.126819e+00 8.443050e-01 -7.346341e-03
8.245000e+00 1.126058e+00 8.434931e-01 -7.264737e-03
8.293750e+00 1.125302e+00 8.426912e-01 -7.184529e-03
8.342500e+00 1.124545e+00 8.418993e-01 -7.105661e-03
8.391250e+00 1.123803e+00 8.411170e-01 -7.028009e-03
8.440000e+00 1.123071e+00 8.403443e-01 -6.951603e-03
8.488750e+00 1.122348e+00 8.395809e-01 -6.876442e-03
8.537500e+00 1.121630e+00 8.388267e-01 -6.802560e-03
8.586250e+00 1.120920e+00 8.380816e-01 -6.729834e-03
8.635000e+00 1.120215e+00 8.373453e-01 -6.658138e-03
8.683750e+00 1.119522e+00 8.366178e-01 -6.587509e-03
8.732500e+00 1.118839e+00 8.358988e-01 -6.517941e-03
8.781250e+00 1.118157e+00 8.351882e-01 -6.449457e-03
8.830000e+00 1.117482e+00 8.344858e-01 -6.382110e-03
8.878750e+00 1.116817e+00 8.337917e-01 -6.315793e-03
8.927500e+00 1.116162e+00 8.331054e-01 -6.250474e-03
8.976250e+00 1.115516e+00 8.324270e-01 -6.186214e-03
9.025000e+00 1.114873e+00 8.317564e-01 -6.122949e-03
9.073750e+00 1.114243e+00 8.310933e-01 -6.060627e-03
9.122500e+00 1.113620e+00 8.304376e-01 -5.999316e-03
9.171250e+00 1.113001e+00 8.297893e-01 -5.938897e-03
9.220000e+00 1.112382e+00 8.291482e-01 -5.879316e-03
9.268750e+00 1.111769e+00 8.285142e-01 -5.820612e-03
9.317500e+00 1.111164e+00 8.278872e-01 -5.762797e-03
9.366250e+00 1.110570e+00 8.272670e-01 -5.705920e-03
9.415000e+00 1.109980e+00 8.266535e-01 -5.649873e-03
9.463750e+00 1.109396e+00 8.260467e-01 -5.594664e-03
9.512500e+00 1.108817e+00 8.254464e-01 -5.540289e-03
9.561250e+00 1.108242e+00 8.248526e-01 -5.486654e-03
9.610000e+00 1.107675e+00 8.242651e-01 -5.433780e-03
9.658750e+00 1.107117e+00 8.236838e-01 -5.381622e-03
9.707500e+00 1.106573e+00 8.231085e-01 -5.330226e-03
9.756250e+00 1.106038e+00 8.225395e-01 -5.279366e-03
9.805000e+00 1.105506e+00 8.219752e-01 -5.229951e-03
9.853750e+00 1.104980e+00 8.214202e-01 -5.176930e-03
9.902500e+00 1.104431e+00 8.208500e-01 -5.137691e-03
9.951250e+00 1.103936e+00 8.203475e-01 -4.997251e-03
1.000000e+01 1.103003e+00 8.193690e-01 -5.666300e-03
