10.0 1.1051141194928027 0.010138520971017357 0.010138520971017357
9.905 1.106172455983184 0.010324046015286522 0.010324046015286522
9.81 1.1072522763333317 0.010514706024582089 0.010514706024582089
9.715 1.1083542399342432 0.010710692095957541 0.010710692095957541
9.62 1.1094790333756401 0.01091220429154292 0.01091220429154292
9.525 1.1106273718595134 0.011119452147574687 0.011119452147574687
9.43 1.1118000007025308 0.011332655217437157 0.011332655217437157
9.335 1.11299769693388 0.01155204365133531 0.01155204365133531
9.24 1.1142212709956767 0.011777858815448097 0.011777858815448097
9.145 1.1154715685536813 0.012010353953662654 0.012010353953662654
9.05 1.1167494724267444 0.01224979489526636 0.01224979489526636
8.955 1.1180559046441374 0.012496460812277713 0.012496460812277713
8.86 1.1193918286407434 0.012750645030431577 0.012750645030431577
8.765 1.1207582516009778 0.013012655898203471 0.013012655898203471
8.67 1.1221562269632928 0.013282817718664236 0.013282817718664236
8.575 1.1235868570982206 0.013561471749405633 0.013561471749405633
8.48 1.125051296174097 0.013848977276274137 0.013848977276274137
8.385 1.1265507532259562 0.014145712767199113 0.014145712767199113
8.29 1.1280864954445449 0.014452077113009968 0.014452077113009968
8.195 1.1296598517040446 0.014768490962811229 0.014768490962811229
8.1 1.131272216348899 0.015095398162232555 0.015095398162232555
8.004999999999999 1.132925053262152 0.01543326730370218 0.01543326730370218
7.91 1.134619900239937 0.015782593398816873 0.015782593398816873
7.8149999999999995 1.1363583736992544 0.016143899683910955 0.016143899683910955
7.72 1.1381421737489306 0.01651773957107448 0.01651773957107448
7.625 1.1399730896567735 0.01690469875815178 0.01690469875815178
7.529999999999999 1.1418530057493752 0.017305397512682605 0.017305397512682605
7.4350000000000005 1.1437839077849032 0.017720493146349485 0.017720493146349485
7.34 1.1457678898435535 0.018150682698288907 0.018150682698288907
7.245 1.1478071617852132 0.018596705847635762 0.018596705847635762
7.15 1.1499040573293586 0.019059348077930763 0.019059348077930763
7.055 1.1520610428183684 0.019539444118562007 0.019539444118562007
6.96 1.1542807267323958 0.020037881691274607 0.020037881691274607
6.865 1.1565658700317751 0.020555605593011 0.020555605593011
6.77 1.158919397411819 0.02109362214999105 0.02109362214999105
6.675 1.1613444095649152 0.021653004082066368 0.021653004082066368
6.58 1.1638441965562378 0.02223489582105643 0.02223489582105643
6.484999999999999 1.1664222524323553 0.022840519332076998 0.022840519332076998
6.390000000000001 1.1690822911967877 0.023471180492897908 0.023471180492897908
6.295 1.1718282643034146 0.024128276093228034 0.024128276093228034
6.2 1.1746643798378928 0.024813301523648475 0.024813301523648475
6.105 1.1775951235793105 0.025527859232851776 0.025527859232851776
6.01 1.180625282159611 0.026273668042071183 0.026273668042071183
5.915 1.1837599685674494 0.0270525734173081 0.0270525734173081
5.82 1.1870046502766833 0.027866558813432307 0.027866558813432307
5.725 1.1903651803184798 0.028717758219726473 0.028717758219726473
5.63 1.1938478316608687 0.029608470054317205 0.029608470054317205
5.535 1.1974593353116532 0.030541172575584512 0.030541172575584512
5.4399999999999995 1.2012069226211475 0.031518541002551664 0.031518541002551664
5.345 1.2050983723318305 0.03254346656400614 0.03254346656400614
5.25 1.209142063004578 0.03361907772837514 0.03361907772837514
5.155 1.2133470315479171 0.03474876390400257 0.03474876390400257
5.06 1.2177230386905282 0.03593620194344054 0.03593620194344054
4.965 1.222280642371333 0.03718538583687285 0.03718538583687285
4.87 1.2270312801800949 0.038500660040278085 0.038500660040278085
4.775 1.2319873621695252 0.03988675695517084 0.03988675695517084
4.68 1.2371623755836494 0.04134883916086868 0.04134883916086868
4.585 1.242571003314297 0.04289254709982792 0.04289254709982792
4.49 1.2482292582175076 0.04452405303487331 0.04452405303487331
4.395 1.254154635806246 0.04625012223804598 0.04625012223804598
4.3 1.2603662882998405 0.048078182539169706 0.048078182539169706
4.205 1.2668852235726025 0.05001640356410439 0.05001640356410439
4.11 1.2737345332275845 0.0520737872355081 0.0520737872355081
4.015 1.2809396548561347 0.05426027140212689 0.05426027140212689
3.92 1.2885286745677453 0.056586848817922496 0.056586848817922496
3.825 1.2965326771362693 0.059065704124553045 0.059065704124553045
3.7299999999999995 1.304986152670592 0.061710372018613034 0.061710372018613034
3.635 1.3139274706615454 0.06453592043253449 0.06453592043253449
3.54 1.323399434688275 0.06755916335576943 0.06755916335576943
3.4450000000000003 1.333449934125646 0.07079890891023705 0.07079890891023705
3.3499999999999996 1.344132713063651 0.074276249522093 0.074276249522093
3.255 1.3555082815752262 0.07801490256720137 0.07801490256720137
3.16 1.367645000779133 0.0820416117975517 0.0820416117975517
3.0649999999999995 1.3806203812840803 0.08638662229555563 0.08638662229555563
2.9699999999999998 1.3945226451751007 0.09108424480608739 0.09108424480608739
2.875 1.4094526155469103 0.09617352926800997 0.09617352926800997
2.7800000000000002 1.4255260158589962 0.10169907248589584 0.10169907248589584
2.6849999999999996 1.4428762857065365 0.10771199152812813 0.10771199152812813
2.59 1.4616580522701654 0.1142711031320065 0.1142711031320065
2.495 1.4820514410228949 0.12144436086661305 0.12144436086661305
2.4000000000000004 1.5042674700165737 0.12931061707186642 0.12931061707186642
2.3049999999999997 1.528554856270483 0.1379617971110598 0.1379617971110598
2.21 1.55520868091065 0.1475056013382176 0.1475056013382176
2.115 1.584581527592035 0.15806888844830458 0.15806888844830458
2.0199999999999996 1.6170979507038568 0.16980194707787807 0.16980194707787807
1.9250000000000007 1.6532734839457315 0.18288393747605514 0.18288393747605514
1.83 1.6937399266657305 0.19752989221650408 0.19752989221650408
1.7349999999999994 1.7392794434141825 0.21399982057501246 0.21399982057501246
1.6400000000000006 1.7908712453774664 0.2326106913339188 0.2326106913339188
1.545 1.84975657007921 0.2537524157407985 0.2537524157407985
1.4499999999999993 1.9175308273115825 0.27790948691592077 0.27790948691592077
1.3550000000000004 1.9962770180908431 0.3056907757713378 0.3056907757713378
1.2599999999999998 2.0887635090058363 0.3378713519579877 0.3378713519579877
1.1649999999999991 2.1987451555469812 0.37545248679747517 0.37545248679747517
1.0700000000000003 2.331436090957132 0.41974995768648804 0.41974995768648804
0.9749999999999996 2.494279003131101 0.4725279143083888 0.4725279143083888
0.879999999999999 2.6982504091107953 0.5362090450925663 0.5362090450925663
0.7850000000000001 2.9601888877748164 0.614218642799215 0.614218642799215
0.6899999999999995 3.3072077248712146 0.7115772854755436 0.7115772854755436
0.5950000000000006 3.785712291550959 0.8359882914622202 0.8359882914622202
0.5 4.481689018140052 1.000000011646951 1.000000011646951
