###############PARAM###############
5.000004e+02 
801 
###################################
1.000000e-01 2.666582e+01 9.465529e+01 -2.172945e+00
1.123750e-01 2.129679e+01 6.457177e+01 -1.822604e+00
1.247500e-01 1.773338e+01 5.009507e+01 -1.793277e+00
1.371250e-01 1.532783e+01 3.994492e+01 -1.713951e+00
1.495000e-01 1.355167e+01 3.330225e+01 -1.631384e+00
1.618750e-01 1.220665e+01 2.844409e+01 -1.544738e+00
1.742500e-01 1.112866e+01 2.476786e+01 -1.462125e+00
1.866250e-01 1.024276e+01 2.186796e+01 -1.384784e+00
1.990000e-01 9.496871e+00 1.952359e+01 -1.313438e+00
2.113750e-01 8.859153e+00 1.759008e+01 -1.247838e+00
2.237500e-01 8.306911e+00 1.597106e+01 -1.187559e+00
2.361250e-01 7.823877e+00 1.459827e+01 -1.132093e+00
2.485000e-01 7.397772e+00 1.342190e+01 -1.080948e+00
2.608750e-01 7.019143e+00 1.240463e+01 -1.033673e+00
2.732500e-01 6.680547e+00 1.151784e+01 -9.898661e-01
2.856250e-01 6.376040e+00 1.073927e+01 -9.491710e-01
2.980000e-01 6.100798e+00 1.005134e+01 -9.112764e-01
3.103750e-01 5.850868e+00 9.439964e+00 -8.759088e-01
3.227500e-01 5.622976e+00 8.893767e+00 -8.428277e-01
3.351250e-01 5.414389e+00 8.403441e+00 -8.118220e-01
3.475000e-01 5.222803e+00 7.961322e+00 -7.827057e-01
3.598750e-01 5.046263e+00 7.561041e+00 -7.553136e-01
3.722500e-01 4.883102e+00 7.197271e+00 -7.294997e-01
3.846250e-01 4.731889e+00 6.865520e+00 -7.051339e-01
3.970000e-01 4.591387e+00 6.561983e+00 -6.820997e-01
4.093750e-01 4.460522e+00 6.283412e+00 -6.602931e-01
4.217500e-01 4.338355e+00 6.027026e+00 -6.396206e-01
4.341250e-01 4.224070e+00 5.790427e+00 -6.199980e-01
4.465000e-01 4.116945e+00 5.571538e+00 -6.013493e-01
4.588750e-01 4.016342e+00 5.368555e+00 -5.836056e-01
4.712500e-01 3.921699e+00 5.179902e+00 -5.667045e-01
4.836250e-01 3.832513e+00 5.004198e+00 -5.505891e-01
4.960000e-01 3.748336e+00 4.840228e+00 -5.352076e-01
5.083750e-01 3.668767e+00 4.686919e+00 -5.205128e-01
5.207500e-01 3.593447e+00 4.543321e+00 -5.064611e-01
5.331250e-01 3.522054e+00 4.408589e+00 -4.930126e-01
5.455000e-01 3.454296e+00 4.281972e+00 -4.801311e-01
5.578750e-01 3.389908e+00 4.162797e+00 -4.677826e-01
5.702500e-01 3.328649e+00 4.050460e+00 -4.559362e-01
5.826250e-01 3.270304e+00 3.944423e+00 -4.445632e-01
5.950000e-01 3.214673e+00 3.844197e+00 -4.336371e-01
6.073750e-01 3.161576e+00 3.749340e+00 -4.231334e-01
6.197500e-01 3.110848e+00 3.659457e+00 -4.130291e-01
6.321250e-01 3.062337e+00 3.574184e+00 -4.033031e-01
6.445000e-01 3.015904e+00 3.493195e+00 -3.939356e-01
6.568750e-01 2.971422e+00 3.416191e+00 -3.849081e-01
6.692500e-01 2.928773e+00 3.342899e+00 -3.762034e-01
6.816250e-01 2.887849e+00 3.273071e+00 -3.678053e-01
6.940000e-01 2.848549e+00 3.206479e+00 -3.596992e-01
7.063750e-01 2.810781e+00 3.142914e+00 -3.518708e-01
7.187500e-01 2.774459e+00 3.082185e+00 -3.443068e-01
7.311250e-01 2.739504e+00 3.024114e+00 -3.369949e-01
7.435000e-01 2.705841e+00 2.968539e+00 -3.299235e-01
7.558750e-01 2.673402e+00 2.915311e+00 -3.230817e-01
7.682500e-01 2.642123e+00 2.864291e+00 -3.164591e-01
7.806250e-01 2.611944e+00 2.815350e+00 -3.100461e-01
7.930000e-01 2.582808e+00 2.768370e+00 -3.038336e-01
8.053750e-01 2.554665e+00 2.723241e+00 -2.978128e-01
8.177500e-01 2.527466e+00 2.679860e+00 -2.919756e-01
8.301250e-01 2.501164e+00 2.638133e+00 -2.863143e-01
8.425000e-01 2.475718e+00 2.597971e+00 -2.808218e-01
8.548750e-01 2.451086e+00 2.559291e+00 -2.754911e-01
8.672500e-01 2.427231e+00 2.522016e+00 -2.703156e-01
8.796250e-01 2.404118e+00 2.486075e+00 -2.652891e-01
8.920000e-01 2.381714e+00 2.451400e+00 -2.604058e-01
9.043750e-01 2.359986e+00 2.417929e+00 -2.556602e-01
9.167500e-01 2.338907e+00 2.385602e+00 -2.510469e-01
9.291250e-01 2.318447e+00 2.354364e+00 -2.465608e-01
9.415000e-01 2.298581e+00 2.324164e+00 -2.421972e-01
9.538750e-01 2.279284e+00 2.294952e+00 -2.379515e-01
9.662500e-01 2.260531e+00 2.266684e+00 -2.338195e-01
9.786250e-01 2.242300e+00 2.239315e+00 -2.297967e-01
9.910000e-01 2.224570e+00 2.212806e+00 -2.258791e-01
1.003375e+00 2.207322e+00 2.187119e+00 -2.220630e-01
1.015750e+00 2.190535e+00 2.162216e+00 -2.183452e-01
1.028125e+00 2.174193e+00 2.138065e+00 -2.147220e-01
1.040500e+00 2.158277e+00 2.114633e+00 -2.111902e-01
1.052875e+00 2.142772e+00 2.091889e+00 -2.077467e-01
1.065250e+00 2.127664e+00 2.069805e+00 -2.043885e-01
1.077625e+00 2.112936e+00 2.048354e+00 -2.011128e-01
1.090000e+00 2.098576e+00 2.027509e+00 -1.979169e-01
1.102375e+00 2.084571e+00 2.007247e+00 -1.947979e-01
1.114750e+00 2.070906e+00 1.987544e+00 -1.917535e-01
1.127125e+00 2.057570e+00 1.968379e+00 -1.887812e-01
1.139500e+00 2.044553e+00 1.949730e+00 -1.858786e-01
1.151875e+00 2.031842e+00 1.931578e+00 -1.830436e-01
1.164250e+00 2.019427e+00 1.913903e+00 -1.802740e-01
1.176625e+00 2.007298e+00 1.896689e+00 -1.775679e-01
1.189000e+00 1.995446e+00 1.879917e+00 -1.749232e-01
1.201375e+00 1.983861e+00 1.863571e+00 -1.723380e-01
1.213750e+00 1.972535e+00 1.847637e+00 -1.698105e-01
1.226125e+00 1.961459e+00 1.832099e+00 -1.673390e-01
1.238500e+00 1.950625e+00 1.816943e+00 -1.649219e-01
1.250875e+00 1.940026e+00 1.802156e+00 -1.625576e-01
1.263250e+00 1.929654e+00 1.787724e+00 -1.602444e-01
1.275625e+00 1.919501e+00 1.773636e+00 -1.579809e-01
1.288000e+00 1.909562e+00 1.759881e+00 -1.557657e-01
1.300375e+00 1.899830e+00 1.746445e+00 -1.535972e-01
1.312750e+00 1.890298e+00 1.733320e+00 -1.514744e-01
1.325125e+00 1.880960e+00 1.720495e+00 -1.493959e-01
1.337500e+00 1.871812e+00 1.707959e+00 -1.473604e-01
1.349875e+00 1.862848e+00 1.695704e+00 -1.453667e-01
1.362250e+00 1.854062e+00 1.683720e+00 -1.434135e-01
1.374625e+00 1.845448e+00 1.671999e+00 -1.415000e-01
1.387000e+00 1.837002e+00 1.660533e+00 -1.396250e-01
1.399375e+00 1.828719e+00 1.649313e+00 -1.377874e-01
1.411750e+00 1.820594e+00 1.638333e+00 -1.359861e-01
1.424125e+00 1.812623e+00 1.627584e+00 -1.342203e-01
1.436500e+00 1.804801e+00 1.617060e+00 -1.324891e-01
1.448875e+00 1.797125e+00 1.606753e+00 -1.307916e-01
1.461250e+00 1.789590e+00 1.596658e+00 -1.291267e-01
1.473625e+00 1.782193e+00 1.586769e+00 -1.274936e-01
1.486000e+00 1.774931e+00 1.577078e+00 -1.258919e-01
1.498375e+00 1.767799e+00 1.567581e+00 -1.243204e-01
1.510750e+00 1.760793e+00 1.558271e+00 -1.227781e-01
1.523125e+00 1.753908e+00 1.549144e+00 -1.212646e-01
1.535500e+00 1.747144e+00 1.540194e+00 -1.197791e-01
1.547875e+00 1.740498e+00 1.531417e+00 -1.183209e-01
1.560250e+00 1.733966e+00 1.522807e+00 -1.168894e-01
1.572625e+00 1.727545e+00 1.514361e+00 -1.154839e-01
1.585000e+00 1.721234e+00 1.506072e+00 -1.141038e-01
1.597375e+00 1.715028e+00 1.497938e+00 -1.127485e-01
1.609750e+00 1.708926e+00 1.489954e+00 -1.114173e-01
1.622125e+00 1.702925e+00 1.482116e+00 -1.101097e-01
1.634500e+00 1.697023e+00 1.474420e+00 -1.088253e-01
1.646875e+00 1.691216e+00 1.466863e+00 -1.075633e-01
1.659250e+00 1.685504e+00 1.459440e+00 -1.063236e-01
1.671625e+00 1.679883e+00 1.452149e+00 -1.051056e-01
1.684000e+00 1.674351e+00 1.444986e+00 -1.039085e-01
1.696375e+00 1.668906e+00 1.437947e+00 -1.027317e-01
1.708750e+00 1.663548e+00 1.431030e+00 -1.015750e-01
1.721125e+00 1.658273e+00 1.424232e+00 -1.004378e-01
1.733500e+00 1.653078e+00 1.417549e+00 -9.931951e-02
1.745875e+00 1.647964e+00 1.410979e+00 -9.821989e-02
1.758250e+00 1.642928e+00 1.404519e+00 -9.713845e-02
1.770625e+00 1.637967e+00 1.398167e+00 -9.607476e-02
1.783000e+00 1.633081e+00 1.391919e+00 -9.502862e-02
1.795375e+00 1.628268e+00 1.385773e+00 -9.399955e-02
1.807750e+00 1.623526e+00 1.379728e+00 -9.298721e-02
1.820125e+00 1.618854e+00 1.373779e+00 -9.199121e-02
1.832500e+00 1.614250e+00 1.367926e+00 -9.101116e-02
1.844875e+00 1.609713e+00 1.362166e+00 -9.004665e-02
1.857250e+00 1.605241e+00 1.356497e+00 -8.909760e-02
1.869625e+00 1.600832e+00 1.350916e+00 -8.816384e-02
1.882000e+00 1.596487e+00 1.345423e+00 -8.724488e-02
1.894375e+00 1.592202e+00 1.340014e+00 -8.634026e-02
1.906750e+00 1.587977e+00 1.334687e+00 -8.544959e-02
1.919125e+00 1.583811e+00 1.329442e+00 -8.457250e-02
1.931500e+00 1.579703e+00 1.324276e+00 -8.370884e-02
1.943875e+00 1.575651e+00 1.319188e+00 -8.285852e-02
1.956250e+00 1.571654e+00 1.314175e+00 -8.202114e-02
1.968625e+00 1.567711e+00 1.309237e+00 -8.119625e-02
1.981000e+00 1.563821e+00 1.304371e+00 -8.038367e-02
1.993375e+00 1.559984e+00 1.299576e+00 -7.958334e-02
2.005750e+00 1.556197e+00 1.294851e+00 -7.879488e-02
2.018125e+00 1.552460e+00 1.290193e+00 -7.801816e-02
2.030500e+00 1.548772e+00 1.285603e+00 -7.725296e-02
2.042875e+00 1.545132e+00 1.281077e+00 -7.649920e-02
2.055250e+00 1.541539e+00 1.276615e+00 -7.575645e-02
2.067625e+00 1.537991e+00 1.272216e+00 -7.502427e-02
2.080000e+00 1.534489e+00 1.267878e+00 -7.430262e-02
2.092375e+00 1.531031e+00 1.263600e+00 -7.359135e-02
2.104750e+00 1.527617e+00 1.259381e+00 -7.289033e-02
2.117125e+00 1.524245e+00 1.255220e+00 -7.219936e-02
2.129500e+00 1.520917e+00 1.251115e+00 -7.151829e-02
2.141875e+00 1.517629e+00 1.247065e+00 -7.084698e-02
2.154250e+00 1.514382e+00 1.243070e+00 -7.018516e-02
2.166625e+00 1.511174e+00 1.239128e+00 -6.953259e-02
2.179000e+00 1.508007e+00 1.235238e+00 -6.888910e-02
2.191375e+00 1.504877e+00 1.231400e+00 -6.825432e-02
2.203750e+00 1.501783e+00 1.227611e+00 -6.762819e-02
2.216125e+00 1.498728e+00 1.223872e+00 -6.701056e-02
2.228500e+00 1.495710e+00 1.220181e+00 -6.640135e-02
2.240875e+00 1.492726e+00 1.216537e+00 -6.580045e-02
2.253250e+00 1.489778e+00 1.212940e+00 -6.520766e-02
2.265625e+00 1.486865e+00 1.209389e+00 -6.462300e-02
2.278000e+00 1.483985e+00 1.205882e+00 -6.404634e-02
2.290375e+00 1.481140e+00 1.202419e+00 -6.347731e-02
2.302750e+00 1.478325e+00 1.199000e+00 -6.291578e-02
2.315125e+00 1.475545e+00 1.195623e+00 -6.236172e-02
2.327500e+00 1.472796e+00 1.192287e+00 -6.181507e-02
2.339875e+00 1.470080e+00 1.188992e+00 -6.127566e-02
2.352250e+00 1.467393e+00 1.185738e+00 -6.074315e-02
2.364625e+00 1.464736e+00 1.182522e+00 -6.021748e-02
2.377000e+00 1.462108e+00 1.179346e+00 -5.969856e-02
2.389375e+00 1.459508e+00 1.176207e+00 -5.918625e-02
2.401750e+00 1.456937e+00 1.173106e+00 -5.868058e-02
2.414125e+00 1.454393e+00 1.170041e+00 -5.818141e-02
2.426500e+00 1.451878e+00 1.167013e+00 -5.768871e-02
2.438875e+00 1.449390e+00 1.164020e+00 -5.720246e-02
2.451250e+00 1.446929e+00 1.161062e+00 -5.672239e-02
2.463625e+00 1.444492e+00 1.158138e+00 -5.624824e-02
2.476000e+00 1.442085e+00 1.155248e+00 -5.577984e-02
2.488375e+00 1.439704e+00 1.152390e+00 -5.531704e-02
2.500750e+00 1.437347e+00 1.149566e+00 -5.486004e-02
2.513125e+00 1.435015e+00 1.146773e+00 -5.440873e-02
2.525500e+00 1.432708e+00 1.144012e+00 -5.396301e-02
2.537875e+00 1.430425e+00 1.141282e+00 -5.352291e-02
2.550250e+00 1.428164e+00 1.138582e+00 -5.308814e-02
2.562625e+00 1.425927e+00 1.135912e+00 -5.265854e-02
2.575000e+00 1.423713e+00 1.133272e+00 -5.223417e-02
2.587375e+00 1.421522e+00 1.130660e+00 -5.181500e-02
2.599750e+00 1.419354e+00 1.128077e+00 -5.140083e-02
2.612125e+00 1.417208e+00 1.125522e+00 -5.099187e-02
2.624500e+00 1.415087e+00 1.122995e+00 -5.058793e-02
2.636875e+00 1.412983e+00 1.120495e+00 -5.018865e-02
2.649250e+00 1.410907e+00 1.118021e+00 -4.979402e-02
2.661625e+00 1.408850e+00 1.115574e+00 -4.940400e-02
2.674000e+00 1.406804e+00 1.113153e+00 -4.901850e-02
2.686375e+00 1.404778e+00 1.110757e+00 -4.863740e-02
2.698750e+00 1.402768e+00 1.108386e+00 -4.826071e-02
2.711125e+00 1.400776e+00 1.106041e+00 -4.788838e-02
2.723500e+00 1.398806e+00 1.103719e+00 -4.752033e-02
2.735875e+00 1.396855e+00 1.101422e+00 -4.715653e-02
2.748250e+00 1.394923e+00 1.099148e+00 -4.679690e-02
2.760625e+00 1.393009e+00 1.096897e+00 -4.644135e-02
2.773000e+00 1.391116e+00 1.094669e+00 -4.608985e-02
2.785375e+00 1.389239e+00 1.092464e+00 -4.574234e-02
2.797750e+00 1.387380e+00 1.090281e+00 -4.539878e-02
2.810125e+00 1.385538e+00 1.088120e+00 -4.505906e-02
2.822500e+00 1.383715e+00 1.085980e+00 -4.472312e-02
2.834875e+00 1.381912e+00 1.083862e+00 -4.439089e-02
2.847250e+00 1.380139e+00 1.081765e+00 -4.406240e-02
2.859625e+00 1.378374e+00 1.079688e+00 -4.373758e-02
2.872000e+00 1.376628e+00 1.077632e+00 -4.341630e-02
2.884375e+00 1.374899e+00 1.075595e+00 -4.309854e-02
2.896750e+00 1.373184e+00 1.073579e+00 -4.278437e-02
2.909125e+00 1.371487e+00 1.071582e+00 -4.247379e-02
2.921500e+00 1.369806e+00 1.069604e+00 -4.216665e-02
2.933875e+00 1.368145e+00 1.067645e+00 -4.186282e-02
2.946250e+00 1.366500e+00 1.065704e+00 -4.156224e-02
2.958625e+00 1.364867e+00 1.063782e+00 -4.126481e-02
2.971000e+00 1.363245e+00 1.061878e+00 -4.097051e-02
2.983375e+00 1.361639e+00 1.059992e+00 -4.067936e-02
2.995750e+00 1.360048e+00 1.058124e+00 -4.039133e-02
3.008125e+00 1.358470e+00 1.056273e+00 -4.010635e-02
3.020500e+00 1.356906e+00 1.054439e+00 -3.982442e-02
3.032875e+00 1.355356e+00 1.052622e+00 -3.954551e-02
3.045250e+00 1.353819e+00 1.050822e+00 -3.926939e-02
3.057625e+00 1.352295e+00 1.049038e+00 -3.899612e-02
3.070000e+00 1.350785e+00 1.047270e+00 -3.872568e-02
3.082375e+00 1.349288e+00 1.045519e+00 -3.845805e-02
3.094750e+00 1.347804e+00 1.043783e+00 -3.819320e-02
3.107125e+00 1.346332e+00 1.042062e+00 -3.793111e-02
3.119500e+00 1.344873e+00 1.040358e+00 -3.767164e-02
3.131875e+00 1.343426e+00 1.038668e+00 -3.741472e-02
3.144250e+00 1.341992e+00 1.036993e+00 -3.716037e-02
3.156625e+00 1.340569e+00 1.035334e+00 -3.690872e-02
3.169000e+00 1.339159e+00 1.033688e+00 -3.665984e-02
3.181375e+00 1.337761e+00 1.032057e+00 -3.641353e-02
3.193750e+00 1.336374e+00 1.030441e+00 -3.616976e-02
3.206125e+00 1.334999e+00 1.028838e+00 -3.592856e-02
3.218500e+00 1.333636e+00 1.027249e+00 -3.568976e-02
3.230875e+00 1.332284e+00 1.025674e+00 -3.545320e-02
3.243250e+00 1.330948e+00 1.024112e+00 -3.521895e-02
3.255625e+00 1.329625e+00 1.022564e+00 -3.498695e-02
3.268000e+00 1.328311e+00 1.021029e+00 -3.475714e-02
3.280375e+00 1.327009e+00 1.019507e+00 -3.452957e-02
3.292750e+00 1.325716e+00 1.017997e+00 -3.430420e-02
3.305125e+00 1.324435e+00 1.016501e+00 -3.408102e-02
3.317500e+00 1.323164e+00 1.015017e+00 -3.386003e-02
3.329875e+00 1.321903e+00 1.013545e+00 -3.364128e-02
3.342250e+00 1.320652e+00 1.012085e+00 -3.342469e-02
3.354625e+00 1.319411e+00 1.010638e+00 -3.321015e-02
3.367000e+00 1.318180e+00 1.009202e+00 -3.299763e-02
3.379375e+00 1.316959e+00 1.007778e+00 -3.278722e-02
3.391750e+00 1.315747e+00 1.006366e+00 -3.257891e-02
3.404125e+00 1.314544e+00 1.004965e+00 -3.237256e-02
3.416500e+00 1.313351e+00 1.003575e+00 -3.216813e-02
3.428875e+00 1.312167e+00 1.002197e+00 -3.196568e-02
3.441250e+00 1.310992e+00 1.000830e+00 -3.176511e-02
3.453625e+00 1.309821e+00 9.994738e-01 -3.156612e-02
3.466000e+00 1.308650e+00 9.981283e-01 -3.136884e-02
3.478375e+00 1.307476e+00 9.967936e-01 -3.117336e-02
3.490750e+00 1.306307e+00 9.954695e-01 -3.097961e-02
3.503125e+00 1.305151e+00 9.941559e-01 -3.078766e-02
3.515500e+00 1.304000e+00 9.928526e-01 -3.059746e-02
3.527875e+00 1.302859e+00 9.915595e-01 -3.040901e-02
3.540250e+00 1.301726e+00 9.902764e-01 -3.022228e-02
3.552625e+00 1.300601e+00 9.890034e-01 -3.003724e-02
3.565000e+00 1.299485e+00 9.877403e-01 -2.985388e-02
3.577375e+00 1.298378e+00 9.864869e-01 -2.967222e-02
3.589750e+00 1.297278e+00 9.852432e-01 -2.949218e-02
3.602125e+00 1.296184e+00 9.840089e-01 -2.931377e-02
3.614500e+00 1.295098e+00 9.827841e-01 -2.913703e-02
3.626875e+00 1.294020e+00 9.815686e-01 -2.896187e-02
3.639250e+00 1.292950e+00 9.803624e-01 -2.878824e-02
3.651625e+00 1.291888e+00 9.791652e-01 -2.861616e-02
3.664000e+00 1.290834e+00 9.779770e-01 -2.844565e-02
3.676375e+00 1.289787e+00 9.767979e-01 -2.827670e-02
3.688750e+00 1.288747e+00 9.756274e-01 -2.810940e-02
3.701125e+00 1.287714e+00 9.744657e-01 -2.794370e-02
3.713500e+00 1.286688e+00 9.733125e-01 -2.777962e-02
3.725875e+00 1.285669e+00 9.721679e-01 -2.761715e-02
3.738250e+00 1.284657e+00 9.710318e-01 -2.745597e-02
3.750625e+00 1.283653e+00 9.699039e-01 -2.729603e-02
3.763000e+00 1.282655e+00 9.687843e-01 -2.713739e-02
3.775375e+00 1.281664e+00 9.676730e-01 -2.697988e-02
3.787750e+00 1.280681e+00 9.665696e-01 -2.682369e-02
3.800125e+00 1.279704e+00 9.654743e-01 -2.666891e-02
3.812500e+00 1.278733e+00 9.643868e-01 -2.651546e-02
3.824875e+00 1.277770e+00 9.633072e-01 -2.636341e-02
3.837250e+00 1.276813e+00 9.622352e-01 -2.621264e-02
3.849625e+00 1.275864e+00 9.611709e-01 -2.606313e-02
3.862000e+00 1.274920e+00 9.601143e-01 -2.591481e-02
3.874375e+00 1.273982e+00 9.590651e-01 -2.576767e-02
3.886750e+00 1.273054e+00 9.580233e-01 -2.562182e-02
3.899125e+00 1.272145e+00 9.569888e-01 -2.547723e-02
3.911500e+00 1.271247e+00 9.559616e-01 -2.533389e-02
3.923875e+00 1.270353e+00 9.549415e-01 -2.519171e-02
3.936250e+00 1.269465e+00 9.539286e-01 -2.505068e-02
3.948625e+00 1.268582e+00 9.529226e-01 -2.491093e-02
3.961000e+00 1.267705e+00 9.519236e-01 -2.477232e-02
3.973375e+00 1.266833e+00 9.509314e-01 -2.463482e-02
3.985750e+00 1.265968e+00 9.499460e-01 -2.449845e-02
3.998125e+00 1.265109e+00 9.489674e-01 -2.436320e-02
4.010500e+00 1.264255e+00 9.479955e-01 -2.422905e-02
4.022875e+00 1.263404e+00 9.470302e-01 -2.409600e-02
4.035250e+00 1.262557e+00 9.460713e-01 -2.396406e-02
4.047625e+00 1.261706e+00 9.451190e-01 -2.383318e-02
4.060000e+00 1.260868e+00 9.441732e-01 -2.370330e-02
4.072375e+00 1.260034e+00 9.432336e-01 -2.357453e-02
4.084750e+00 1.259204e+00 9.423003e-01 -2.344688e-02
4.097125e+00 1.258386e+00 9.413732e-01 -2.332027e-02
4.109500e+00 1.257570e+00 9.404522e-01 -2.319463e-02
4.121875e+00 1.256760e+00 9.395374e-01 -2.306995e-02
4.134250e+00 1.255951e+00 9.386286e-01 -2.294625e-02
4.146625e+00 1.255151e+00 9.377257e-01 -2.282373e-02
4.159000e+00 1.254354e+00 9.368288e-01 -2.270233e-02
4.171375e+00 1.253558e+00 9.359377e-01 -2.258190e-02
4.183750e+00 1.252771e+00 9.350525e-01 -2.246235e-02
4.196125e+00 1.251993e+00 9.341730e-01 -2.234369e-02
4.208500e+00 1.251220e+00 9.332991e-01 -2.222627e-02
4.220875e+00 1.250452e+00 9.324310e-01 -2.210996e-02
4.233250e+00 1.249682e+00 9.315683e-01 -2.199456e-02
4.245625e+00 1.248911e+00 9.307113e-01 -2.188007e-02
4.258000e+00 1.248159e+00 9.298597e-01 -2.176633e-02
4.270375e+00 1.247412e+00 9.290136e-01 -2.165321e-02
4.282750e+00 1.246670e+00 9.281728e-01 -2.154072e-02
4.295125e+00 1.245933e+00 9.273373e-01 -2.142903e-02
4.307500e+00 1.245200e+00 9.265071e-01 -2.131831e-02
4.319875e+00 1.244471e+00 9.256822e-01 -2.120849e-02
4.332250e+00 1.243746e+00 9.248624e-01 -2.109953e-02
4.344625e+00 1.243024e+00 9.240477e-01 -2.099145e-02
4.357000e+00 1.242300e+00 9.232381e-01 -2.088425e-02
4.369375e+00 1.241578e+00 9.224336e-01 -2.077792e-02
4.381750e+00 1.240860e+00 9.216341e-01 -2.067231e-02
4.394125e+00 1.240140e+00 9.208394e-01 -2.056747e-02
4.406500e+00 1.239426e+00 9.200497e-01 -2.046336e-02
4.418875e+00 1.238708e+00 9.192648e-01 -2.036001e-02
4.431250e+00 1.237998e+00 9.184849e-01 -2.025747e-02
4.443625e+00 1.237295e+00 9.177095e-01 -2.015585e-02
4.456000e+00 1.236602e+00 9.169390e-01 -2.005520e-02
4.468375e+00 1.235911e+00 9.161731e-01 -1.995535e-02
4.480750e+00 1.235230e+00 9.154118e-01 -1.985628e-02
4.493125e+00 1.234566e+00 9.146552e-01 -1.975785e-02
4.505500e+00 1.233903e+00 9.139031e-01 -1.965983e-02
4.517875e+00 1.233245e+00 9.131555e-01 -1.956229e-02
4.530250e+00 1.232592e+00 9.124123e-01 -1.946547e-02
4.542625e+00 1.231942e+00 9.116736e-01 -1.936939e-02
4.555000e+00 1.231296e+00 9.109393e-01 -1.927408e-02
4.567375e+00 1.230653e+00 9.102092e-01 -1.917957e-02
4.579750e+00 1.230014e+00 9.094836e-01 -1.908574e-02
4.592125e+00 1.229378e+00 9.087621e-01 -1.899254e-02
4.604500e+00 1.228747e+00 9.080450e-01 -1.890002e-02
4.616875e+00 1.228119e+00 9.073320e-01 -1.880813e-02
4.629250e+00 1.227493e+00 9.066233e-01 -1.871686e-02
4.641625e+00 1.226869e+00 9.059186e-01 -1.862625e-02
4.654000e+00 1.226243e+00 9.052179e-01 -1.853640e-02
4.666375e+00 1.225594e+00 9.045215e-01 -1.844707e-02
4.678750e+00 1.224955e+00 9.038289e-01 -1.835838e-02
4.691125e+00 1.224318e+00 9.031405e-01 -1.827049e-02
4.703500e+00 1.223685e+00 9.024560e-01 -1.818323e-02
4.715875e+00 1.223056e+00 9.017753e-01 -1.809660e-02
4.728250e+00 1.222431e+00 9.010987e-01 -1.801044e-02
4.740625e+00 1.221813e+00 9.004258e-01 -1.792496e-02
4.753000e+00 1.221218e+00 8.997568e-01 -1.784040e-02
4.765375e+00 1.220620e+00 8.990915e-01 -1.775643e-02
4.777750e+00 1.220028e+00 8.984301e-01 -1.767296e-02
4.790125e+00 1.219438e+00 8.977723e-01 -1.759005e-02
4.802500e+00 1.218852e+00 8.971182e-01 -1.750781e-02
4.814875e+00 1.218269e+00 8.964678e-01 -1.742612e-02
4.827250e+00 1.217690e+00 8.958210e-01 -1.734490e-02
4.839625e+00 1.217113e+00 8.951779e-01 -1.726429e-02
4.852000e+00 1.216540e+00 8.945383e-01 -1.718424e-02
4.864375e+00 1.215970e+00 8.939022e-01 -1.710476e-02
4.876750e+00 1.215402e+00 8.932697e-01 -1.702584e-02
4.889125e+00 1.214838e+00 8.926406e-01 -1.694741e-02
4.901500e+00 1.214277e+00 8.920150e-01 -1.686949e-02
4.913875e+00 1.213719e+00 8.913928e-01 -1.679211e-02
4.926250e+00 1.213164e+00 8.907740e-01 -1.671528e-02
4.938625e+00 1.212611e+00 8.901586e-01 -1.663901e-02
4.951000e+00 1.212062e+00 8.895466e-01 -1.656322e-02
4.963375e+00 1.211516e+00 8.889378e-01 -1.648799e-02
4.975750e+00 1.210972e+00 8.883324e-01 -1.641329e-02
4.988125e+00 1.210432e+00 8.877302e-01 -1.633915e-02
5.000500e+00 1.209895e+00 8.871312e-01 -1.626571e-02
5.012875e+00 1.209360e+00 8.865355e-01 -1.619283e-02
5.025250e+00 1.208828e+00 8.859429e-01 -1.612049e-02
5.037625e+00 1.208300e+00 8.853535e-01 -1.604861e-02
5.050000e+00 1.207773e+00 8.847672e-01 -1.597711e-02
5.062375e+00 1.207250e+00 8.841841e-01 -1.590605e-02
5.074750e+00 1.206728e+00 8.836040e-01 -1.583553e-02
5.087125e+00 1.206210e+00 8.830270e-01 -1.576562e-02
5.099500e+00 1.205696e+00 8.824530e-01 -1.569625e-02
5.111875e+00 1.205182e+00 8.818820e-01 -1.562733e-02
5.124250e+00 1.204671e+00 8.813141e-01 -1.555878e-02
5.136625e+00 1.204164e+00 8.807491e-01 -1.549056e-02
5.149000e+00 1.203657e+00 8.801870e-01 -1.542268e-02
5.161375e+00 1.203150e+00 8.796279e-01 -1.535508e-02
5.173750e+00 1.202640e+00 8.790717e-01 -1.528782e-02
5.186125e+00 1.202131e+00 8.785184e-01 -1.522102e-02
5.198500e+00 1.201631e+00 8.779680e-01 -1.515465e-02
5.210875e+00 1.201131e+00 8.774203e-01 -1.508869e-02
5.223250e+00 1.200634e+00 8.768755e-01 -1.502319e-02
5.235625e+00 1.200140e+00 8.763335e-01 -1.495810e-02
5.248000e+00 1.199647e+00 8.757942e-01 -1.489341e-02
5.260375e+00 1.199158e+00 8.752577e-01 -1.482921e-02
5.272750e+00 1.198671e+00 8.747239e-01 -1.476543e-02
5.285125e+00 1.198187e+00 8.741929e-01 -1.470197e-02
5.297500e+00 1.197698e+00 8.736645e-01 -1.463893e-02
5.309875e+00 1.197213e+00 8.731388e-01 -1.457633e-02
5.322250e+00 1.196732e+00 8.726157e-01 -1.451419e-02
5.334625e+00 1.196253e+00 8.720953e-01 -1.445244e-02
5.347000e+00 1.195775e+00 8.715774e-01 -1.439100e-02
5.359375e+00 1.195301e+00 8.710622e-01 -1.432991e-02
5.371750e+00 1.194825e+00 8.705496e-01 -1.426920e-02
5.384125e+00 1.194351e+00 8.700394e-01 -1.420890e-02
5.396500e+00 1.193880e+00 8.695319e-01 -1.414896e-02
5.408875e+00 1.193413e+00 8.690268e-01 -1.408942e-02
5.421250e+00 1.192948e+00 8.685242e-01 -1.403026e-02
5.433625e+00 1.192484e+00 8.680241e-01 -1.397145e-02
5.446000e+00 1.192021e+00 8.675265e-01 -1.391299e-02
5.458375e+00 1.191564e+00 8.670313e-01 -1.385492e-02
5.470750e+00 1.191108e+00 8.665385e-01 -1.379721e-02
5.483125e+00 1.190654e+00 8.660482e-01 -1.373985e-02
5.495500e+00 1.190205e+00 8.655602e-01 -1.368287e-02
5.507875e+00 1.189756e+00 8.650746e-01 -1.362622e-02
5.520250e+00 1.189311e+00 8.645914e-01 -1.356995e-02
5.532625e+00 1.188867e+00 8.641105e-01 -1.351399e-02
5.545000e+00 1.188422e+00 8.636319e-01 -1.345834e-02
5.557375e+00 1.187976e+00 8.631556e-01 -1.340307e-02
5.569750e+00 1.187532e+00 8.626816e-01 -1.334820e-02
5.582125e+00 1.187092e+00 8.622099e-01 -1.329360e-02
5.594500e+00 1.186652e+00 8.617404e-01 -1.323931e-02
5.606875e+00 1.186214e+00 8.612732e-01 -1.318535e-02
5.619250e+00 1.185780e+00 8.608082e-01 -1.313171e-02
5.631625e+00 1.185349e+00 8.603454e-01 -1.307848e-02
5.644000e+00 1.184917e+00 8.598848e-01 -1.302560e-02
5.656375e+00 1.184489e+00 8.594263e-01 -1.297298e-02
5.668750e+00 1.184061e+00 8.589701e-01 -1.292066e-02
5.681125e+00 1.183638e+00 8.585160e-01 -1.286867e-02
5.693500e+00 1.183217e+00 8.580640e-01 -1.281699e-02
5.705875e+00 1.182799e+00 8.576142e-01 -1.276556e-02
5.718250e+00 1.182383e+00 8.571664e-01 -1.271444e-02
5.730625e+00 1.181979e+00 8.567207e-01 -1.266364e-02
5.743000e+00 1.181579e+00 8.562771e-01 -1.261315e-02
5.755375e+00 1.181182e+00 8.558356e-01 -1.256295e-02
5.767750e+00 1.180785e+00 8.553960e-01 -1.251304e-02
5.780125e+00 1.180389e+00 8.549586e-01 -1.246345e-02
5.792500e+00 1.179994e+00 8.545230e-01 -1.241416e-02
5.804875e+00 1.179602e+00 8.540896e-01 -1.236514e-02
5.817250e+00 1.179211e+00 8.536580e-01 -1.231637e-02
5.829625e+00 1.178824e+00 8.532285e-01 -1.226793e-02
5.842000e+00 1.178438e+00 8.528009e-01 -1.221976e-02
5.854375e+00 1.178053e+00 8.523753e-01 -1.217187e-02
5.866750e+00 1.177671e+00 8.519516e-01 -1.212424e-02
5.879125e+00 1.177289e+00 8.515298e-01 -1.207690e-02
5.891500e+00 1.176909e+00 8.511099e-01 -1.202983e-02
5.903875e+00 1.176530e+00 8.506919e-01 -1.198302e-02
5.916250e+00 1.176153e+00 8.502757e-01 -1.193649e-02
5.928625e+00 1.175780e+00 8.498615e-01 -1.189026e-02
5.941000e+00 1.175406e+00 8.494491e-01 -1.184428e-02
5.953375e+00 1.175014e+00 8.490386e-01 -1.179854e-02
5.965750e+00 1.174627e+00 8.486299e-01 -1.175307e-02
5.978125e+00 1.174240e+00 8.482230e-01 -1.170787e-02
5.990500e+00 1.173856e+00 8.478179e-01 -1.166293e-02
6.002875e+00 1.173472e+00 8.474146e-01 -1.161824e-02
6.015250e+00 1.173090e+00 8.470131e-01 -1.157383e-02
6.027625e+00 1.172713e+00 8.466134e-01 -1.152964e-02
6.040000e+00 1.172334e+00 8.462154e-01 -1.148570e-02
6.052375e+00 1.171958e+00 8.458192e-01 -1.144202e-02
6.064750e+00 1.171583e+00 8.454247e-01 -1.139858e-02
6.077125e+00 1.171209e+00 8.450320e-01 -1.135546e-02
6.089500e+00 1.170836e+00 8.446410e-01 -1.131261e-02
6.101875e+00 1.170466e+00 8.442516e-01 -1.126998e-02
6.114250e+00 1.170098e+00 8.438640e-01 -1.122759e-02
6.126625e+00 1.169735e+00 8.434781e-01 -1.118545e-02
6.139000e+00 1.169371e+00 8.430938e-01 -1.114349e-02
6.151375e+00 1.169009e+00 8.427112e-01 -1.110174e-02
6.163750e+00 1.168647e+00 8.423302e-01 -1.106030e-02
6.176125e+00 1.168284e+00 8.419509e-01 -1.101911e-02
6.188500e+00 1.167923e+00 8.415732e-01 -1.097817e-02
6.200875e+00 1.167567e+00 8.411972e-01 -1.093756e-02
6.213250e+00 1.167211e+00 8.408227e-01 -1.089727e-02
6.225625e+00 1.166856e+00 8.404498e-01 -1.085723e-02
6.238000e+00 1.166503e+00 8.400786e-01 -1.081729e-02
6.250375e+00 1.166154e+00 8.397089e-01 -1.077745e-02
6.262750e+00 1.165804e+00 8.393408e-01 -1.073772e-02
6.275125e+00 1.165455e+00 8.389742e-01 -1.069817e-02
6.287500e+00 1.165107e+00 8.386092e-01 -1.065891e-02
6.299875e+00 1.164757e+00 8.382458e-01 -1.061982e-02
6.312250e+00 1.164409e+00 8.378839e-01 -1.058093e-02
6.324625e+00 1.164064e+00 8.375235e-01 -1.054233e-02
6.337000e+00 1.163721e+00 8.371646e-01 -1.050394e-02
6.349375e+00 1.163387e+00 8.368072e-01 -1.046573e-02
6.361750e+00 1.163066e+00 8.364513e-01 -1.042768e-02
6.374125e+00 1.162759e+00 8.360968e-01 -1.038979e-02
6.386500e+00 1.162452e+00 8.357438e-01 -1.035214e-02
6.398875e+00 1.162142e+00 8.353923e-01 -1.031471e-02
6.411250e+00 1.161835e+00 8.350423e-01 -1.027753e-02
6.423625e+00 1.161529e+00 8.346937e-01 -1.024053e-02
6.436000e+00 1.161218e+00 8.343465e-01 -1.020365e-02
6.448375e+00 1.160904e+00 8.340007e-01 -1.016700e-02
6.460750e+00 1.160597e+00 8.336563e-01 -1.013057e-02
6.473125e+00 1.160296e+00 8.333134e-01 -1.009432e-02
6.485500e+00 1.159991e+00 8.329718e-01 -1.005828e-02
6.497875e+00 1.159681e+00 8.326316e-01 -1.002244e-02
6.510250e+00 1.159357e+00 8.322929e-01 -9.986783e-03
6.522625e+00 1.159031e+00 8.319555e-01 -9.951363e-03
6.535000e+00 1.158709e+00 8.316194e-01 -9.916184e-03
6.547375e+00 1.158373e+00 8.312848e-01 -9.881108e-03
6.559750e+00 1.158044e+00 8.309515e-01 -9.846191e-03
6.572125e+00 1.157722e+00 8.306195e-01 -9.811457e-03
6.584500e+00 1.157400e+00 8.302889e-01 -9.776878e-03
6.596875e+00 1.157080e+00 8.299596e-01 -9.742460e-03
6.609250e+00 1.156760e+00 8.296316e-01 -9.708203e-03
6.621625e+00 1.156442e+00 8.293049e-01 -9.674120e-03
6.634000e+00 1.156126e+00 8.289795e-01 -9.640221e-03
6.646375e+00 1.155811e+00 8.286555e-01 -9.606481e-03
6.658750e+00 1.155498e+00 8.283327e-01 -9.572977e-03
6.671125e+00 1.155191e+00 8.280112e-01 -9.539683e-03
6.683500e+00 1.154880e+00 8.276910e-01 -9.506473e-03
6.695875e+00 1.154583e+00 8.273720e-01 -9.473497e-03
6.708250e+00 1.154303e+00 8.270543e-01 -9.440750e-03
6.720625e+00 1.154018e+00 8.267378e-01 -9.408194e-03
6.733000e+00 1.153732e+00 8.264226e-01 -9.375885e-03
6.745375e+00 1.153445e+00 8.261087e-01 -9.343728e-03
6.757750e+00 1.153159e+00 8.257959e-01 -9.311708e-03
6.770125e+00 1.152875e+00 8.254844e-01 -9.279915e-03
6.782500e+00 1.152591e+00 8.251741e-01 -9.248407e-03
6.794875e+00 1.152310e+00 8.248650e-01 -9.217173e-03
6.807250e+00 1.152034e+00 8.245571e-01 -9.186135e-03
6.819625e+00 1.151755e+00 8.242503e-01 -9.155209e-03
6.832000e+00 1.151476e+00 8.239448e-01 -9.124489e-03
6.844375e+00 1.151192e+00 8.236405e-01 -9.093852e-03
6.856750e+00 1.150895e+00 8.233372e-01 -9.063279e-03
6.869125e+00 1.150603e+00 8.230352e-01 -9.032880e-03
6.881500e+00 1.150310e+00 8.227343e-01 -9.002739e-03
6.893875e+00 1.150024e+00 8.224346e-01 -8.972838e-03
6.906250e+00 1.149744e+00 8.221361e-01 -8.943042e-03
6.918625e+00 1.149463e+00 8.218386e-01 -8.913478e-03
6.931000e+00 1.149200e+00 8.215424e-01 -8.884041e-03
6.943375e+00 1.148937e+00 8.212471e-01 -8.854674e-03
6.955750e+00 1.148674e+00 8.209531e-01 -8.825426e-03
6.968125e+00 1.148414e+00 8.206602e-01 -8.796136e-03
6.980500e+00 1.148150e+00 8.203683e-01 -8.766864e-03
6.992875e+00 1.147884e+00 8.200776e-01 -8.737788e-03
7.005250e+00 1.147624e+00 8.197879e-01 -8.708927e-03
7.017625e+00 1.147364e+00 8.194994e-01 -8.680227e-03
7.030000e+00 1.147104e+00 8.192119e-01 -8.651688e-03
7.042375e+00 1.146846e+00 8.189255e-01 -8.623214e-03
7.054750e+00 1.146590e+00 8.186401e-01 -8.594911e-03
7.067125e+00 1.146331e+00 8.183558e-01 -8.566828e-03
7.079500e+00 1.146074e+00 8.180726e-01 -8.538760e-03
7.091875e+00 1.145816e+00 8.177904e-01 -8.510702e-03
7.104250e+00 1.145557e+00 8.175093e-01 -8.482708e-03
7.116625e+00 1.145286e+00 8.172292e-01 -8.454921e-03
7.129000e+00 1.145006e+00 8.169502e-01 -8.427332e-03
7.141375e+00 1.144733e+00 8.166721e-01 -8.399881e-03
7.153750e+00 1.144458e+00 8.163952e-01 -8.372564e-03
7.166125e+00 1.144185e+00 8.161192e-01 -8.345291e-03
7.178500e+00 1.143909e+00 8.158442e-01 -8.318160e-03
7.190875e+00 1.143639e+00 8.155703e-01 -8.291153e-03
7.203250e+00 1.143366e+00 8.152974e-01 -8.264220e-03
7.215625e+00 1.143099e+00 8.150254e-01 -8.237409e-03
7.228000e+00 1.142831e+00 8.147545e-01 -8.210758e-03
7.240375e+00 1.142565e+00 8.144846e-01 -8.184273e-03
7.252750e+00 1.142301e+00 8.142156e-01 -8.157953e-03
7.265125e+00 1.142038e+00 8.139476e-01 -8.131883e-03
7.277500e+00 1.141778e+00 8.136805e-01 -8.106110e-03
7.289875e+00 1.141520e+00 8.134145e-01 -8.080594e-03
7.302250e+00 1.141263e+00 8.131494e-01 -8.055206e-03
7.314625e+00 1.141010e+00 8.128853e-01 -8.029735e-03
7.327000e+00 1.140760e+00 8.126220e-01 -8.004240e-03
7.339375e+00 1.140504e+00 8.123598e-01 -7.978900e-03
7.351750e+00 1.140250e+00 8.120985e-01 -7.953641e-03
7.364125e+00 1.139993e+00 8.118381e-01 -7.928441e-03
7.376500e+00 1.139744e+00 8.115787e-01 -7.903315e-03
7.388875e+00 1.139504e+00 8.113201e-01 -7.878369e-03
7.401250e+00 1.139266e+00 8.110625e-01 -7.853655e-03
7.413625e+00 1.139017e+00 8.108059e-01 -7.829088e-03
7.426000e+00 1.138759e+00 8.105500e-01 -7.804750e-03
7.438375e+00 1.138502e+00 8.102952e-01 -7.780573e-03
7.450750e+00 1.138245e+00 8.100412e-01 -7.756367e-03
7.463125e+00 1.137989e+00 8.097882e-01 -7.732182e-03
7.475500e+00 1.137739e+00 8.095360e-01 -7.708107e-03
7.487875e+00 1.137488e+00 8.092847e-01 -7.684200e-03
7.500250e+00 1.137241e+00 8.090343e-01 -7.660457e-03
7.512625e+00 1.136998e+00 8.087848e-01 -7.636823e-03
7.525000e+00 1.136762e+00 8.085361e-01 -7.613224e-03
7.537375e+00 1.136531e+00 8.082883e-01 -7.589685e-03
7.549750e+00 1.136289e+00 8.080414e-01 -7.566211e-03
7.562125e+00 1.136028e+00 8.077954e-01 -7.542761e-03
7.574500e+00 1.135768e+00 8.075501e-01 -7.519503e-03
7.586875e+00 1.135516e+00 8.073058e-01 -7.496461e-03
7.599250e+00 1.135271e+00 8.070623e-01 -7.473585e-03
7.611625e+00 1.135022e+00 8.068196e-01 -7.450852e-03
7.624000e+00 1.134770e+00 8.065778e-01 -7.428163e-03
7.636375e+00 1.134519e+00 8.063368e-01 -7.405472e-03
7.648750e+00 1.134269e+00 8.060966e-01 -7.382971e-03
7.661125e+00 1.134019e+00 8.058573e-01 -7.360792e-03
7.673500e+00 1.133770e+00 8.056188e-01 -7.338759e-03
7.685875e+00 1.133521e+00 8.053812e-01 -7.316771e-03
7.698250e+00 1.133270e+00 8.051443e-01 -7.294862e-03
7.710625e+00 1.133020e+00 8.049082e-01 -7.273077e-03
7.723000e+00 1.132778e+00 8.046730e-01 -7.251407e-03
7.735375e+00 1.132540e+00 8.044386e-01 -7.229722e-03
7.747750e+00 1.132301e+00 8.042049e-01 -7.208095e-03
7.760125e+00 1.132060e+00 8.039720e-01 -7.186565e-03
7.772500e+00 1.131819e+00 8.037400e-01 -7.164985e-03
7.784875e+00 1.131583e+00 8.035087e-01 -7.143467e-03
7.797250e+00 1.131353e+00 8.032782e-01 -7.122208e-03
7.809625e+00 1.131124e+00 8.030485e-01 -7.101195e-03
7.822000e+00 1.130895e+00 8.028195e-01 -7.080209e-03
7.834375e+00 1.130671e+00 8.025914e-01 -7.059137e-03
7.846750e+00 1.130463e+00 8.023639e-01 -7.038014e-03
7.859125e+00 1.130258e+00 8.021373e-01 -7.016941e-03
7.871500e+00 1.130055e+00 8.019114e-01 -6.996029e-03
7.883875e+00 1.129854e+00 8.016862e-01 -6.975316e-03
7.896250e+00 1.129642e+00 8.014618e-01 -6.954769e-03
7.908625e+00 1.129412e+00 8.012381e-01 -6.934325e-03
7.921000e+00 1.129183e+00 8.010152e-01 -6.913931e-03
7.933375e+00 1.128958e+00 8.007930e-01 -6.893640e-03
7.945750e+00 1.128734e+00 8.005716e-01 -6.873395e-03
7.958125e+00 1.128515e+00 8.003508e-01 -6.853222e-03
7.970500e+00 1.128308e+00 8.001309e-01 -6.833117e-03
7.982875e+00 1.128137e+00 7.999116e-01 -6.812979e-03
7.995250e+00 1.127967e+00 7.996930e-01 -6.792971e-03
8.007625e+00 1.127797e+00 7.994752e-01 -6.773054e-03
8.020000e+00 1.127628e+00 7.992580e-01 -6.753210e-03
8.032375e+00 1.127458e+00 7.990416e-01 -6.733588e-03
8.044750e+00 1.127286e+00 7.988258e-01 -6.714155e-03
8.057125e+00 1.127120e+00 7.986108e-01 -6.694695e-03
8.069500e+00 1.126957e+00 7.983964e-01 -6.675167e-03
8.081875e+00 1.126807e+00 7.981827e-01 -6.655735e-03
8.094250e+00 1.126679e+00 7.979697e-01 -6.636533e-03
8.106625e+00 1.126536e+00 7.977574e-01 -6.617580e-03
8.119000e+00 1.126400e+00 7.975457e-01 -6.598718e-03
8.131375e+00 1.126264e+00 7.973347e-01 -6.579867e-03
8.143750e+00 1.126095e+00 7.971245e-01 -6.560975e-03
8.156125e+00 1.125918e+00 7.969148e-01 -6.542042e-03
8.168500e+00 1.125752e+00 7.967058e-01 -6.523176e-03
8.180875e+00 1.125567e+00 7.964975e-01 -6.504385e-03
8.193250e+00 1.125386e+00 7.962898e-01 -6.485669e-03
8.205625e+00 1.125205e+00 7.960828e-01 -6.467113e-03
8.218000e+00 1.125023e+00 7.958765e-01 -6.448686e-03
8.230375e+00 1.124840e+00 7.956708e-01 -6.430320e-03
8.242750e+00 1.124645e+00 7.954658e-01 -6.412058e-03
8.255125e+00 1.124441e+00 7.952614e-01 -6.393958e-03
8.267500e+00 1.124235e+00 7.950577e-01 -6.376044e-03
8.279875e+00 1.124031e+00 7.948546e-01 -6.358279e-03
8.292250e+00 1.123827e+00 7.946522e-01 -6.340497e-03
8.304625e+00 1.123623e+00 7.944504e-01 -6.322690e-03
8.317000e+00 1.123422e+00 7.942491e-01 -6.305066e-03
8.329375e+00 1.123224e+00 7.940486e-01 -6.287549e-03
8.341750e+00 1.123033e+00 7.938487e-01 -6.269903e-03
8.354125e+00 1.122847e+00 7.936495e-01 -6.252163e-03
8.366500e+00 1.122661e+00 7.934508e-01 -6.234548e-03
8.378875e+00 1.122484e+00 7.932527e-01 -6.217135e-03
8.391250e+00 1.122294e+00 7.930553e-01 -6.199843e-03
8.403625e+00 1.122106e+00 7.928585e-01 -6.182697e-03
8.416000e+00 1.121910e+00 7.926623e-01 -6.165799e-03
8.428375e+00 1.121715e+00 7.924667e-01 -6.149084e-03
8.440750e+00 1.121522e+00 7.922717e-01 -6.132424e-03
8.453125e+00 1.121333e+00 7.920773e-01 -6.115689e-03
8.465500e+00 1.121153e+00 7.918835e-01 -6.098877e-03
8.477875e+00 1.120982e+00 7.916904e-01 -6.082007e-03
8.490250e+00 1.120816e+00 7.914978e-01 -6.065064e-03
8.502625e+00 1.120650e+00 7.913057e-01 -6.048240e-03
8.515000e+00 1.120483e+00 7.911143e-01 -6.031662e-03
8.527375e+00 1.120314e+00 7.909235e-01 -6.015171e-03
8.539750e+00 1.120142e+00 7.907333e-01 -5.998600e-03
8.552125e+00 1.119959e+00 7.905435e-01 -5.982154e-03
8.564500e+00 1.119779e+00 7.903545e-01 -5.965928e-03
8.576875e+00 1.119606e+00 7.901660e-01 -5.949736e-03
8.589250e+00 1.119434e+00 7.899780e-01 -5.933584e-03
8.601625e+00 1.119262e+00 7.897906e-01 -5.917509e-03
8.614000e+00 1.119093e+00 7.896038e-01 -5.901534e-03
8.626375e+00 1.118924e+00 7.894176e-01 -5.885637e-03
8.638750e+00 1.118756e+00 7.892319e-01 -5.869696e-03
8.651125e+00 1.118592e+00 7.890467e-01 -5.853822e-03
8.663500e+00 1.118431e+00 7.888622e-01 -5.838102e-03
8.675875e+00 1.118268e+00 7.886782e-01 -5.822370e-03
8.688250e+00 1.118101e+00 7.884947e-01 -5.806654e-03
8.700625e+00 1.117927e+00 7.883118e-01 -5.790968e-03
8.713000e+00 1.117756e+00 7.881295e-01 -5.775133e-03
8.725375e+00 1.117587e+00 7.879476e-01 -5.759247e-03
8.737750e+00 1.117413e+00 7.877663e-01 -5.743563e-03
8.750125e+00 1.117234e+00 7.875855e-01 -5.728165e-03
8.762500e+00 1.117057e+00 7.874054e-01 -5.712950e-03
8.774875e+00 1.116888e+00 7.872257e-01 -5.697888e-03
8.787250e+00 1.116722e+00 7.870465e-01 -5.683021e-03
8.799625e+00 1.116572e+00 7.868679e-01 -5.668276e-03
8.812000e+00 1.116417e+00 7.866898e-01 -5.653562e-03
8.824375e+00 1.116257e+00 7.865123e-01 -5.638820e-03
8.836750e+00 1.116094e+00 7.863352e-01 -5.624202e-03
8.849125e+00 1.115933e+00 7.861587e-01 -5.609623e-03
8.861500e+00 1.115781e+00 7.859827e-01 -5.594964e-03
8.873875e+00 1.115622e+00 7.858072e-01 -5.580235e-03
8.886250e+00 1.115451e+00 7.856323e-01 -5.565424e-03
8.898625e+00 1.115290e+00 7.854578e-01 -5.550731e-03
8.911000e+00 1.115128e+00 7.852838e-01 -5.536203e-03
8.923375e+00 1.114966e+00 7.851104e-01 -5.521740e-03
8.935750e+00 1.114809e+00 7.849374e-01 -5.507440e-03
8.948125e+00 1.114648e+00 7.847650e-01 -5.493336e-03
8.960500e+00 1.114485e+00 7.845931e-01 -5.479178e-03
8.972875e+00 1.114324e+00 7.844217e-01 -5.464873e-03
8.985250e+00 1.114166e+00 7.842507e-01 -5.450559e-03
8.997625e+00 1.114020e+00 7.840803e-01 -5.436382e-03
9.010000e+00 1.113870e+00 7.839103e-01 -5.422412e-03
9.022375e+00 1.113701e+00 7.837409e-01 -5.408546e-03
9.034750e+00 1.113541e+00 7.835718e-01 -5.394749e-03
9.047125e+00 1.113372e+00 7.834034e-01 -5.381017e-03
9.059500e+00 1.113205e+00 7.832353e-01 -5.367364e-03
9.071875e+00 1.113045e+00 7.830678e-01 -5.353792e-03
9.084250e+00 1.112882e+00 7.829008e-01 -5.340292e-03
9.096625e+00 1.112728e+00 7.827342e-01 -5.326851e-03
9.109000e+00 1.112572e+00 7.825681e-01 -5.313418e-03
9.121375e+00 1.112433e+00 7.824025e-01 -5.300062e-03
9.133750e+00 1.112295e+00 7.822373e-01 -5.286743e-03
9.146125e+00 1.112156e+00 7.820727e-01 -5.273389e-03
9.158500e+00 1.112018e+00 7.819085e-01 -5.260054e-03
9.170875e+00 1.111879e+00 7.817447e-01 -5.246812e-03
9.183250e+00 1.111736e+00 7.815814e-01 -5.233679e-03
9.195625e+00 1.111578e+00 7.814186e-01 -5.220634e-03
9.208000e+00 1.111429e+00 7.812562e-01 -5.207551e-03
9.220375e+00 1.111275e+00 7.810943e-01 -5.194453e-03
9.232750e+00 1.111130e+00 7.809328e-01 -5.181484e-03
9.245125e+00 1.110971e+00 7.807719e-01 -5.168510e-03
9.257500e+00 1.110809e+00 7.806113e-01 -5.155532e-03
9.269875e+00 1.110655e+00 7.804512e-01 -5.142706e-03
9.282250e+00 1.110506e+00 7.802915e-01 -5.130022e-03
9.294625e+00 1.110355e+00 7.801323e-01 -5.117393e-03
9.307000e+00 1.110206e+00 7.799736e-01 -5.104723e-03
9.319375e+00 1.110078e+00 7.798153e-01 -5.092056e-03
9.331750e+00 1.109944e+00 7.796574e-01 -5.079468e-03
9.344125e+00 1.109809e+00 7.794999e-01 -5.067008e-03
9.356500e+00 1.109663e+00 7.793429e-01 -5.054590e-03
9.368875e+00 1.109515e+00 7.791863e-01 -5.042233e-03
9.381250e+00 1.109369e+00 7.790302e-01 -5.029918e-03
9.393625e+00 1.109223e+00 7.788745e-01 -5.017550e-03
9.406000e+00 1.109064e+00 7.787192e-01 -5.005270e-03
9.418375e+00 1.108914e+00 7.785643e-01 -4.993113e-03
9.430750e+00 1.108759e+00 7.784099e-01 -4.981052e-03
9.443125e+00 1.108608e+00 7.782559e-01 -4.969009e-03
9.455500e+00 1.108456e+00 7.781024e-01 -4.956828e-03
9.467875e+00 1.108309e+00 7.779492e-01 -4.944639e-03
9.480250e+00 1.108158e+00 7.777965e-01 -4.932604e-03
9.492625e+00 1.107997e+00 7.776441e-01 -4.920702e-03
9.505000e+00 1.107832e+00 7.774923e-01 -4.908823e-03
9.517375e+00 1.107669e+00 7.773408e-01 -4.896870e-03
9.529750e+00 1.107510e+00 7.771897e-01 -4.884935e-03
9.542125e+00 1.107363e+00 7.770391e-01 -4.873097e-03
9.554500e+00 1.107212e+00 7.768889e-01 -4.861279e-03
9.566875e+00 1.107062e+00 7.767390e-01 -4.849473e-03
9.579250e+00 1.106914e+00 7.765896e-01 -4.837714e-03
9.591625e+00 1.106764e+00 7.764406e-01 -4.826041e-03
9.604000e+00 1.106623e+00 7.762920e-01 -4.814471e-03
9.616375e+00 1.106483e+00 7.761438e-01 -4.802994e-03
9.628750e+00 1.106350e+00 7.759960e-01 -4.791572e-03
9.641125e+00 1.106220e+00 7.758485e-01 -4.780164e-03
9.653500e+00 1.106090e+00 7.757015e-01 -4.768755e-03
9.665875e+00 1.105959e+00 7.755549e-01 -4.757451e-03
9.678250e+00 1.105832e+00 7.754087e-01 -4.746248e-03
9.690625e+00 1.105704e+00 7.752628e-01 -4.735087e-03
9.703000e+00 1.105566e+00 7.751174e-01 -4.723984e-03
9.715375e+00 1.105417e+00 7.749723e-01 -4.712854e-03
9.727750e+00 1.105279e+00 7.748276e-01 -4.701763e-03
9.740125e+00 1.105144e+00 7.746833e-01 -4.690759e-03
9.752500e+00 1.105020e+00 7.745394e-01 -4.679751e-03
9.764875e+00 1.104899e+00 7.743959e-01 -4.668754e-03
9.777250e+00 1.104769e+00 7.742527e-01 -4.657804e-03
9.789625e+00 1.104621e+00 7.741099e-01 -4.646931e-03
9.802000e+00 1.104484e+00 7.739675e-01 -4.636134e-03
9.814375e+00 1.104356e+00 7.738255e-01 -4.625308e-03
9.826750e+00 1.104227e+00 7.736839e-01 -4.614566e-03
9.839125e+00 1.104102e+00 7.735426e-01 -4.603908e-03
9.851500e+00 1.103993e+00 7.734017e-01 -4.593296e-03
9.863875e+00 1.103880e+00 7.732612e-01 -4.582682e-03
9.876250e+00 1.103768e+00 7.731210e-01 -4.572062e-03
9.888625e+00 1.103658e+00 7.729812e-01 -4.561519e-03
9.901000e+00 1.103542e+00 7.728418e-01 -4.551004e-03
9.913375e+00 1.103374e+00 7.727027e-01 -4.540564e-03
9.925750e+00 1.103218e+00 7.725640e-01 -4.530170e-03
9.938125e+00 1.103065e+00 7.724257e-01 -4.519793e-03
9.950500e+00 1.102960e+00 7.722877e-01 -4.509522e-03
9.962875e+00 1.102861e+00 7.721503e-01 -4.499145e-03
9.975250e+00 1.102755e+00 7.720127e-01 -4.490148e-03
9.987625e+00 1.102648e+00 7.718816e-01 -4.478489e-03
1.000000e+01 1.102489e+00 7.717380e-01 -4.535191e-03
