###############PARAM###############
2.000004e+02 
801 
###################################
1.000000e-01 2.666588e+01 9.465470e+01 -2.172958e+00
1.123750e-01 2.129677e+01 6.457099e+01 -1.822627e+00
1.247500e-01 1.773324e+01 5.009393e+01 -1.793307e+00
1.371250e-01 1.532766e+01 3.994381e+01 -1.713988e+00
1.495000e-01 1.355151e+01 3.330127e+01 -1.631421e+00
1.618750e-01 1.220651e+01 2.844326e+01 -1.544773e+00
1.742500e-01 1.112854e+01 2.476717e+01 -1.462157e+00
1.866250e-01 1.024266e+01 2.186739e+01 -1.384814e+00
1.990000e-01 9.496790e+00 1.952311e+01 -1.313465e+00
2.113750e-01 8.859086e+00 1.758968e+01 -1.247863e+00
2.237500e-01 8.306855e+00 1.597072e+01 -1.187582e+00
2.361250e-01 7.823831e+00 1.459797e+01 -1.132114e+00
2.485000e-01 7.397732e+00 1.342164e+01 -1.080969e+00
2.608750e-01 7.019106e+00 1.240439e+01 -1.033693e+00
2.732500e-01 6.680515e+00 1.151762e+01 -9.898848e-01
2.856250e-01 6.376012e+00 1.073908e+01 -9.491888e-01
2.980000e-01 6.100775e+00 1.005117e+01 -9.112933e-01
3.103750e-01 5.850846e+00 9.439812e+00 -8.759253e-01
3.227500e-01 5.622955e+00 8.893625e+00 -8.428439e-01
3.351250e-01 5.414369e+00 8.403308e+00 -8.118380e-01
3.475000e-01 5.222784e+00 7.961196e+00 -7.827214e-01
3.598750e-01 5.046245e+00 7.560924e+00 -7.553292e-01
3.722500e-01 4.883086e+00 7.197161e+00 -7.295151e-01
3.846250e-01 4.731874e+00 6.865417e+00 -7.051489e-01
3.970000e-01 4.591373e+00 6.561886e+00 -6.821146e-01
4.093750e-01 4.460508e+00 6.283321e+00 -6.603078e-01
4.217500e-01 4.338342e+00 6.026941e+00 -6.396351e-01
4.341250e-01 4.224057e+00 5.790346e+00 -6.200124e-01
4.465000e-01 4.116933e+00 5.571461e+00 -6.013636e-01
4.588750e-01 4.016332e+00 5.368482e+00 -5.836198e-01
4.712500e-01 3.921689e+00 5.179834e+00 -5.667185e-01
4.836250e-01 3.832503e+00 5.004133e+00 -5.506030e-01
4.960000e-01 3.748327e+00 4.840167e+00 -5.352215e-01
5.083750e-01 3.668759e+00 4.686861e+00 -5.205265e-01
5.207500e-01 3.593440e+00 4.543267e+00 -5.064747e-01
5.331250e-01 3.522048e+00 4.408540e+00 -4.930261e-01
5.455000e-01 3.454289e+00 4.281926e+00 -4.801443e-01
5.578750e-01 3.389901e+00 4.162754e+00 -4.677956e-01
5.702500e-01 3.328644e+00 4.050422e+00 -4.559491e-01
5.826250e-01 3.270299e+00 3.944387e+00 -4.445762e-01
5.950000e-01 3.214669e+00 3.844161e+00 -4.336502e-01
6.073750e-01 3.161572e+00 3.749306e+00 -4.231465e-01
6.197500e-01 3.110844e+00 3.659424e+00 -4.130423e-01
6.321250e-01 3.062333e+00 3.574153e+00 -4.033164e-01
6.445000e-01 3.015900e+00 3.493165e+00 -3.939488e-01
6.568750e-01 2.971418e+00 3.416162e+00 -3.849214e-01
6.692500e-01 2.928770e+00 3.342871e+00 -3.762167e-01
6.816250e-01 2.887846e+00 3.273045e+00 -3.678188e-01
6.940000e-01 2.848546e+00 3.206454e+00 -3.597127e-01
7.063750e-01 2.810778e+00 3.142890e+00 -3.518843e-01
7.187500e-01 2.774456e+00 3.082162e+00 -3.443203e-01
7.311250e-01 2.739501e+00 3.024092e+00 -3.370085e-01
7.435000e-01 2.705839e+00 2.968518e+00 -3.299372e-01
7.558750e-01 2.673400e+00 2.915291e+00 -3.230955e-01
7.682500e-01 2.642121e+00 2.864271e+00 -3.164730e-01
7.806250e-01 2.611942e+00 2.815331e+00 -3.100601e-01
7.930000e-01 2.582807e+00 2.768353e+00 -3.038476e-01
8.053750e-01 2.554664e+00 2.723225e+00 -2.978269e-01
8.177500e-01 2.527465e+00 2.679845e+00 -2.919899e-01
8.301250e-01 2.501164e+00 2.638118e+00 -2.863289e-01
8.425000e-01 2.475718e+00 2.597956e+00 -2.808366e-01
8.548750e-01 2.451086e+00 2.559277e+00 -2.755060e-01
8.672500e-01 2.427231e+00 2.522003e+00 -2.703307e-01
8.796250e-01 2.404118e+00 2.486062e+00 -2.653043e-01
8.920000e-01 2.381714e+00 2.451389e+00 -2.604212e-01
9.043750e-01 2.359986e+00 2.417918e+00 -2.556757e-01
9.167500e-01 2.338907e+00 2.385592e+00 -2.510624e-01
9.291250e-01 2.318447e+00 2.354355e+00 -2.465765e-01
9.415000e-01 2.298581e+00 2.324156e+00 -2.422130e-01
9.538750e-01 2.279284e+00 2.294945e+00 -2.379673e-01
9.662500e-01 2.260531e+00 2.266678e+00 -2.338353e-01
9.786250e-01 2.242300e+00 2.239310e+00 -2.298125e-01
9.910000e-01 2.224570e+00 2.212802e+00 -2.258950e-01
1.003375e+00 2.207322e+00 2.187115e+00 -2.220792e-01
1.015750e+00 2.190535e+00 2.162213e+00 -2.183616e-01
1.028125e+00 2.174193e+00 2.138063e+00 -2.147386e-01
1.040500e+00 2.158277e+00 2.114631e+00 -2.112070e-01
1.052875e+00 2.142772e+00 2.091887e+00 -2.077638e-01
1.065250e+00 2.127664e+00 2.069804e+00 -2.044058e-01
1.077625e+00 2.112936e+00 2.048353e+00 -2.011303e-01
1.090000e+00 2.098576e+00 2.027509e+00 -1.979344e-01
1.102375e+00 2.084571e+00 2.007247e+00 -1.948156e-01
1.114750e+00 2.070906e+00 1.987545e+00 -1.917714e-01
1.127125e+00 2.057570e+00 1.968380e+00 -1.887993e-01
1.139500e+00 2.044553e+00 1.949731e+00 -1.858970e-01
1.151875e+00 2.031842e+00 1.931579e+00 -1.830623e-01
1.164250e+00 2.019427e+00 1.913905e+00 -1.802930e-01
1.176625e+00 2.007298e+00 1.896690e+00 -1.775870e-01
1.189000e+00 1.995446e+00 1.879919e+00 -1.749423e-01
1.201375e+00 1.983861e+00 1.863573e+00 -1.723573e-01
1.213750e+00 1.972535e+00 1.847639e+00 -1.698301e-01
1.226125e+00 1.961459e+00 1.832101e+00 -1.673590e-01
1.238500e+00 1.950625e+00 1.816945e+00 -1.649419e-01
1.250875e+00 1.940026e+00 1.802158e+00 -1.625773e-01
1.263250e+00 1.929654e+00 1.787726e+00 -1.602639e-01
1.275625e+00 1.919501e+00 1.773639e+00 -1.580002e-01
1.288000e+00 1.909562e+00 1.759883e+00 -1.557847e-01
1.300375e+00 1.899830e+00 1.746448e+00 -1.536164e-01
1.312750e+00 1.890298e+00 1.733322e+00 -1.514939e-01
1.325125e+00 1.880960e+00 1.720497e+00 -1.494155e-01
1.337500e+00 1.871812e+00 1.707961e+00 -1.473800e-01
1.349875e+00 1.862848e+00 1.695706e+00 -1.453861e-01
1.362250e+00 1.854062e+00 1.683723e+00 -1.434327e-01
1.374625e+00 1.845448e+00 1.672002e+00 -1.415189e-01
1.387000e+00 1.837002e+00 1.660536e+00 -1.396436e-01
1.399375e+00 1.828719e+00 1.649316e+00 -1.378058e-01
1.411750e+00 1.820594e+00 1.638336e+00 -1.360044e-01
1.424125e+00 1.812623e+00 1.627587e+00 -1.342385e-01
1.436500e+00 1.804801e+00 1.617063e+00 -1.325070e-01
1.448875e+00 1.797125e+00 1.606757e+00 -1.308091e-01
1.461250e+00 1.789590e+00 1.596662e+00 -1.291440e-01
1.473625e+00 1.782193e+00 1.586772e+00 -1.275108e-01
1.486000e+00 1.774931e+00 1.577081e+00 -1.259087e-01
1.498375e+00 1.767799e+00 1.567584e+00 -1.243369e-01
1.510750e+00 1.760794e+00 1.558275e+00 -1.227945e-01
1.523125e+00 1.753913e+00 1.549148e+00 -1.212809e-01
1.535500e+00 1.747152e+00 1.540198e+00 -1.197954e-01
1.547875e+00 1.740508e+00 1.531421e+00 -1.183372e-01
1.560250e+00 1.733979e+00 1.522811e+00 -1.169058e-01
1.572625e+00 1.727561e+00 1.514364e+00 -1.155002e-01
1.585000e+00 1.721252e+00 1.506076e+00 -1.141200e-01
1.597375e+00 1.715049e+00 1.497941e+00 -1.127645e-01
1.609750e+00 1.708949e+00 1.489957e+00 -1.114333e-01
1.622125e+00 1.702950e+00 1.482119e+00 -1.101257e-01
1.634500e+00 1.697051e+00 1.474423e+00 -1.088411e-01
1.646875e+00 1.691246e+00 1.466866e+00 -1.075790e-01
1.659250e+00 1.685533e+00 1.459443e+00 -1.063389e-01
1.671625e+00 1.679910e+00 1.452152e+00 -1.051204e-01
1.684000e+00 1.674378e+00 1.444989e+00 -1.039230e-01
1.696375e+00 1.668933e+00 1.437950e+00 -1.027460e-01
1.708750e+00 1.663574e+00 1.431033e+00 -1.015890e-01
1.721125e+00 1.658298e+00 1.424235e+00 -1.004513e-01
1.733500e+00 1.653104e+00 1.417552e+00 -9.933290e-02
1.745875e+00 1.647990e+00 1.410982e+00 -9.823336e-02
1.758250e+00 1.642953e+00 1.404522e+00 -9.715217e-02
1.770625e+00 1.637991e+00 1.398169e+00 -9.608872e-02
1.783000e+00 1.633103e+00 1.391921e+00 -9.504263e-02
1.795375e+00 1.628290e+00 1.385776e+00 -9.401346e-02
1.807750e+00 1.623549e+00 1.379730e+00 -9.300087e-02
1.820125e+00 1.618876e+00 1.373782e+00 -9.200474e-02
1.832500e+00 1.614272e+00 1.367928e+00 -9.102478e-02
1.844875e+00 1.609733e+00 1.362168e+00 -9.006054e-02
1.857250e+00 1.605261e+00 1.356499e+00 -8.911150e-02
1.869625e+00 1.600852e+00 1.350918e+00 -8.817736e-02
1.882000e+00 1.596506e+00 1.345424e+00 -8.725792e-02
1.894375e+00 1.592221e+00 1.340015e+00 -8.635286e-02
1.906750e+00 1.587996e+00 1.334689e+00 -8.546185e-02
1.919125e+00 1.583830e+00 1.329444e+00 -8.458462e-02
1.931500e+00 1.579722e+00 1.324278e+00 -8.372085e-02
1.943875e+00 1.575670e+00 1.319190e+00 -8.287021e-02
1.956250e+00 1.571673e+00 1.314177e+00 -8.203249e-02
1.968625e+00 1.567731e+00 1.309238e+00 -8.120751e-02
1.981000e+00 1.563842e+00 1.304372e+00 -8.039515e-02
1.993375e+00 1.560002e+00 1.299578e+00 -7.959482e-02
2.005750e+00 1.556215e+00 1.294852e+00 -7.880629e-02
2.018125e+00 1.552479e+00 1.290195e+00 -7.802948e-02
2.030500e+00 1.548791e+00 1.285604e+00 -7.726424e-02
2.042875e+00 1.545151e+00 1.281078e+00 -7.651030e-02
2.055250e+00 1.541559e+00 1.276616e+00 -7.576739e-02
2.067625e+00 1.538011e+00 1.272217e+00 -7.503540e-02
2.080000e+00 1.534510e+00 1.267879e+00 -7.431396e-02
2.092375e+00 1.531053e+00 1.263601e+00 -7.360266e-02
2.104750e+00 1.527640e+00 1.259382e+00 -7.290156e-02
2.117125e+00 1.524269e+00 1.255221e+00 -7.221053e-02
2.129500e+00 1.520940e+00 1.251116e+00 -7.152921e-02
2.141875e+00 1.517652e+00 1.247066e+00 -7.085754e-02
2.154250e+00 1.514405e+00 1.243071e+00 -7.019547e-02
2.166625e+00 1.511193e+00 1.239129e+00 -6.954256e-02
2.179000e+00 1.508026e+00 1.235239e+00 -6.889856e-02
2.191375e+00 1.504898e+00 1.231400e+00 -6.826356e-02
2.203750e+00 1.501806e+00 1.227612e+00 -6.763744e-02
2.216125e+00 1.498751e+00 1.223872e+00 -6.701993e-02
2.228500e+00 1.495732e+00 1.220181e+00 -6.641077e-02
2.240875e+00 1.492749e+00 1.216538e+00 -6.580981e-02
2.253250e+00 1.489801e+00 1.212941e+00 -6.521707e-02
2.265625e+00 1.486882e+00 1.209389e+00 -6.463246e-02
2.278000e+00 1.483995e+00 1.205882e+00 -6.405574e-02
2.290375e+00 1.481146e+00 1.202420e+00 -6.348665e-02
2.302750e+00 1.478334e+00 1.199000e+00 -6.292524e-02
2.315125e+00 1.475553e+00 1.195623e+00 -6.237131e-02
2.327500e+00 1.472797e+00 1.192287e+00 -6.182441e-02
2.339875e+00 1.470080e+00 1.188992e+00 -6.128455e-02
2.352250e+00 1.467394e+00 1.185738e+00 -6.075173e-02
2.364625e+00 1.464736e+00 1.182522e+00 -6.022596e-02
2.377000e+00 1.462108e+00 1.179346e+00 -5.970706e-02
2.389375e+00 1.459510e+00 1.176207e+00 -5.919481e-02
2.401750e+00 1.456940e+00 1.173106e+00 -5.868919e-02
2.414125e+00 1.454399e+00 1.170042e+00 -5.819003e-02
2.426500e+00 1.451885e+00 1.167013e+00 -5.769726e-02
2.438875e+00 1.449398e+00 1.164020e+00 -5.721091e-02
2.451250e+00 1.446939e+00 1.161062e+00 -5.673070e-02
2.463625e+00 1.444502e+00 1.158138e+00 -5.625642e-02
2.476000e+00 1.442095e+00 1.155248e+00 -5.578795e-02
2.488375e+00 1.439712e+00 1.152391e+00 -5.532532e-02
2.500750e+00 1.437355e+00 1.149566e+00 -5.486842e-02
2.513125e+00 1.435020e+00 1.146773e+00 -5.441711e-02
2.525500e+00 1.432710e+00 1.144012e+00 -5.397128e-02
2.537875e+00 1.430426e+00 1.141282e+00 -5.353088e-02
2.550250e+00 1.428165e+00 1.138582e+00 -5.309594e-02
2.562625e+00 1.425929e+00 1.135912e+00 -5.266631e-02
2.575000e+00 1.423713e+00 1.133272e+00 -5.224190e-02
2.587375e+00 1.421522e+00 1.130660e+00 -5.182249e-02
2.599750e+00 1.419354e+00 1.128077e+00 -5.140813e-02
2.612125e+00 1.417208e+00 1.125522e+00 -5.099904e-02
2.624500e+00 1.415087e+00 1.122995e+00 -5.059499e-02
2.636875e+00 1.412983e+00 1.120495e+00 -5.019577e-02
2.649250e+00 1.410907e+00 1.118022e+00 -4.980120e-02
2.661625e+00 1.408850e+00 1.115574e+00 -4.941111e-02
2.674000e+00 1.406804e+00 1.113153e+00 -4.902546e-02
2.686375e+00 1.404778e+00 1.110757e+00 -4.864436e-02
2.698750e+00 1.402768e+00 1.108387e+00 -4.826778e-02
2.711125e+00 1.400776e+00 1.106041e+00 -4.789551e-02
2.723500e+00 1.398806e+00 1.103719e+00 -4.752752e-02
2.735875e+00 1.396855e+00 1.101422e+00 -4.716377e-02
2.748250e+00 1.394923e+00 1.099148e+00 -4.680423e-02
2.760625e+00 1.393009e+00 1.096897e+00 -4.644884e-02
2.773000e+00 1.391116e+00 1.094669e+00 -4.609740e-02
2.785375e+00 1.389239e+00 1.092464e+00 -4.574992e-02
2.797750e+00 1.387380e+00 1.090281e+00 -4.540637e-02
2.810125e+00 1.385538e+00 1.088120e+00 -4.506667e-02
2.822500e+00 1.383715e+00 1.085981e+00 -4.473076e-02
2.834875e+00 1.381912e+00 1.083862e+00 -4.439866e-02
2.847250e+00 1.380139e+00 1.081765e+00 -4.407026e-02
2.859625e+00 1.378374e+00 1.079688e+00 -4.374542e-02
2.872000e+00 1.376628e+00 1.077632e+00 -4.342421e-02
2.884375e+00 1.374899e+00 1.075596e+00 -4.310651e-02
2.896750e+00 1.373184e+00 1.073579e+00 -4.279229e-02
2.909125e+00 1.371487e+00 1.071582e+00 -4.248162e-02
2.921500e+00 1.369806e+00 1.069604e+00 -4.217441e-02
2.933875e+00 1.368145e+00 1.067645e+00 -4.187050e-02
2.946250e+00 1.366500e+00 1.065704e+00 -4.156976e-02
2.958625e+00 1.364867e+00 1.063782e+00 -4.127221e-02
2.971000e+00 1.363245e+00 1.061878e+00 -4.097782e-02
2.983375e+00 1.361639e+00 1.059992e+00 -4.068652e-02
2.995750e+00 1.360048e+00 1.058124e+00 -4.039837e-02
3.008125e+00 1.358470e+00 1.056273e+00 -4.011332e-02
3.020500e+00 1.356906e+00 1.054439e+00 -3.983129e-02
3.032875e+00 1.355356e+00 1.052622e+00 -3.955239e-02
3.045250e+00 1.353819e+00 1.050822e+00 -3.927652e-02
3.057625e+00 1.352295e+00 1.049038e+00 -3.900359e-02
3.070000e+00 1.350785e+00 1.047270e+00 -3.873362e-02
3.082375e+00 1.349288e+00 1.045519e+00 -3.846649e-02
3.094750e+00 1.347804e+00 1.043783e+00 -3.820210e-02
3.107125e+00 1.346332e+00 1.042063e+00 -3.794035e-02
3.119500e+00 1.344873e+00 1.040358e+00 -3.768113e-02
3.131875e+00 1.343426e+00 1.038668e+00 -3.742444e-02
3.144250e+00 1.341992e+00 1.036993e+00 -3.717023e-02
3.156625e+00 1.340569e+00 1.035334e+00 -3.691845e-02
3.169000e+00 1.339159e+00 1.033688e+00 -3.666921e-02
3.181375e+00 1.337761e+00 1.032057e+00 -3.642245e-02
3.193750e+00 1.336374e+00 1.030441e+00 -3.617817e-02
3.206125e+00 1.334999e+00 1.028838e+00 -3.593633e-02
3.218500e+00 1.333636e+00 1.027249e+00 -3.569692e-02
3.230875e+00 1.332284e+00 1.025674e+00 -3.545991e-02
3.243250e+00 1.330948e+00 1.024113e+00 -3.522521e-02
3.255625e+00 1.329625e+00 1.022564e+00 -3.499286e-02
3.268000e+00 1.328311e+00 1.021029e+00 -3.476285e-02
3.280375e+00 1.327009e+00 1.019507e+00 -3.453509e-02
3.292750e+00 1.325716e+00 1.017998e+00 -3.430950e-02
3.305125e+00 1.324435e+00 1.016501e+00 -3.408610e-02
3.317500e+00 1.323164e+00 1.015017e+00 -3.386489e-02
3.329875e+00 1.321903e+00 1.013545e+00 -3.364588e-02
3.342250e+00 1.320652e+00 1.012086e+00 -3.342913e-02
3.354625e+00 1.319411e+00 1.010638e+00 -3.321470e-02
3.367000e+00 1.318180e+00 1.009202e+00 -3.300242e-02
3.379375e+00 1.316959e+00 1.007779e+00 -3.279202e-02
3.391750e+00 1.315747e+00 1.006366e+00 -3.258348e-02
3.404125e+00 1.314544e+00 1.004966e+00 -3.237680e-02
3.416500e+00 1.313351e+00 1.003576e+00 -3.217197e-02
3.428875e+00 1.312167e+00 1.002198e+00 -3.196910e-02
3.441250e+00 1.310992e+00 1.000831e+00 -3.176827e-02
3.453625e+00 1.309821e+00 9.994744e-01 -3.156925e-02
3.466000e+00 1.308650e+00 9.981289e-01 -3.137210e-02
3.478375e+00 1.307476e+00 9.967943e-01 -3.117679e-02
3.490750e+00 1.306307e+00 9.954701e-01 -3.098321e-02
3.503125e+00 1.305151e+00 9.941564e-01 -3.079149e-02
3.515500e+00 1.304000e+00 9.928531e-01 -3.060155e-02
3.527875e+00 1.302859e+00 9.915600e-01 -3.041321e-02
3.540250e+00 1.301726e+00 9.902770e-01 -3.022652e-02
3.552625e+00 1.300601e+00 9.890039e-01 -3.004150e-02
3.565000e+00 1.299485e+00 9.877408e-01 -2.985819e-02
3.577375e+00 1.298378e+00 9.864873e-01 -2.967668e-02
3.589750e+00 1.297278e+00 9.852436e-01 -2.949687e-02
3.602125e+00 1.296184e+00 9.840093e-01 -2.931860e-02
3.614500e+00 1.295098e+00 9.827846e-01 -2.914187e-02
3.626875e+00 1.294020e+00 9.815691e-01 -2.896666e-02
3.639250e+00 1.292950e+00 9.803629e-01 -2.879302e-02
3.651625e+00 1.291888e+00 9.791658e-01 -2.862099e-02
3.664000e+00 1.290834e+00 9.779777e-01 -2.845048e-02
3.676375e+00 1.289787e+00 9.767984e-01 -2.828153e-02
3.688750e+00 1.288747e+00 9.756280e-01 -2.811404e-02
3.701125e+00 1.287714e+00 9.744663e-01 -2.794796e-02
3.713500e+00 1.286688e+00 9.733132e-01 -2.778338e-02
3.725875e+00 1.285669e+00 9.721687e-01 -2.762022e-02
3.738250e+00 1.284657e+00 9.710326e-01 -2.745843e-02
3.750625e+00 1.283653e+00 9.699048e-01 -2.729808e-02
3.763000e+00 1.282655e+00 9.687853e-01 -2.713910e-02
3.775375e+00 1.281664e+00 9.676738e-01 -2.698153e-02
3.787750e+00 1.280681e+00 9.665705e-01 -2.682553e-02
3.800125e+00 1.279704e+00 9.654751e-01 -2.667101e-02
3.812500e+00 1.278733e+00 9.643876e-01 -2.651811e-02
3.824875e+00 1.277770e+00 9.633079e-01 -2.636672e-02
3.837250e+00 1.276813e+00 9.622360e-01 -2.621646e-02
3.849625e+00 1.275864e+00 9.611717e-01 -2.606725e-02
3.862000e+00 1.274920e+00 9.601150e-01 -2.591904e-02
3.874375e+00 1.273982e+00 9.590658e-01 -2.577196e-02
3.886750e+00 1.273054e+00 9.580240e-01 -2.562613e-02
3.899125e+00 1.272145e+00 9.569895e-01 -2.548161e-02
3.911500e+00 1.271247e+00 9.559622e-01 -2.533849e-02
3.923875e+00 1.270353e+00 9.549422e-01 -2.519654e-02
3.936250e+00 1.269465e+00 9.539291e-01 -2.505585e-02
3.948625e+00 1.268582e+00 9.529231e-01 -2.491643e-02
3.961000e+00 1.267705e+00 9.519241e-01 -2.477804e-02
3.973375e+00 1.266833e+00 9.509320e-01 -2.464061e-02
3.985750e+00 1.265968e+00 9.499466e-01 -2.450430e-02
3.998125e+00 1.265109e+00 9.489681e-01 -2.436905e-02
4.010500e+00 1.264255e+00 9.479961e-01 -2.423484e-02
4.022875e+00 1.263404e+00 9.470308e-01 -2.410174e-02
4.035250e+00 1.262557e+00 9.460720e-01 -2.396971e-02
4.047625e+00 1.261706e+00 9.451197e-01 -2.383875e-02
4.060000e+00 1.260868e+00 9.441738e-01 -2.370886e-02
4.072375e+00 1.260034e+00 9.432342e-01 -2.358018e-02
4.084750e+00 1.259204e+00 9.423009e-01 -2.345275e-02
4.097125e+00 1.258386e+00 9.413737e-01 -2.332656e-02
4.109500e+00 1.257570e+00 9.404528e-01 -2.320152e-02
4.121875e+00 1.256760e+00 9.395379e-01 -2.307735e-02
4.134250e+00 1.255951e+00 9.386291e-01 -2.295402e-02
4.146625e+00 1.255151e+00 9.377262e-01 -2.283172e-02
4.159000e+00 1.254354e+00 9.368293e-01 -2.271042e-02
4.171375e+00 1.253558e+00 9.359382e-01 -2.259002e-02
4.183750e+00 1.252771e+00 9.350530e-01 -2.247046e-02
4.196125e+00 1.251993e+00 9.341735e-01 -2.235177e-02
4.208500e+00 1.251220e+00 9.332997e-01 -2.223417e-02
4.220875e+00 1.250452e+00 9.324315e-01 -2.211771e-02
4.233250e+00 1.249682e+00 9.315690e-01 -2.200211e-02
4.245625e+00 1.248911e+00 9.307119e-01 -2.188718e-02
4.258000e+00 1.248159e+00 9.298603e-01 -2.177300e-02
4.270375e+00 1.247412e+00 9.290142e-01 -2.165955e-02
4.282750e+00 1.246670e+00 9.281734e-01 -2.154697e-02
4.295125e+00 1.245933e+00 9.273380e-01 -2.143526e-02
4.307500e+00 1.245200e+00 9.265078e-01 -2.132442e-02
4.319875e+00 1.244471e+00 9.256828e-01 -2.121453e-02
4.332250e+00 1.243746e+00 9.248630e-01 -2.110545e-02
4.344625e+00 1.243024e+00 9.240484e-01 -2.099714e-02
4.357000e+00 1.242300e+00 9.232388e-01 -2.088964e-02
4.369375e+00 1.241578e+00 9.224342e-01 -2.078299e-02
4.381750e+00 1.240860e+00 9.216347e-01 -2.067708e-02
4.394125e+00 1.240140e+00 9.208400e-01 -2.057196e-02
4.406500e+00 1.239426e+00 9.200504e-01 -2.046766e-02
4.418875e+00 1.238708e+00 9.192655e-01 -2.036418e-02
4.431250e+00 1.237998e+00 9.184854e-01 -2.026167e-02
4.443625e+00 1.237295e+00 9.177102e-01 -2.015987e-02
4.456000e+00 1.236602e+00 9.169397e-01 -2.005864e-02
4.468375e+00 1.235911e+00 9.161738e-01 -1.995821e-02
4.480750e+00 1.235230e+00 9.154125e-01 -1.985870e-02
4.493125e+00 1.234566e+00 9.146558e-01 -1.976002e-02
4.505500e+00 1.233903e+00 9.139038e-01 -1.966189e-02
4.517875e+00 1.233245e+00 9.131561e-01 -1.956434e-02
4.530250e+00 1.232592e+00 9.124130e-01 -1.946753e-02
4.542625e+00 1.231942e+00 9.116742e-01 -1.937146e-02
4.555000e+00 1.231296e+00 9.109399e-01 -1.927615e-02
4.567375e+00 1.230653e+00 9.102099e-01 -1.918165e-02
4.579750e+00 1.230014e+00 9.094842e-01 -1.908782e-02
4.592125e+00 1.229378e+00 9.087628e-01 -1.899462e-02
4.604500e+00 1.228747e+00 9.080456e-01 -1.890210e-02
4.616875e+00 1.228119e+00 9.073327e-01 -1.881022e-02
4.629250e+00 1.227493e+00 9.066239e-01 -1.871898e-02
4.641625e+00 1.226869e+00 9.059192e-01 -1.862843e-02
4.654000e+00 1.226243e+00 9.052186e-01 -1.853868e-02
4.666375e+00 1.225594e+00 9.045220e-01 -1.844968e-02
4.678750e+00 1.224955e+00 9.038295e-01 -1.836150e-02
4.691125e+00 1.224318e+00 9.031410e-01 -1.827409e-02
4.703500e+00 1.223685e+00 9.024564e-01 -1.818744e-02
4.715875e+00 1.223056e+00 9.017757e-01 -1.810155e-02
4.728250e+00 1.222431e+00 9.010991e-01 -1.801612e-02
4.740625e+00 1.221813e+00 9.004261e-01 -1.793115e-02
4.753000e+00 1.221218e+00 8.997571e-01 -1.784673e-02
4.765375e+00 1.220620e+00 8.990919e-01 -1.776271e-02
4.777750e+00 1.220028e+00 8.984303e-01 -1.767916e-02
4.790125e+00 1.219438e+00 8.977725e-01 -1.759629e-02
4.802500e+00 1.218852e+00 8.971184e-01 -1.751411e-02
4.814875e+00 1.218269e+00 8.964680e-01 -1.743249e-02
4.827250e+00 1.217690e+00 8.958212e-01 -1.735138e-02
4.839625e+00 1.217113e+00 8.951781e-01 -1.727075e-02
4.852000e+00 1.216540e+00 8.945384e-01 -1.719072e-02
4.864375e+00 1.215970e+00 8.939024e-01 -1.711132e-02
4.876750e+00 1.215402e+00 8.932699e-01 -1.703236e-02
4.889125e+00 1.214838e+00 8.926408e-01 -1.695390e-02
4.901500e+00 1.214277e+00 8.920152e-01 -1.687598e-02
4.913875e+00 1.213719e+00 8.913930e-01 -1.679857e-02
4.926250e+00 1.213164e+00 8.907743e-01 -1.672170e-02
4.938625e+00 1.212611e+00 8.901589e-01 -1.664539e-02
4.951000e+00 1.212062e+00 8.895468e-01 -1.656958e-02
4.963375e+00 1.211516e+00 8.889381e-01 -1.649427e-02
4.975750e+00 1.210972e+00 8.883326e-01 -1.641947e-02
4.988125e+00 1.210432e+00 8.877304e-01 -1.634517e-02
5.000500e+00 1.209895e+00 8.871315e-01 -1.627138e-02
5.012875e+00 1.209360e+00 8.865358e-01 -1.619806e-02
5.025250e+00 1.208828e+00 8.859433e-01 -1.612522e-02
5.037625e+00 1.208300e+00 8.853539e-01 -1.605290e-02
5.050000e+00 1.207773e+00 8.847676e-01 -1.598113e-02
5.062375e+00 1.207250e+00 8.841845e-01 -1.590987e-02
5.074750e+00 1.206728e+00 8.836044e-01 -1.583901e-02
5.087125e+00 1.206210e+00 8.830274e-01 -1.576864e-02
5.099500e+00 1.205696e+00 8.824535e-01 -1.569871e-02
5.111875e+00 1.205182e+00 8.818825e-01 -1.562922e-02
5.124250e+00 1.204671e+00 8.813146e-01 -1.556024e-02
5.136625e+00 1.204164e+00 8.807496e-01 -1.549166e-02
5.149000e+00 1.203657e+00 8.801876e-01 -1.542353e-02
5.161375e+00 1.203150e+00 8.796285e-01 -1.535585e-02
5.173750e+00 1.202640e+00 8.790723e-01 -1.528857e-02
5.186125e+00 1.202131e+00 8.785189e-01 -1.522177e-02
5.198500e+00 1.201631e+00 8.779685e-01 -1.515538e-02
5.210875e+00 1.201131e+00 8.774208e-01 -1.508942e-02
5.223250e+00 1.200634e+00 8.768760e-01 -1.502392e-02
5.235625e+00 1.200140e+00 8.763340e-01 -1.495881e-02
5.248000e+00 1.199647e+00 8.757947e-01 -1.489413e-02
5.260375e+00 1.199158e+00 8.752582e-01 -1.482990e-02
5.272750e+00 1.198671e+00 8.747245e-01 -1.476604e-02
5.285125e+00 1.198187e+00 8.741934e-01 -1.470262e-02
5.297500e+00 1.197698e+00 8.736650e-01 -1.463967e-02
5.309875e+00 1.197213e+00 8.731393e-01 -1.457711e-02
5.322250e+00 1.196732e+00 8.726162e-01 -1.451489e-02
5.334625e+00 1.196253e+00 8.720958e-01 -1.445309e-02
5.347000e+00 1.195775e+00 8.715780e-01 -1.439171e-02
5.359375e+00 1.195301e+00 8.710627e-01 -1.433068e-02
5.371750e+00 1.194825e+00 8.705501e-01 -1.427000e-02
5.384125e+00 1.194351e+00 8.700400e-01 -1.420973e-02
5.396500e+00 1.193880e+00 8.695324e-01 -1.414985e-02
5.408875e+00 1.193413e+00 8.690274e-01 -1.409030e-02
5.421250e+00 1.192948e+00 8.685248e-01 -1.403111e-02
5.433625e+00 1.192484e+00 8.680247e-01 -1.397229e-02
5.446000e+00 1.192021e+00 8.675271e-01 -1.391383e-02
5.458375e+00 1.191564e+00 8.670319e-01 -1.385574e-02
5.470750e+00 1.191108e+00 8.665391e-01 -1.379800e-02
5.483125e+00 1.190654e+00 8.660487e-01 -1.374065e-02
5.495500e+00 1.190205e+00 8.655608e-01 -1.368366e-02
5.507875e+00 1.189756e+00 8.650752e-01 -1.362700e-02
5.520250e+00 1.189311e+00 8.645919e-01 -1.357067e-02
5.532625e+00 1.188867e+00 8.641110e-01 -1.351469e-02
5.545000e+00 1.188422e+00 8.636325e-01 -1.345906e-02
5.557375e+00 1.187976e+00 8.631561e-01 -1.340377e-02
5.569750e+00 1.187532e+00 8.626822e-01 -1.334881e-02
5.582125e+00 1.187092e+00 8.622104e-01 -1.329420e-02
5.594500e+00 1.186652e+00 8.617410e-01 -1.323993e-02
5.606875e+00 1.186214e+00 8.612738e-01 -1.318600e-02
5.619250e+00 1.185780e+00 8.608088e-01 -1.313240e-02
5.631625e+00 1.185349e+00 8.603460e-01 -1.307914e-02
5.644000e+00 1.184917e+00 8.598854e-01 -1.302617e-02
5.656375e+00 1.184489e+00 8.594270e-01 -1.297354e-02
5.668750e+00 1.184061e+00 8.589707e-01 -1.292120e-02
5.681125e+00 1.183638e+00 8.585166e-01 -1.286919e-02
5.693500e+00 1.183217e+00 8.580647e-01 -1.281749e-02
5.705875e+00 1.182799e+00 8.576148e-01 -1.276610e-02
5.718250e+00 1.182383e+00 8.571670e-01 -1.271504e-02
5.730625e+00 1.181979e+00 8.567213e-01 -1.266427e-02
5.743000e+00 1.181579e+00 8.562777e-01 -1.261382e-02
5.755375e+00 1.181182e+00 8.558362e-01 -1.256361e-02
5.767750e+00 1.180785e+00 8.553966e-01 -1.251373e-02
5.780125e+00 1.180389e+00 8.549591e-01 -1.246434e-02
5.792500e+00 1.179994e+00 8.545236e-01 -1.241541e-02
5.804875e+00 1.179602e+00 8.540901e-01 -1.236671e-02
5.817250e+00 1.179211e+00 8.536586e-01 -1.231820e-02
5.829625e+00 1.178824e+00 8.532290e-01 -1.226991e-02
5.842000e+00 1.178438e+00 8.528015e-01 -1.222180e-02
5.854375e+00 1.178053e+00 8.523758e-01 -1.217388e-02
5.866750e+00 1.177671e+00 8.519521e-01 -1.212623e-02
5.879125e+00 1.177289e+00 8.515303e-01 -1.207888e-02
5.891500e+00 1.176909e+00 8.511104e-01 -1.203183e-02
5.903875e+00 1.176530e+00 8.506924e-01 -1.198504e-02
5.916250e+00 1.176153e+00 8.502763e-01 -1.193853e-02
5.928625e+00 1.175780e+00 8.498620e-01 -1.189227e-02
5.941000e+00 1.175406e+00 8.494496e-01 -1.184626e-02
5.953375e+00 1.175014e+00 8.490391e-01 -1.180051e-02
5.965750e+00 1.174627e+00 8.486303e-01 -1.175502e-02
5.978125e+00 1.174240e+00 8.482235e-01 -1.170980e-02
5.990500e+00 1.173856e+00 8.478184e-01 -1.166483e-02
6.002875e+00 1.173472e+00 8.474151e-01 -1.162014e-02
6.015250e+00 1.173090e+00 8.470136e-01 -1.157568e-02
6.027625e+00 1.172713e+00 8.466139e-01 -1.153152e-02
6.040000e+00 1.172334e+00 8.462159e-01 -1.148758e-02
6.052375e+00 1.171958e+00 8.458197e-01 -1.144386e-02
6.064750e+00 1.171583e+00 8.454252e-01 -1.140042e-02
6.077125e+00 1.171209e+00 8.450325e-01 -1.135720e-02
6.089500e+00 1.170836e+00 8.446415e-01 -1.131423e-02
6.101875e+00 1.170466e+00 8.442522e-01 -1.127152e-02
6.114250e+00 1.170098e+00 8.438645e-01 -1.122900e-02
6.126625e+00 1.169735e+00 8.434786e-01 -1.118678e-02
6.139000e+00 1.169371e+00 8.430943e-01 -1.114481e-02
6.151375e+00 1.169009e+00 8.427117e-01 -1.110309e-02
6.163750e+00 1.168647e+00 8.423308e-01 -1.106155e-02
6.176125e+00 1.168284e+00 8.419515e-01 -1.102024e-02
6.188500e+00 1.167923e+00 8.415738e-01 -1.097919e-02
6.200875e+00 1.167567e+00 8.411977e-01 -1.093836e-02
6.213250e+00 1.167211e+00 8.408233e-01 -1.089774e-02
6.225625e+00 1.166856e+00 8.404505e-01 -1.085733e-02
6.238000e+00 1.166503e+00 8.400792e-01 -1.081716e-02
6.250375e+00 1.166154e+00 8.397095e-01 -1.077720e-02
6.262750e+00 1.165804e+00 8.393414e-01 -1.073750e-02
6.275125e+00 1.165455e+00 8.389749e-01 -1.069797e-02
6.287500e+00 1.165107e+00 8.386099e-01 -1.065863e-02
6.299875e+00 1.164757e+00 8.382464e-01 -1.061951e-02
6.312250e+00 1.164409e+00 8.378844e-01 -1.058066e-02
6.324625e+00 1.164064e+00 8.375240e-01 -1.054203e-02
6.337000e+00 1.163721e+00 8.371651e-01 -1.050354e-02
6.349375e+00 1.163387e+00 8.368078e-01 -1.046523e-02
6.361750e+00 1.163066e+00 8.364518e-01 -1.042720e-02
6.374125e+00 1.162759e+00 8.360974e-01 -1.038945e-02
6.386500e+00 1.162452e+00 8.357444e-01 -1.035183e-02
6.398875e+00 1.162142e+00 8.353929e-01 -1.031439e-02
6.411250e+00 1.161835e+00 8.350428e-01 -1.027717e-02
6.423625e+00 1.161529e+00 8.346942e-01 -1.024016e-02
6.436000e+00 1.161218e+00 8.343470e-01 -1.020340e-02
6.448375e+00 1.160904e+00 8.340012e-01 -1.016688e-02
6.460750e+00 1.160597e+00 8.336569e-01 -1.013054e-02
6.473125e+00 1.160296e+00 8.333139e-01 -1.009431e-02
6.485500e+00 1.159991e+00 8.329723e-01 -1.005824e-02
6.497875e+00 1.159681e+00 8.326321e-01 -1.002245e-02
6.510250e+00 1.159357e+00 8.322934e-01 -9.986878e-03
6.522625e+00 1.159031e+00 8.319559e-01 -9.951425e-03
6.535000e+00 1.158709e+00 8.316199e-01 -9.916115e-03
6.547375e+00 1.158373e+00 8.312852e-01 -9.881003e-03
6.559750e+00 1.158044e+00 8.309519e-01 -9.846130e-03
6.572125e+00 1.157722e+00 8.306199e-01 -9.811413e-03
6.584500e+00 1.157400e+00 8.302893e-01 -9.776848e-03
6.596875e+00 1.157080e+00 8.299600e-01 -9.742485e-03
6.609250e+00 1.156760e+00 8.296320e-01 -9.708262e-03
6.621625e+00 1.156442e+00 8.293053e-01 -9.674207e-03
6.634000e+00 1.156126e+00 8.289799e-01 -9.640407e-03
6.646375e+00 1.155811e+00 8.286559e-01 -9.606791e-03
6.658750e+00 1.155498e+00 8.283331e-01 -9.573254e-03
6.671125e+00 1.155191e+00 8.280116e-01 -9.539898e-03
6.683500e+00 1.154880e+00 8.276914e-01 -9.506710e-03
6.695875e+00 1.154583e+00 8.273724e-01 -9.473670e-03
6.708250e+00 1.154303e+00 8.270547e-01 -9.440838e-03
6.720625e+00 1.154018e+00 8.267383e-01 -9.408147e-03
6.733000e+00 1.153732e+00 8.264230e-01 -9.375622e-03
6.745375e+00 1.153445e+00 8.261090e-01 -9.343275e-03
6.757750e+00 1.153159e+00 8.257963e-01 -9.311097e-03
6.770125e+00 1.152875e+00 8.254848e-01 -9.279072e-03
6.782500e+00 1.152591e+00 8.251744e-01 -9.247231e-03
6.794875e+00 1.152310e+00 8.248653e-01 -9.215693e-03
6.807250e+00 1.152034e+00 8.245573e-01 -9.184411e-03
6.819625e+00 1.151755e+00 8.242506e-01 -9.153274e-03
6.832000e+00 1.151476e+00 8.239450e-01 -9.122261e-03
6.844375e+00 1.151192e+00 8.236407e-01 -9.091353e-03
6.856750e+00 1.150895e+00 8.233374e-01 -9.060530e-03
6.869125e+00 1.150603e+00 8.230355e-01 -9.029814e-03
6.881500e+00 1.150310e+00 8.227346e-01 -8.999197e-03
6.893875e+00 1.150024e+00 8.224349e-01 -8.968816e-03
6.906250e+00 1.149744e+00 8.221363e-01 -8.938651e-03
6.918625e+00 1.149463e+00 8.218389e-01 -8.908647e-03
6.931000e+00 1.149200e+00 8.215426e-01 -8.878875e-03
6.943375e+00 1.148937e+00 8.212474e-01 -8.849462e-03
6.955750e+00 1.148674e+00 8.209533e-01 -8.820339e-03
6.968125e+00 1.148414e+00 8.206603e-01 -8.791377e-03
6.980500e+00 1.148150e+00 8.203685e-01 -8.762528e-03
6.992875e+00 1.147884e+00 8.200777e-01 -8.733743e-03
7.005250e+00 1.147624e+00 8.197881e-01 -8.704960e-03
7.017625e+00 1.147364e+00 8.194995e-01 -8.676128e-03
7.030000e+00 1.147104e+00 8.192120e-01 -8.647325e-03
7.042375e+00 1.146846e+00 8.189256e-01 -8.618635e-03
7.054750e+00 1.146590e+00 8.186403e-01 -8.590088e-03
7.067125e+00 1.146331e+00 8.183560e-01 -8.561684e-03
7.079500e+00 1.146074e+00 8.180727e-01 -8.533464e-03
7.091875e+00 1.145816e+00 8.177906e-01 -8.505339e-03
7.104250e+00 1.145557e+00 8.175094e-01 -8.477315e-03
7.116625e+00 1.145286e+00 8.172294e-01 -8.449496e-03
7.129000e+00 1.145006e+00 8.169503e-01 -8.421857e-03
7.141375e+00 1.144733e+00 8.166723e-01 -8.394318e-03
7.153750e+00 1.144458e+00 8.163953e-01 -8.366814e-03
7.166125e+00 1.144185e+00 8.161193e-01 -8.339493e-03
7.178500e+00 1.143909e+00 8.158444e-01 -8.312371e-03
7.190875e+00 1.143639e+00 8.155704e-01 -8.285390e-03
7.203250e+00 1.143366e+00 8.152975e-01 -8.258570e-03
7.215625e+00 1.143099e+00 8.150256e-01 -8.231836e-03
7.228000e+00 1.142831e+00 8.147546e-01 -8.205211e-03
7.240375e+00 1.142565e+00 8.144847e-01 -8.178688e-03
7.252750e+00 1.142301e+00 8.142157e-01 -8.152254e-03
7.265125e+00 1.142038e+00 8.139477e-01 -8.125981e-03
7.277500e+00 1.141778e+00 8.136806e-01 -8.099890e-03
7.289875e+00 1.141520e+00 8.134146e-01 -8.073855e-03
7.302250e+00 1.141263e+00 8.131495e-01 -8.047872e-03
7.314625e+00 1.141010e+00 8.128854e-01 -8.022062e-03
7.327000e+00 1.140760e+00 8.126221e-01 -7.996505e-03
7.339375e+00 1.140504e+00 8.123599e-01 -7.971194e-03
7.351750e+00 1.140250e+00 8.120986e-01 -7.945991e-03
7.364125e+00 1.139993e+00 8.118382e-01 -7.920883e-03
7.376500e+00 1.139744e+00 8.115787e-01 -7.895936e-03
7.388875e+00 1.139504e+00 8.113202e-01 -7.871047e-03
7.401250e+00 1.139266e+00 8.110626e-01 -7.846132e-03
7.413625e+00 1.139017e+00 8.108059e-01 -7.821356e-03
7.426000e+00 1.138759e+00 8.105501e-01 -7.796736e-03
7.438375e+00 1.138502e+00 8.102953e-01 -7.772131e-03
7.450750e+00 1.138245e+00 8.100413e-01 -7.747616e-03
7.463125e+00 1.137989e+00 8.097882e-01 -7.723268e-03
7.475500e+00 1.137739e+00 8.095361e-01 -7.699013e-03
7.487875e+00 1.137488e+00 8.092847e-01 -7.674854e-03
7.500250e+00 1.137241e+00 8.090343e-01 -7.650789e-03
7.512625e+00 1.136998e+00 8.087848e-01 -7.626817e-03
7.525000e+00 1.136762e+00 8.085361e-01 -7.603000e-03
7.537375e+00 1.136531e+00 8.082884e-01 -7.579283e-03
7.549750e+00 1.136289e+00 8.080414e-01 -7.555702e-03
7.562125e+00 1.136028e+00 8.077954e-01 -7.532259e-03
7.574500e+00 1.135768e+00 8.075502e-01 -7.508847e-03
7.586875e+00 1.135516e+00 8.073058e-01 -7.485577e-03
7.599250e+00 1.135271e+00 8.070623e-01 -7.462424e-03
7.611625e+00 1.135022e+00 8.068196e-01 -7.439333e-03
7.624000e+00 1.134770e+00 8.065778e-01 -7.416354e-03
7.636375e+00 1.134519e+00 8.063368e-01 -7.393526e-03
7.648750e+00 1.134269e+00 8.060967e-01 -7.370838e-03
7.661125e+00 1.134019e+00 8.058574e-01 -7.348264e-03
7.673500e+00 1.133770e+00 8.056189e-01 -7.325761e-03
7.685875e+00 1.133521e+00 8.053812e-01 -7.303291e-03
7.698250e+00 1.133270e+00 8.051443e-01 -7.280926e-03
7.710625e+00 1.133020e+00 8.049083e-01 -7.258722e-03
7.723000e+00 1.132778e+00 8.046730e-01 -7.236663e-03
7.735375e+00 1.132540e+00 8.044386e-01 -7.214623e-03
7.747750e+00 1.132301e+00 8.042050e-01 -7.192653e-03
7.760125e+00 1.132060e+00 8.039721e-01 -7.171026e-03
7.772500e+00 1.131819e+00 8.037400e-01 -7.149802e-03
7.784875e+00 1.131583e+00 8.035087e-01 -7.128782e-03
7.797250e+00 1.131353e+00 8.032782e-01 -7.107726e-03
7.809625e+00 1.131124e+00 8.030485e-01 -7.086541e-03
7.822000e+00 1.130895e+00 8.028196e-01 -7.065239e-03
7.834375e+00 1.130671e+00 8.025914e-01 -7.043994e-03
7.846750e+00 1.130463e+00 8.023639e-01 -7.022958e-03
7.859125e+00 1.130258e+00 8.021373e-01 -7.002121e-03
7.871500e+00 1.130055e+00 8.019114e-01 -6.981502e-03
7.883875e+00 1.129854e+00 8.016862e-01 -6.961052e-03
7.896250e+00 1.129642e+00 8.014618e-01 -6.940674e-03
7.908625e+00 1.129412e+00 8.012381e-01 -6.920252e-03
7.921000e+00 1.129183e+00 8.010152e-01 -6.899729e-03
7.933375e+00 1.128958e+00 8.007930e-01 -6.879222e-03
7.945750e+00 1.128734e+00 8.005715e-01 -6.858836e-03
7.958125e+00 1.128515e+00 8.003508e-01 -6.838544e-03
7.970500e+00 1.128308e+00 8.001308e-01 -6.818373e-03
7.982875e+00 1.128137e+00 7.999116e-01 -6.798295e-03
7.995250e+00 1.127967e+00 7.996930e-01 -6.778265e-03
8.007625e+00 1.127797e+00 7.994751e-01 -6.758321e-03
8.020000e+00 1.127628e+00 7.992580e-01 -6.738405e-03
8.032375e+00 1.127458e+00 7.990416e-01 -6.718586e-03
8.044750e+00 1.127286e+00 7.988258e-01 -6.699020e-03
8.057125e+00 1.127120e+00 7.986107e-01 -6.679704e-03
8.069500e+00 1.126957e+00 7.983964e-01 -6.660582e-03
8.081875e+00 1.126807e+00 7.981827e-01 -6.641590e-03
8.094250e+00 1.126679e+00 7.979697e-01 -6.622772e-03
8.106625e+00 1.126536e+00 7.977573e-01 -6.604095e-03
8.119000e+00 1.126400e+00 7.975457e-01 -6.585384e-03
8.131375e+00 1.126264e+00 7.973347e-01 -6.566626e-03
8.143750e+00 1.126095e+00 7.971243e-01 -6.547968e-03
8.156125e+00 1.125918e+00 7.969147e-01 -6.529455e-03
8.168500e+00 1.125752e+00 7.967057e-01 -6.511086e-03
8.180875e+00 1.125567e+00 7.964974e-01 -6.492818e-03
8.193250e+00 1.125386e+00 7.962897e-01 -6.474610e-03
8.205625e+00 1.125205e+00 7.960827e-01 -6.456509e-03
8.218000e+00 1.125023e+00 7.958764e-01 -6.438467e-03
8.230375e+00 1.124840e+00 7.956707e-01 -6.420533e-03
8.242750e+00 1.124645e+00 7.954656e-01 -6.402729e-03
8.255125e+00 1.124441e+00 7.952612e-01 -6.384957e-03
8.267500e+00 1.124235e+00 7.950575e-01 -6.367230e-03
8.279875e+00 1.124031e+00 7.948544e-01 -6.349584e-03
8.292250e+00 1.123827e+00 7.946520e-01 -6.332055e-03
8.304625e+00 1.123623e+00 7.944501e-01 -6.314637e-03
8.317000e+00 1.123422e+00 7.942490e-01 -6.297278e-03
8.329375e+00 1.123224e+00 7.940485e-01 -6.279927e-03
8.341750e+00 1.123033e+00 7.938485e-01 -6.262645e-03
8.354125e+00 1.122847e+00 7.936492e-01 -6.245459e-03
8.366500e+00 1.122661e+00 7.934506e-01 -6.228253e-03
8.378875e+00 1.122484e+00 7.932525e-01 -6.211067e-03
8.391250e+00 1.122294e+00 7.930551e-01 -6.194077e-03
8.403625e+00 1.122106e+00 7.928583e-01 -6.177261e-03
8.416000e+00 1.121910e+00 7.926621e-01 -6.160414e-03
8.428375e+00 1.121715e+00 7.924665e-01 -6.143512e-03
8.440750e+00 1.121522e+00 7.922715e-01 -6.126482e-03
8.453125e+00 1.121333e+00 7.920771e-01 -6.109319e-03
8.465500e+00 1.121153e+00 7.918833e-01 -6.092240e-03
8.477875e+00 1.120982e+00 7.916901e-01 -6.075233e-03
8.490250e+00 1.120816e+00 7.914975e-01 -6.058337e-03
8.502625e+00 1.120650e+00 7.913055e-01 -6.041576e-03
8.515000e+00 1.120483e+00 7.911141e-01 -6.024967e-03
8.527375e+00 1.120314e+00 7.909232e-01 -6.008591e-03
8.539750e+00 1.120142e+00 7.907330e-01 -5.992359e-03
8.552125e+00 1.119959e+00 7.905433e-01 -5.976122e-03
8.564500e+00 1.119779e+00 7.903542e-01 -5.959812e-03
8.576875e+00 1.119606e+00 7.901656e-01 -5.943507e-03
8.589250e+00 1.119434e+00 7.899777e-01 -5.927269e-03
8.601625e+00 1.119262e+00 7.897903e-01 -5.911026e-03
8.614000e+00 1.119093e+00 7.896035e-01 -5.894803e-03
8.626375e+00 1.118924e+00 7.894172e-01 -5.878647e-03
8.638750e+00 1.118756e+00 7.892315e-01 -5.862614e-03
8.651125e+00 1.118592e+00 7.890464e-01 -5.846824e-03
8.663500e+00 1.118431e+00 7.888618e-01 -5.831218e-03
8.675875e+00 1.118268e+00 7.886778e-01 -5.815705e-03
8.688250e+00 1.118101e+00 7.884943e-01 -5.800305e-03
8.700625e+00 1.117927e+00 7.883113e-01 -5.784959e-03
8.713000e+00 1.117756e+00 7.881289e-01 -5.769715e-03
8.725375e+00 1.117587e+00 7.879471e-01 -5.754600e-03
8.737750e+00 1.117413e+00 7.877658e-01 -5.739510e-03
8.750125e+00 1.117234e+00 7.875850e-01 -5.724453e-03
8.762500e+00 1.117057e+00 7.874048e-01 -5.709446e-03
8.774875e+00 1.116888e+00 7.872251e-01 -5.694464e-03
8.787250e+00 1.116722e+00 7.870459e-01 -5.679475e-03
8.799625e+00 1.116572e+00 7.868673e-01 -5.664463e-03
8.812000e+00 1.116417e+00 7.866892e-01 -5.649507e-03
8.824375e+00 1.116257e+00 7.865116e-01 -5.634575e-03
8.836750e+00 1.116094e+00 7.863346e-01 -5.619650e-03
8.849125e+00 1.115933e+00 7.861581e-01 -5.604856e-03
8.861500e+00 1.115781e+00 7.859820e-01 -5.590264e-03
8.873875e+00 1.115622e+00 7.858066e-01 -5.575783e-03
8.886250e+00 1.115451e+00 7.856316e-01 -5.561385e-03
8.898625e+00 1.115290e+00 7.854571e-01 -5.547056e-03
8.911000e+00 1.115128e+00 7.852831e-01 -5.532776e-03
8.923375e+00 1.114966e+00 7.851097e-01 -5.518509e-03
8.935750e+00 1.114809e+00 7.849368e-01 -5.504166e-03
8.948125e+00 1.114648e+00 7.847643e-01 -5.489882e-03
8.960500e+00 1.114485e+00 7.845924e-01 -5.475781e-03
8.972875e+00 1.114324e+00 7.844210e-01 -5.461798e-03
8.985250e+00 1.114166e+00 7.842500e-01 -5.447839e-03
8.997625e+00 1.114020e+00 7.840796e-01 -5.433949e-03
9.010000e+00 1.113870e+00 7.839096e-01 -5.420189e-03
9.022375e+00 1.113701e+00 7.837402e-01 -5.406467e-03
9.034750e+00 1.113541e+00 7.835711e-01 -5.392788e-03
9.047125e+00 1.113372e+00 7.834027e-01 -5.379165e-03
9.059500e+00 1.113205e+00 7.832347e-01 -5.365517e-03
9.071875e+00 1.113045e+00 7.830671e-01 -5.351962e-03
9.084250e+00 1.112882e+00 7.829001e-01 -5.338486e-03
9.096625e+00 1.112728e+00 7.827336e-01 -5.324957e-03
9.109000e+00 1.112572e+00 7.825675e-01 -5.311481e-03
9.121375e+00 1.112433e+00 7.824018e-01 -5.298168e-03
9.133750e+00 1.112295e+00 7.822367e-01 -5.284957e-03
9.146125e+00 1.112156e+00 7.820720e-01 -5.271756e-03
9.158500e+00 1.112018e+00 7.819078e-01 -5.258598e-03
9.170875e+00 1.111879e+00 7.817441e-01 -5.245515e-03
9.183250e+00 1.111736e+00 7.815808e-01 -5.232444e-03
9.195625e+00 1.111578e+00 7.814180e-01 -5.219402e-03
9.208000e+00 1.111429e+00 7.812556e-01 -5.206387e-03
9.220375e+00 1.111275e+00 7.810937e-01 -5.193394e-03
9.232750e+00 1.111130e+00 7.809323e-01 -5.180424e-03
9.245125e+00 1.110971e+00 7.807713e-01 -5.167482e-03
9.257500e+00 1.110809e+00 7.806107e-01 -5.154669e-03
9.269875e+00 1.110655e+00 7.804506e-01 -5.141961e-03
9.282250e+00 1.110506e+00 7.802909e-01 -5.129287e-03
9.294625e+00 1.110355e+00 7.801317e-01 -5.116576e-03
9.307000e+00 1.110206e+00 7.799730e-01 -5.103821e-03
9.319375e+00 1.110078e+00 7.798147e-01 -5.091137e-03
9.331750e+00 1.109944e+00 7.796568e-01 -5.078602e-03
9.344125e+00 1.109809e+00 7.794994e-01 -5.066142e-03
9.356500e+00 1.109663e+00 7.793423e-01 -5.053780e-03
9.368875e+00 1.109515e+00 7.791858e-01 -5.041522e-03
9.381250e+00 1.109369e+00 7.790297e-01 -5.029267e-03
9.393625e+00 1.109223e+00 7.788740e-01 -5.017037e-03
9.406000e+00 1.109064e+00 7.787187e-01 -5.004851e-03
9.418375e+00 1.108914e+00 7.785639e-01 -4.992713e-03
9.430750e+00 1.108759e+00 7.784095e-01 -4.980605e-03
9.443125e+00 1.108608e+00 7.782555e-01 -4.968496e-03
9.455500e+00 1.108456e+00 7.781019e-01 -4.956362e-03
9.467875e+00 1.108309e+00 7.779488e-01 -4.944287e-03
9.480250e+00 1.108158e+00 7.777960e-01 -4.932325e-03
9.492625e+00 1.107997e+00 7.776437e-01 -4.920400e-03
9.505000e+00 1.107832e+00 7.774918e-01 -4.908478e-03
9.517375e+00 1.107669e+00 7.773403e-01 -4.896648e-03
9.529750e+00 1.107510e+00 7.771893e-01 -4.884886e-03
9.542125e+00 1.107363e+00 7.770386e-01 -4.873201e-03
9.554500e+00 1.107212e+00 7.768884e-01 -4.861565e-03
9.566875e+00 1.107062e+00 7.767386e-01 -4.849887e-03
9.579250e+00 1.106914e+00 7.765891e-01 -4.838219e-03
9.591625e+00 1.106764e+00 7.764401e-01 -4.826611e-03
9.604000e+00 1.106623e+00 7.762915e-01 -4.815088e-03
9.616375e+00 1.106483e+00 7.761433e-01 -4.803650e-03
9.628750e+00 1.106350e+00 7.759955e-01 -4.792273e-03
9.641125e+00 1.106220e+00 7.758480e-01 -4.780941e-03
9.653500e+00 1.106090e+00 7.757011e-01 -4.769671e-03
9.665875e+00 1.105959e+00 7.755544e-01 -4.758434e-03
9.678250e+00 1.105832e+00 7.754082e-01 -4.747239e-03
9.690625e+00 1.105704e+00 7.752623e-01 -4.736056e-03
9.703000e+00 1.105566e+00 7.751168e-01 -4.724919e-03
9.715375e+00 1.105417e+00 7.749718e-01 -4.713826e-03
9.727750e+00 1.105279e+00 7.748271e-01 -4.702766e-03
9.740125e+00 1.105144e+00 7.746828e-01 -4.691780e-03
9.752500e+00 1.105020e+00 7.745389e-01 -4.680797e-03
9.764875e+00 1.104899e+00 7.743954e-01 -4.669745e-03
9.777250e+00 1.104769e+00 7.742522e-01 -4.658787e-03
9.789625e+00 1.104621e+00 7.741094e-01 -4.647955e-03
9.802000e+00 1.104484e+00 7.739671e-01 -4.637132e-03
9.814375e+00 1.104356e+00 7.738251e-01 -4.626306e-03
9.826750e+00 1.104227e+00 7.736834e-01 -4.615562e-03
9.839125e+00 1.104102e+00 7.735421e-01 -4.604856e-03
9.851500e+00 1.103993e+00 7.734013e-01 -4.594057e-03
9.863875e+00 1.103880e+00 7.732607e-01 -4.583306e-03
9.876250e+00 1.103768e+00 7.731205e-01 -4.572727e-03
9.888625e+00 1.103658e+00 7.729807e-01 -4.562240e-03
9.901000e+00 1.103542e+00 7.728413e-01 -4.551733e-03
9.913375e+00 1.103374e+00 7.727023e-01 -4.541167e-03
9.925750e+00 1.103218e+00 7.725635e-01 -4.530662e-03
9.938125e+00 1.103065e+00 7.724252e-01 -4.520237e-03
9.950500e+00 1.102960e+00 7.722872e-01 -4.509979e-03
9.962875e+00 1.102861e+00 7.721499e-01 -4.499631e-03
9.975250e+00 1.102755e+00 7.720123e-01 -4.490586e-03
9.987625e+00 1.102648e+00 7.718812e-01 -4.478994e-03
1.000000e+01 1.102489e+00 7.717380e-01 -4.535191e-03
