###############PARAM###############
0.000000e+00 
401 
###################################
0.000000e+00 1.000000e+01 1.333000e+01 0.000000e+00
2.500000e-03 1.000000e+01 1.333000e+01 0.000000e+00
5.000000e-03 1.000000e+01 1.333000e+01 0.000000e+00
7.500000e-03 1.000000e+01 1.333000e+01 0.000000e+00
1.000000e-02 1.000000e+01 1.333000e+01 0.000000e+00
1.250000e-02 1.000000e+01 1.333000e+01 0.000000e+00
1.500000e-02 1.000000e+01 1.333000e+01 0.000000e+00
1.750000e-02 1.000000e+01 1.333000e+01 0.000000e+00
2.000000e-02 1.000000e+01 1.333000e+01 0.000000e+00
2.250000e-02 1.000000e+01 1.333000e+01 0.000000e+00
2.500000e-02 1.000000e+01 1.333000e+01 0.000000e+00
2.750000e-02 1.000000e+01 1.333000e+01 0.000000e+00
3.000000e-02 1.000000e+01 1.333000e+01 0.000000e+00
3.250000e-02 1.000000e+01 1.333000e+01 0.000000e+00
3.500000e-02 1.000000e+01 1.333000e+01 0.000000e+00
3.750000e-02 1.000000e+01 1.333000e+01 0.000000e+00
4.000000e-02 1.000000e+01 1.333000e+01 0.000000e+00
4.250000e-02 1.000000e+01 1.333000e+01 0.000000e+00
4.500000e-02 1.000000e+01 1.333000e+01 0.000000e+00
4.750000e-02 1.000000e+01 1.333000e+01 0.000000e+00
5.000000e-02 1.000000e+01 1.333000e+01 0.000000e+00
5.250000e-02 1.000000e+01 1.333000e+01 0.000000e+00
5.500000e-02 1.000000e+01 1.333000e+01 0.000000e+00
5.750000e-02 1.000000e+01 1.333000e+01 0.000000e+00
6.000000e-02 1.000000e+01 1.333000e+01 0.000000e+00
6.250000e-02 1.000000e+01 1.333000e+01 0.000000e+00
6.500000e-02 1.000000e+01 1.333000e+01 0.000000e+00
6.750000e-02 1.000000e+01 1.333000e+01 0.000000e+00
7.000000e-02 1.000000e+01 1.333000e+01 0.000000e+00
7.250000e-02 1.000000e+01 1.333000e+01 0.000000e+00
7.500000e-02 1.000000e+01 1.333000e+01 0.000000e+00
7.750000e-02 1.000000e+01 1.333000e+01 0.000000e+00
8.000000e-02 1.000000e+01 1.333000e+01 0.000000e+00
8.250000e-02 1.000000e+01 1.333000e+01 0.000000e+00
8.500000e-02 1.000000e+01 1.333000e+01 0.000000e+00
8.750000e-02 1.000000e+01 1.333000e+01 0.000000e+00
9.000000e-02 1.000000e+01 1.333000e+01 0.000000e+00
9.250000e-02 1.000000e+01 1.333000e+01 0.000000e+00
9.500000e-02 1.000000e+01 1.333000e+01 0.000000e+00
9.750000e-02 1.000000e+01 1.333000e+01 0.000000e+00
1.000000e-01 1.000000e+01 1.333000e+01 0.000000e+00
1.025000e-01 1.000000e+01 1.333000e+01 0.000000e+00
1.050000e-01 1.000000e+01 1.333000e+01 0.000000e+00
1.075000e-01 1.000000e+01 1.333000e+01 0.000000e+00
1.100000e-01 1.000000e+01 1.333000e+01 0.000000e+00
1.125000e-01 1.000000e+01 1.333000e+01 0.000000e+00
1.150000e-01 1.000000e+01 1.333000e+01 0.000000e+00
1.175000e-01 1.000000e+01 1.333000e+01 0.000000e+00
1.200000e-01 1.000000e+01 1.333000e+01 0.000000e+00
1.225000e-01 1.000000e+01 1.333000e+01 0.000000e+00
1.250000e-01 1.000000e+01 1.333000e+01 0.000000e+00
1.275000e-01 1.000000e+01 1.333000e+01 0.000000e+00
1.300000e-01 1.000000e+01 1.333000e+01 0.000000e+00
1.325000e-01 1.000000e+01 1.333000e+01 0.000000e+00
1.350000e-01 1.000000e+01 1.333000e+01 0.000000e+00
1.375000e-01 1.000000e+01 1.333000e+01 0.000000e+00
1.400000e-01 1.000000e+01 1.333000e+01 0.000000e+00
1.425000e-01 1.000000e+01 1.333000e+01 0.000000e+00
1.450000e-01 1.000000e+01 1.333000e+01 0.000000e+00
1.475000e-01 1.000000e+01 1.333000e+01 0.000000e+00
1.500000e-01 1.000000e+01 1.333000e+01 0.000000e+00
1.525000e-01 1.000000e+01 1.333000e+01 0.000000e+00
1.550000e-01 1.000000e+01 1.333000e+01 0.000000e+00
1.575000e-01 1.000000e+01 1.333000e+01 0.000000e+00
1.600000e-01 1.000000e+01 1.333000e+01 0.000000e+00
1.625000e-01 1.000000e+01 1.333000e+01 0.000000e+00
1.650000e-01 1.000000e+01 1.333000e+01 0.000000e+00
1.675000e-01 1.000000e+01 1.333000e+01 0.000000e+00
1.700000e-01 1.000000e+01 1.333000e+01 0.000000e+00
1.725000e-01 1.000000e+01 1.333000e+01 0.000000e+00
1.750000e-01 1.000000e+01 1.333000e+01 0.000000e+00
1.775000e-01 1.000000e+01 1.333000e+01 0.000000e+00
1.800000e-01 1.000000e+01 1.333000e+01 0.000000e+00
1.825000e-01 1.000000e+01 1.333000e+01 0.000000e+00
1.850000e-01 1.000000e+01 1.333000e+01 0.000000e+00
1.875000e-01 1.000000e+01 1.333000e+01 0.000000e+00
1.900000e-01 1.000000e+01 1.333000e+01 0.000000e+00
1.925000e-01 1.000000e+01 1.333000e+01 0.000000e+00
1.950000e-01 1.000000e+01 1.333000e+01 0.000000e+00
1.975000e-01 1.000000e+01 1.333000e+01 0.000000e+00
2.000000e-01 1.000000e+01 1.333000e+01 0.000000e+00
2.025000e-01 1.000000e+01 1.333000e+01 0.000000e+00
2.050000e-01 1.000000e+01 1.333000e+01 0.000000e+00
2.075000e-01 1.000000e+01 1.333000e+01 0.000000e+00
2.100000e-01 1.000000e+01 1.333000e+01 0.000000e+00
2.125000e-01 1.000000e+01 1.333000e+01 0.000000e+00
2.150000e-01 1.000000e+01 1.333000e+01 0.000000e+00
2.175000e-01 1.000000e+01 1.333000e+01 0.000000e+00
2.200000e-01 1.000000e+01 1.333000e+01 0.000000e+00
2.225000e-01 1.000000e+01 1.333000e+01 0.000000e+00
2.250000e-01 1.000000e+01 1.333000e+01 0.000000e+00
2.275000e-01 1.000000e+01 1.333000e+01 0.000000e+00
2.300000e-01 1.000000e+01 1.333000e+01 0.000000e+00
2.325000e-01 1.000000e+01 1.333000e+01 0.000000e+00
2.350000e-01 1.000000e+01 1.333000e+01 0.000000e+00
2.375000e-01 1.000000e+01 1.333000e+01 0.000000e+00
2.400000e-01 1.000000e+01 1.333000e+01 0.000000e+00
2.425000e-01 1.000000e+01 1.333000e+01 0.000000e+00
2.450000e-01 1.000000e+01 1.333000e+01 0.000000e+00
2.475000e-01 1.000000e+01 1.333000e+01 0.000000e+00
2.500000e-01 1.000000e+01 1.333000e+01 0.000000e+00
2.525000e-01 1.000000e+01 1.333000e+01 0.000000e+00
2.550000e-01 1.000000e+01 1.333000e+01 0.000000e+00
2.575000e-01 1.000000e+01 1.333000e+01 0.000000e+00
2.600000e-01 1.000000e+01 1.333000e+01 0.000000e+00
2.625000e-01 1.000000e+01 1.333000e+01 0.000000e+00
2.650000e-01 1.000000e+01 1.333000e+01 0.000000e+00
2.675000e-01 1.000000e+01 1.333000e+01 0.000000e+00
2.700000e-01 1.000000e+01 1.333000e+01 0.000000e+00
2.725000e-01 1.000000e+01 1.333000e+01 0.000000e+00
2.750000e-01 1.000000e+01 1.333000e+01 0.000000e+00
2.775000e-01 1.000000e+01 1.333000e+01 0.000000e+00
2.800000e-01 1.000000e+01 1.333000e+01 0.000000e+00
2.825000e-01 1.000000e+01 1.333000e+01 0.000000e+00
2.850000e-01 1.000000e+01 1.333000e+01 0.000000e+00
2.875000e-01 1.000000e+01 1.333000e+01 0.000000e+00
2.900000e-01 1.000000e+01 1.333000e+01 0.000000e+00
2.925000e-01 1.000000e+01 1.333000e+01 0.000000e+00
2.950000e-01 1.000000e+01 1.333000e+01 0.000000e+00
2.975000e-01 1.000000e+01 1.333000e+01 0.000000e+00
3.000000e-01 1.000000e+01 1.333000e+01 0.000000e+00
3.025000e-01 1.000000e+01 1.333000e+01 0.000000e+00
3.050000e-01 1.000000e+01 1.333000e+01 0.000000e+00
3.075000e-01 1.000000e+01 1.333000e+01 0.000000e+00
3.100000e-01 1.000000e+01 1.333000e+01 0.000000e+00
3.125000e-01 1.000000e+01 1.333000e+01 0.000000e+00
3.150000e-01 1.000000e+01 1.333000e+01 0.000000e+00
3.175000e-01 1.000000e+01 1.333000e+01 0.000000e+00
3.200000e-01 1.000000e+01 1.333000e+01 0.000000e+00
3.225000e-01 1.000000e+01 1.333000e+01 0.000000e+00
3.250000e-01 1.000000e+01 1.333000e+01 0.000000e+00
3.275000e-01 1.000000e+01 1.333000e+01 0.000000e+00
3.300000e-01 1.000000e+01 1.333000e+01 0.000000e+00
3.325000e-01 1.000000e+01 1.333000e+01 0.000000e+00
3.350000e-01 1.000000e+01 1.333000e+01 0.000000e+00
3.375000e-01 1.000000e+01 1.333000e+01 0.000000e+00
3.400000e-01 1.000000e+01 1.333000e+01 0.000000e+00
3.425000e-01 1.000000e+01 1.333000e+01 0.000000e+00
3.450000e-01 1.000000e+01 1.333000e+01 0.000000e+00
3.475000e-01 1.000000e+01 1.333000e+01 0.000000e+00
3.500000e-01 1.000000e+01 1.333000e+01 0.000000e+00
3.525000e-01 1.000000e+01 1.333000e+01 0.000000e+00
3.550000e-01 1.000000e+01 1.333000e+01 0.000000e+00
3.575000e-01 1.000000e+01 1.333000e+01 0.000000e+00
3.600000e-01 1.000000e+01 1.333000e+01 0.000000e+00
3.625000e-01 1.000000e+01 1.333000e+01 0.000000e+00
3.650000e-01 1.000000e+01 1.333000e+01 0.000000e+00
3.675000e-01 1.000000e+01 1.333000e+01 0.000000e+00
3.700000e-01 1.000000e+01 1.333000e+01 0.000000e+00
3.725000e-01 1.000000e+01 1.333000e+01 0.000000e+00
3.750000e-01 1.000000e+01 1.333000e+01 0.000000e+00
3.775000e-01 1.000000e+01 1.333000e+01 0.000000e+00
3.800000e-01 1.000000e+01 1.333000e+01 0.000000e+00
3.825000e-01 1.000000e+01 1.333000e+01 0.000000e+00
3.850000e-01 1.000000e+01 1.333000e+01 0.000000e+00
3.875000e-01 1.000000e+01 1.333000e+01 0.000000e+00
3.900000e-01 1.000000e+01 1.333000e+01 0.000000e+00
3.925000e-01 1.000000e+01 1.333000e+01 0.000000e+00
3.950000e-01 1.000000e+01 1.333000e+01 0.000000e+00
3.975000e-01 1.000000e+01 1.333000e+01 0.000000e+00
4.000000e-01 1.000000e+01 1.333000e+01 0.000000e+00
4.025000e-01 1.000000e+01 1.333000e+01 0.000000e+00
4.050000e-01 1.000000e+01 1.333000e+01 0.000000e+00
4.075000e-01 1.000000e+01 1.333000e+01 0.000000e+00
4.100000e-01 1.000000e+01 1.333000e+01 0.000000e+00
4.125000e-01 1.000000e+01 1.333000e+01 0.000000e+00
4.150000e-01 1.000000e+01 1.333000e+01 0.000000e+00
4.175000e-01 1.000000e+01 1.333000e+01 0.000000e+00
4.200000e-01 1.000000e+01 1.333000e+01 0.000000e+00
4.225000e-01 1.000000e+01 1.333000e+01 0.000000e+00
4.250000e-01 1.000000e+01 1.333000e+01 0.000000e+00
4.275000e-01 1.000000e+01 1.333000e+01 0.000000e+00
4.300000e-01 1.000000e+01 1.333000e+01 0.000000e+00
4.325000e-01 1.000000e+01 1.333000e+01 0.000000e+00
4.350000e-01 1.000000e+01 1.333000e+01 0.000000e+00
4.375000e-01 1.000000e+01 1.333000e+01 0.000000e+00
4.400000e-01 1.000000e+01 1.333000e+01 0.000000e+00
4.425000e-01 1.000000e+01 1.333000e+01 0.000000e+00
4.450000e-01 1.000000e+01 1.333000e+01 0.000000e+00
4.475000e-01 1.000000e+01 1.333000e+01 0.000000e+00
4.500000e-01 1.000000e+01 1.333000e+01 0.000000e+00
4.525000e-01 1.000000e+01 1.333000e+01 0.000000e+00
4.550000e-01 1.000000e+01 1.333000e+01 0.000000e+00
4.575000e-01 1.000000e+01 1.333000e+01 0.000000e+00
4.600000e-01 1.000000e+01 1.333000e+01 0.000000e+00
4.625000e-01 1.000000e+01 1.333000e+01 0.000000e+00
4.650000e-01 1.000000e+01 1.333000e+01 0.000000e+00
4.675000e-01 1.000000e+01 1.333000e+01 0.000000e+00
4.700000e-01 1.000000e+01 1.333000e+01 0.000000e+00
4.725000e-01 1.000000e+01 1.333000e+01 0.000000e+00
4.750000e-01 1.000000e+01 1.333000e+01 0.000000e+00
4.775000e-01 1.000000e+01 1.333000e+01 0.000000e+00
4.800000e-01 1.000000e+01 1.333000e+01 0.000000e+00
4.825000e-01 1.000000e+01 1.333000e+01 0.000000e+00
4.850000e-01 1.000000e+01 1.333000e+01 0.000000e+00
4.875000e-01 1.000000e+01 1.333000e+01 0.000000e+00
4.900000e-01 1.000000e+01 1.333000e+01 0.000000e+00
4.925000e-01 1.000000e+01 1.333000e+01 0.000000e+00
4.950000e-01 1.000000e+01 1.333000e+01 0.000000e+00
4.975000e-01 1.000000e+01 1.333000e+01 0.000000e+00
5.000000e-01 1.000000e+00 1.000000e-08 0.000000e+00
5.025000e-01 1.000000e+00 1.000000e-08 0.000000e+00
5.050000e-01 1.000000e+00 1.000000e-08 0.000000e+00
5.075000e-01 1.000000e+00 1.000000e-08 0.000000e+00
5.100000e-01 1.000000e+00 1.000000e-08 0.000000e+00
5.125000e-01 1.000000e+00 1.000000e-08 0.000000e+00
5.150000e-01 1.000000e+00 1.000000e-08 0.000000e+00
5.175000e-01 1.000000e+00 1.000000e-08 0.000000e+00
5.200000e-01 1.000000e+00 1.000000e-08 0.000000e+00
5.225000e-01 1.000000e+00 1.000000e-08 0.000000e+00
5.250000e-01 1.000000e+00 1.000000e-08 0.000000e+00
5.275000e-01 1.000000e+00 1.000000e-08 0.000000e+00
5.300000e-01 1.000000e+00 1.000000e-08 0.000000e+00
5.325000e-01 1.000000e+00 1.000000e-08 0.000000e+00
5.350000e-01 1.000000e+00 1.000000e-08 0.000000e+00
5.375000e-01 1.000000e+00 1.000000e-08 0.000000e+00
5.400000e-01 1.000000e+00 1.000000e-08 0.000000e+00
5.425000e-01 1.000000e+00 1.000000e-08 0.000000e+00
5.450000e-01 1.000000e+00 1.000000e-08 0.000000e+00
5.475000e-01 1.000000e+00 1.000000e-08 0.000000e+00
5.500000e-01 1.000000e+00 1.000000e-08 0.000000e+00
5.525000e-01 1.000000e+00 1.000000e-08 0.000000e+00
5.550000e-01 1.000000e+00 1.000000e-08 0.000000e+00
5.575000e-01 1.000000e+00 1.000000e-08 0.000000e+00
5.600000e-01 1.000000e+00 1.000000e-08 0.000000e+00
5.625000e-01 1.000000e+00 1.000000e-08 0.000000e+00
5.650000e-01 1.000000e+00 1.000000e-08 0.000000e+00
5.675000e-01 1.000000e+00 1.000000e-08 0.000000e+00
5.700000e-01 1.000000e+00 1.000000e-08 0.000000e+00
5.725000e-01 1.000000e+00 1.000000e-08 0.000000e+00
5.750000e-01 1.000000e+00 1.000000e-08 0.000000e+00
5.775000e-01 1.000000e+00 1.000000e-08 0.000000e+00
5.800000e-01 1.000000e+00 1.000000e-08 0.000000e+00
5.825000e-01 1.000000e+00 1.000000e-08 0.000000e+00
5.850000e-01 1.000000e+00 1.000000e-08 0.000000e+00
5.875000e-01 1.000000e+00 1.000000e-08 0.000000e+00
5.900000e-01 1.000000e+00 1.000000e-08 0.000000e+00
5.925000e-01 1.000000e+00 1.000000e-08 0.000000e+00
5.950000e-01 1.000000e+00 1.000000e-08 0.000000e+00
5.975000e-01 1.000000e+00 1.000000e-08 0.000000e+00
6.000000e-01 1.000000e+00 1.000000e-08 0.000000e+00
6.025000e-01 1.000000e+00 1.000000e-08 0.000000e+00
6.050000e-01 1.000000e+00 1.000000e-08 0.000000e+00
6.075000e-01 1.000000e+00 1.000000e-08 0.000000e+00
6.100000e-01 1.000000e+00 1.000000e-08 0.000000e+00
6.125000e-01 1.000000e+00 1.000000e-08 0.000000e+00
6.150000e-01 1.000000e+00 1.000000e-08 0.000000e+00
6.175000e-01 1.000000e+00 1.000000e-08 0.000000e+00
6.200000e-01 1.000000e+00 1.000000e-08 0.000000e+00
6.225000e-01 1.000000e+00 1.000000e-08 0.000000e+00
6.250000e-01 1.000000e+00 1.000000e-08 0.000000e+00
6.275000e-01 1.000000e+00 1.000000e-08 0.000000e+00
6.300000e-01 1.000000e+00 1.000000e-08 0.000000e+00
6.325000e-01 1.000000e+00 1.000000e-08 0.000000e+00
6.350000e-01 1.000000e+00 1.000000e-08 0.000000e+00
6.375000e-01 1.000000e+00 1.000000e-08 0.000000e+00
6.400000e-01 1.000000e+00 1.000000e-08 0.000000e+00
6.425000e-01 1.000000e+00 1.000000e-08 0.000000e+00
6.450000e-01 1.000000e+00 1.000000e-08 0.000000e+00
6.475000e-01 1.000000e+00 1.000000e-08 0.000000e+00
6.500000e-01 1.000000e+00 1.000000e-08 0.000000e+00
6.525000e-01 1.000000e+00 1.000000e-08 0.000000e+00
6.550000e-01 1.000000e+00 1.000000e-08 0.000000e+00
6.575000e-01 1.000000e+00 1.000000e-08 0.000000e+00
6.600000e-01 1.000000e+00 1.000000e-08 0.000000e+00
6.625000e-01 1.000000e+00 1.000000e-08 0.000000e+00
6.650000e-01 1.000000e+00 1.000000e-08 0.000000e+00
6.675000e-01 1.000000e+00 1.000000e-08 0.000000e+00
6.700000e-01 1.000000e+00 1.000000e-08 0.000000e+00
6.725000e-01 1.000000e+00 1.000000e-08 0.000000e+00
6.750000e-01 1.000000e+00 1.000000e-08 0.000000e+00
6.775000e-01 1.000000e+00 1.000000e-08 0.000000e+00
6.800000e-01 1.000000e+00 1.000000e-08 0.000000e+00
6.825000e-01 1.000000e+00 1.000000e-08 0.000000e+00
6.850000e-01 1.000000e+00 1.000000e-08 0.000000e+00
6.875000e-01 1.000000e+00 1.000000e-08 0.000000e+00
6.900000e-01 1.000000e+00 1.000000e-08 0.000000e+00
6.925000e-01 1.000000e+00 1.000000e-08 0.000000e+00
6.950000e-01 1.000000e+00 1.000000e-08 0.000000e+00
6.975000e-01 1.000000e+00 1.000000e-08 0.000000e+00
7.000000e-01 1.000000e+00 1.000000e-08 0.000000e+00
7.025000e-01 1.000000e+00 1.000000e-08 0.000000e+00
7.050000e-01 1.000000e+00 1.000000e-08 0.000000e+00
7.075000e-01 1.000000e+00 1.000000e-08 0.000000e+00
7.100000e-01 1.000000e+00 1.000000e-08 0.000000e+00
7.125000e-01 1.000000e+00 1.000000e-08 0.000000e+00
7.150000e-01 1.000000e+00 1.000000e-08 0.000000e+00
7.175000e-01 1.000000e+00 1.000000e-08 0.000000e+00
7.200000e-01 1.000000e+00 1.000000e-08 0.000000e+00
7.225000e-01 1.000000e+00 1.000000e-08 0.000000e+00
7.250000e-01 1.000000e+00 1.000000e-08 0.000000e+00
7.275000e-01 1.000000e+00 1.000000e-08 0.000000e+00
7.300000e-01 1.000000e+00 1.000000e-08 0.000000e+00
7.325000e-01 1.000000e+00 1.000000e-08 0.000000e+00
7.350000e-01 1.000000e+00 1.000000e-08 0.000000e+00
7.375000e-01 1.000000e+00 1.000000e-08 0.000000e+00
7.400000e-01 1.000000e+00 1.000000e-08 0.000000e+00
7.425000e-01 1.000000e+00 1.000000e-08 0.000000e+00
7.450000e-01 1.000000e+00 1.000000e-08 0.000000e+00
7.475000e-01 1.000000e+00 1.000000e-08 0.000000e+00
7.500000e-01 1.000000e+00 1.000000e-08 0.000000e+00
7.525000e-01 1.000000e+00 1.000000e-08 0.000000e+00
7.550000e-01 1.000000e+00 1.000000e-08 0.000000e+00
7.575000e-01 1.000000e+00 1.000000e-08 0.000000e+00
7.600000e-01 1.000000e+00 1.000000e-08 0.000000e+00
7.625000e-01 1.000000e+00 1.000000e-08 0.000000e+00
7.650000e-01 1.000000e+00 1.000000e-08 0.000000e+00
7.675000e-01 1.000000e+00 1.000000e-08 0.000000e+00
7.700000e-01 1.000000e+00 1.000000e-08 0.000000e+00
7.725000e-01 1.000000e+00 1.000000e-08 0.000000e+00
7.750000e-01 1.000000e+00 1.000000e-08 0.000000e+00
7.775000e-01 1.000000e+00 1.000000e-08 0.000000e+00
7.800000e-01 1.000000e+00 1.000000e-08 0.000000e+00
7.825000e-01 1.000000e+00 1.000000e-08 0.000000e+00
7.850000e-01 1.000000e+00 1.000000e-08 0.000000e+00
7.875000e-01 1.000000e+00 1.000000e-08 0.000000e+00
7.900000e-01 1.000000e+00 1.000000e-08 0.000000e+00
7.925000e-01 1.000000e+00 1.000000e-08 0.000000e+00
7.950000e-01 1.000000e+00 1.000000e-08 0.000000e+00
7.975000e-01 1.000000e+00 1.000000e-08 0.000000e+00
8.000000e-01 1.000000e+00 1.000000e-08 0.000000e+00
8.025000e-01 1.000000e+00 1.000000e-08 0.000000e+00
8.050000e-01 1.000000e+00 1.000000e-08 0.000000e+00
8.075000e-01 1.000000e+00 1.000000e-08 0.000000e+00
8.100000e-01 1.000000e+00 1.000000e-08 0.000000e+00
8.125000e-01 1.000000e+00 1.000000e-08 0.000000e+00
8.150000e-01 1.000000e+00 1.000000e-08 0.000000e+00
8.175000e-01 1.000000e+00 1.000000e-08 0.000000e+00
8.200000e-01 1.000000e+00 1.000000e-08 0.000000e+00
8.225000e-01 1.000000e+00 1.000000e-08 0.000000e+00
8.250000e-01 1.000000e+00 1.000000e-08 0.000000e+00
8.275000e-01 1.000000e+00 1.000000e-08 0.000000e+00
8.300000e-01 1.000000e+00 1.000000e-08 0.000000e+00
8.325000e-01 1.000000e+00 1.000000e-08 0.000000e+00
8.350000e-01 1.000000e+00 1.000000e-08 0.000000e+00
8.375000e-01 1.000000e+00 1.000000e-08 0.000000e+00
8.400000e-01 1.000000e+00 1.000000e-08 0.000000e+00
8.425000e-01 1.000000e+00 1.000000e-08 0.000000e+00
8.450000e-01 1.000000e+00 1.000000e-08 0.000000e+00
8.475000e-01 1.000000e+00 1.000000e-08 0.000000e+00
8.500000e-01 1.000000e+00 1.000000e-08 0.000000e+00
8.525000e-01 1.000000e+00 1.000000e-08 0.000000e+00
8.550000e-01 1.000000e+00 1.000000e-08 0.000000e+00
8.575000e-01 1.000000e+00 1.000000e-08 0.000000e+00
8.600000e-01 1.000000e+00 1.000000e-08 0.000000e+00
8.625000e-01 1.000000e+00 1.000000e-08 0.000000e+00
8.650000e-01 1.000000e+00 1.000000e-08 0.000000e+00
8.675000e-01 1.000000e+00 1.000000e-08 0.000000e+00
8.700000e-01 1.000000e+00 1.000000e-08 0.000000e+00
8.725000e-01 1.000000e+00 1.000000e-08 0.000000e+00
8.750000e-01 1.000000e+00 1.000000e-08 0.000000e+00
8.775000e-01 1.000000e+00 1.000000e-08 0.000000e+00
8.800000e-01 1.000000e+00 1.000000e-08 0.000000e+00
8.825000e-01 1.000000e+00 1.000000e-08 0.000000e+00
8.850000e-01 1.000000e+00 1.000000e-08 0.000000e+00
8.875000e-01 1.000000e+00 1.000000e-08 0.000000e+00
8.900000e-01 1.000000e+00 1.000000e-08 0.000000e+00
8.925000e-01 1.000000e+00 1.000000e-08 0.000000e+00
8.950000e-01 1.000000e+00 1.000000e-08 0.000000e+00
8.975000e-01 1.000000e+00 1.000000e-08 0.000000e+00
9.000000e-01 1.000000e+00 1.000000e-08 0.000000e+00
9.025000e-01 1.000000e+00 1.000000e-08 0.000000e+00
9.050000e-01 1.000000e+00 1.000000e-08 0.000000e+00
9.075000e-01 1.000000e+00 1.000000e-08 0.000000e+00
9.100000e-01 1.000000e+00 1.000000e-08 0.000000e+00
9.125000e-01 1.000000e+00 1.000000e-08 0.000000e+00
9.150000e-01 1.000000e+00 1.000000e-08 0.000000e+00
9.175000e-01 1.000000e+00 1.000000e-08 0.000000e+00
9.200000e-01 1.000000e+00 1.000000e-08 0.000000e+00
9.225000e-01 1.000000e+00 1.000000e-08 0.000000e+00
9.250000e-01 1.000000e+00 1.000000e-08 0.000000e+00
9.275000e-01 1.000000e+00 1.000000e-08 0.000000e+00
9.300000e-01 1.000000e+00 1.000000e-08 0.000000e+00
9.325000e-01 1.000000e+00 1.000000e-08 0.000000e+00
9.350000e-01 1.000000e+00 1.000000e-08 0.000000e+00
9.375000e-01 1.000000e+00 1.000000e-08 0.000000e+00
9.400000e-01 1.000000e+00 1.000000e-08 0.000000e+00
9.425000e-01 1.000000e+00 1.000000e-08 0.000000e+00
9.450000e-01 1.000000e+00 1.000000e-08 0.000000e+00
9.475000e-01 1.000000e+00 1.000000e-08 0.000000e+00
9.500000e-01 1.000000e+00 1.000000e-08 0.000000e+00
9.525000e-01 1.000000e+00 1.000000e-08 0.000000e+00
9.550000e-01 1.000000e+00 1.000000e-08 0.000000e+00
9.575000e-01 1.000000e+00 1.000000e-08 0.000000e+00
9.600000e-01 1.000000e+00 1.000000e-08 0.000000e+00
9.625000e-01 1.000000e+00 1.000000e-08 0.000000e+00
9.650000e-01 1.000000e+00 1.000000e-08 0.000000e+00
9.675000e-01 1.000000e+00 1.000000e-08 0.000000e+00
9.700000e-01 1.000000e+00 1.000000e-08 0.000000e+00
9.725000e-01 1.000000e+00 1.000000e-08 0.000000e+00
9.750000e-01 1.000000e+00 1.000000e-08 0.000000e+00
9.775000e-01 1.000000e+00 1.000000e-08 0.000000e+00
9.800000e-01 1.000000e+00 1.000000e-08 0.000000e+00
9.825000e-01 1.000000e+00 1.000000e-08 0.000000e+00
9.850000e-01 1.000000e+00 1.000000e-08 0.000000e+00
9.875000e-01 1.000000e+00 1.000000e-08 0.000000e+00
9.900000e-01 1.000000e+00 1.000000e-08 0.000000e+00
9.925000e-01 1.000000e+00 1.000000e-08 0.000000e+00
9.950000e-01 1.000000e+00 1.000000e-08 0.000000e+00
9.975000e-01 1.000000e+00 1.000000e-08 0.000000e+00
1.000000e+00 1.000000e+00 1.000000e-08 0.000000e+00
