###############PARAM###############
2.005113e-01 
101 
###################################
0.000000e+00 1.000000e+01 1.333000e+01 0.000000e+00
1.000000e-02 1.000000e+01 1.333000e+01 0.000000e+00
2.000000e-02 1.000000e+01 1.333000e+01 0.000000e+00
3.000000e-02 1.000000e+01 1.333000e+01 0.000000e+00
4.000000e-02 1.000000e+01 1.333000e+01 0.000000e+00
5.000000e-02 1.000000e+01 1.333000e+01 0.000000e+00
6.000000e-02 1.000000e+01 1.333000e+01 0.000000e+00
7.000000e-02 1.000000e+01 1.333000e+01 0.000000e+00
8.000000e-02 1.000000e+01 1.333000e+01 0.000000e+00
9.000000e-02 1.000000e+01 1.333000e+01 0.000000e+00
1.000000e-01 1.000000e+01 1.333000e+01 0.000000e+00
1.100000e-01 1.000000e+01 1.333000e+01 0.000000e+00
1.200000e-01 1.000000e+01 1.333000e+01 0.000000e+00
1.300000e-01 1.000000e+01 1.333000e+01 0.000000e+00
1.400000e-01 1.000000e+01 1.333000e+01 0.000000e+00
1.500000e-01 1.000000e+01 1.333000e+01 0.000000e+00
1.600000e-01 1.000000e+01 1.333000e+01 0.000000e+00
1.700000e-01 1.000000e+01 1.333000e+01 0.000000e+00
1.800000e-01 9.998935e+00 1.332756e+01 1.637291e-04
1.900000e-01 9.923581e+00 1.316059e+01 1.142413e-02
2.000000e-01 9.746910e+00 1.277274e+01 3.804502e-02
2.100000e-01 9.538525e+00 1.232115e+01 6.987792e-02
2.200000e-01 9.322173e+00 1.185901e+01 1.034267e-01
2.300000e-01 9.104000e+00 1.140013e+01 1.377742e-01
2.400000e-01 8.886142e+00 1.094916e+01 1.726224e-01
2.500000e-01 8.669672e+00 1.050831e+01 2.078191e-01
2.600000e-01 8.455140e+00 1.007856e+01 2.432857e-01
2.700000e-01 8.242915e+00 9.660500e+00 2.789672e-01
2.800000e-01 8.033258e+00 9.254480e+00 3.148231e-01
2.900000e-01 7.826341e+00 8.860639e+00 3.508271e-01
3.000000e-01 7.622293e+00 8.479012e+00 3.869590e-01
3.100000e-01 7.421213e+00 8.109552e+00 4.232019e-01
3.200000e-01 7.223177e+00 7.752144e+00 4.595419e-01
3.300000e-01 7.028242e+00 7.406641e+00 4.959680e-01
3.400000e-01 6.836451e+00 7.072871e+00 5.324711e-01
3.500000e-01 6.647831e+00 6.750645e+00 5.690433e-01
3.600000e-01 6.462403e+00 6.439759e+00 6.056772e-01
3.700000e-01 6.280180e+00 6.140000e+00 6.423653e-01
3.800000e-01 6.101181e+00 5.851151e+00 6.791002e-01
3.900000e-01 5.925429e+00 5.572993e+00 7.158741e-01
4.000000e-01 5.752946e+00 5.305304e+00 7.526789e-01
4.100000e-01 5.583756e+00 5.047860e+00 7.895062e-01
4.200000e-01 5.417878e+00 4.800438e+00 8.263458e-01
4.300000e-01 5.255329e+00 4.562819e+00 8.631859e-01
4.400000e-01 5.096127e+00 4.334787e+00 9.000124e-01
4.500000e-01 4.940298e+00 4.116141e+00 9.368084e-01
4.600000e-01 4.787875e+00 3.906685e+00 9.735539e-01
4.700000e-01 4.638902e+00 3.706233e+00 1.010226e+00
4.800000e-01 4.493425e+00 3.514596e+00 1.046800e+00
4.900000e-01 4.351467e+00 3.331552e+00 1.083255e+00
5.000000e-01 4.212924e+00 3.156705e+00 1.119604e+00
5.100000e-01 4.076741e+00 2.988564e+00 1.156120e+00
5.200000e-01 3.945312e+00 2.829745e+00 1.192152e+00
5.300000e-01 3.818378e+00 2.679748e+00 1.227677e+00
5.400000e-01 3.696005e+00 2.538197e+00 1.262871e+00
5.500000e-01 3.580423e+00 2.406597e+00 1.295939e+00
5.600000e-01 3.502206e+00 2.324140e+00 1.323391e+00
5.700000e-01 3.482394e+00 2.297474e+00 1.324790e+00
5.800000e-01 3.484834e+00 2.300203e+00 1.324049e+00
5.900000e-01 3.492209e+00 2.308495e+00 1.321851e+00
6.000000e-01 3.498572e+00 2.313492e+00 1.320105e+00
6.100000e-01 3.499985e+00 2.314232e+00 1.319669e+00
6.200000e-01 3.499424e+00 2.314658e+00 1.319766e+00
6.300000e-01 3.499311e+00 2.316056e+00 1.319955e+00
6.400000e-01 3.500388e+00 2.319167e+00 1.320100e+00
6.500000e-01 3.502825e+00 2.322787e+00 1.320058e+00
6.600000e-01 3.506078e+00 2.326224e+00 1.319851e+00
6.700000e-01 3.509118e+00 2.328855e+00 1.319445e+00
6.800000e-01 3.509525e+00 2.330790e+00 1.318970e+00
6.900000e-01 3.508303e+00 2.331968e+00 1.318483e+00
7.000000e-01 3.501116e+00 2.332186e+00 1.317859e+00
7.100000e-01 3.475338e+00 2.332049e+00 1.317087e+00
7.200000e-01 3.427530e+00 2.331628e+00 1.316259e+00
7.300000e-01 3.375952e+00 2.330976e+00 1.315510e+00
7.400000e-01 3.359186e+00 2.330372e+00 1.314944e+00
7.500000e-01 3.363796e+00 2.330313e+00 1.314645e+00
7.600000e-01 3.390140e+00 2.330711e+00 1.314689e+00
7.700000e-01 3.465450e+00 2.331484e+00 1.314945e+00
7.800000e-01 3.581020e+00 2.333090e+00 1.315323e+00
7.900000e-01 3.713301e+00 2.335412e+00 1.315963e+00
8.000000e-01 3.833125e+00 2.337848e+00 1.316809e+00
8.100000e-01 3.914810e+00 2.338067e+00 1.316952e+00
8.200000e-01 3.941055e+00 2.335217e+00 1.316050e+00
8.300000e-01 3.932836e+00 2.314685e+00 1.311110e+00
8.400000e-01 3.848527e+00 2.206923e+00 1.282992e+00
8.500000e-01 3.282258e+00 1.659376e+00 1.121482e+00
8.600000e-01 1.649840e+00 3.787685e-01 4.612306e-01
8.700000e-01 1.005767e+00 1.013230e-02 1.244557e-03
8.800000e-01 1.000000e+00 1.000000e-02 0.000000e+00
8.900000e-01 1.000000e+00 1.000000e-02 0.000000e+00
9.000000e-01 1.000000e+00 1.000000e-02 0.000000e+00
9.100000e-01 1.000000e+00 1.000000e-02 0.000000e+00
9.200000e-01 1.000000e+00 1.000000e-02 0.000000e+00
9.300000e-01 1.000000e+00 1.000000e-02 0.000000e+00
9.400000e-01 1.000000e+00 1.000000e-02 0.000000e+00
9.500000e-01 1.000000e+00 1.000000e-02 0.000000e+00
9.600000e-01 1.000000e+00 1.000000e-02 0.000000e+00
9.700000e-01 1.000000e+00 1.000000e-02 0.000000e+00
9.800000e-01 1.000000e+00 1.000000e-02 0.000000e+00
9.900000e-01 1.000000e+00 1.000000e-02 0.000000e+00
1.000000e+00 1.000000e+00 1.000000e-02 0.000000e+00
