4.450000e-01 0.000000e+00 5.627787e+00 7.286365e+00 -1.318004e-01 0.000000e+00
4.450000e-01 1.570796e-01 5.627787e+00 7.286365e+00 -1.318004e-01 0.000000e+00
4.450000e-01 3.141593e-01 5.627787e+00 7.286365e+00 -1.318004e-01 0.000000e+00
4.450000e-01 4.712389e-01 5.627787e+00 7.286365e+00 -1.318004e-01 0.000000e+00
4.450000e-01 6.283185e-01 5.627787e+00 7.286365e+00 -1.318004e-01 0.000000e+00
4.450000e-01 7.853982e-01 5.627787e+00 7.286365e+00 -1.318004e-01 0.000000e+00
4.450000e-01 9.424778e-01 5.627787e+00 7.286365e+00 -1.318004e-01 0.000000e+00
4.450000e-01 1.099557e+00 5.627787e+00 7.286365e+00 -1.318004e-01 0.000000e+00
4.450000e-01 1.256637e+00 5.627787e+00 7.286365e+00 -1.318004e-01 0.000000e+00
4.450000e-01 1.413717e+00 5.627787e+00 7.286365e+00 -1.318004e-01 0.000000e+00
4.450000e-01 1.570796e+00 5.627787e+00 7.286365e+00 -1.318004e-01 0.000000e+00
5.425000e-01 0.000000e+00 4.284714e+00 5.193302e+00 -2.032279e-01 0.000000e+00
5.425000e-01 1.570796e-01 4.284714e+00 5.193302e+00 -2.032279e-01 0.000000e+00
5.425000e-01 3.141593e-01 4.284714e+00 5.193302e+00 -2.032279e-01 0.000000e+00
5.425000e-01 4.712389e-01 4.284714e+00 5.193302e+00 -2.032279e-01 0.000000e+00
5.425000e-01 6.283185e-01 4.284714e+00 5.193302e+00 -2.032279e-01 0.000000e+00
5.425000e-01 7.853982e-01 4.284714e+00 5.193302e+00 -2.032279e-01 0.000000e+00
5.425000e-01 9.424778e-01 4.284714e+00 5.193302e+00 -2.032279e-01 0.000000e+00
5.425000e-01 1.099557e+00 4.284714e+00 5.193302e+00 -2.032279e-01 0.000000e+00
5.425000e-01 1.256637e+00 4.284714e+00 5.193302e+00 -2.032279e-01 0.000000e+00
5.425000e-01 1.413717e+00 4.284714e+00 5.193302e+00 -2.032279e-01 0.000000e+00
5.425000e-01 1.570796e+00 4.284714e+00 5.193302e+00 -2.032279e-01 0.000000e+00
6.400000e-01 0.000000e+00 3.540533e+00 4.021568e+00 -1.853726e-01 0.000000e+00
6.400000e-01 1.570796e-01 3.540533e+00 4.021568e+00 -1.853726e-01 0.000000e+00
6.400000e-01 3.141593e-01 3.540533e+00 4.021568e+00 -1.853726e-01 0.000000e+00
6.400000e-01 4.712389e-01 3.540533e+00 4.021568e+00 -1.853726e-01 0.000000e+00
6.400000e-01 6.283185e-01 3.540533e+00 4.021568e+00 -1.853726e-01 0.000000e+00
6.400000e-01 7.853982e-01 3.540533e+00 4.021568e+00 -1.853726e-01 0.000000e+00
6.400000e-01 9.424778e-01 3.540533e+00 4.021568e+00 -1.853726e-01 0.000000e+00
6.400000e-01 1.099557e+00 3.540533e+00 4.021568e+00 -1.853726e-01 0.000000e+00
6.400000e-01 1.256637e+00 3.540533e+00 4.021568e+00 -1.853726e-01 0.000000e+00
6.400000e-01 1.413717e+00 3.540533e+00 4.021568e+00 -1.853726e-01 0.000000e+00
6.400000e-01 1.570796e+00 3.540533e+00 4.021568e+00 -1.853726e-01 0.000000e+00
7.375000e-01 0.000000e+00 3.062127e+00 3.330427e+00 -1.676427e-01 0.000000e+00
7.375000e-01 1.570796e-01 3.062127e+00 3.330427e+00 -1.676427e-01 0.000000e+00
7.375000e-01 3.141593e-01 3.062127e+00 3.330427e+00 -1.676427e-01 0.000000e+00
7.375000e-01 4.712389e-01 3.062127e+00 3.330427e+00 -1.676427e-01 0.000000e+00
7.375000e-01 6.283185e-01 3.062127e+00 3.330427e+00 -1.676427e-01 0.000000e+00
7.375000e-01 7.853982e-01 3.062127e+00 3.330427e+00 -1.676427e-01 0.000000e+00
7.375000e-01 9.424778e-01 3.062127e+00 3.330427e+00 -1.676427e-01 0.000000e+00
7.375000e-01 1.099557e+00 3.062127e+00 3.330427e+00 -1.676427e-01 0.000000e+00
7.375000e-01 1.256637e+00 3.062127e+00 3.330427e+00 -1.676427e-01 0.000000e+00
7.375000e-01 1.413717e+00 3.062127e+00 3.330427e+00 -1.676427e-01 0.000000e+00
7.375000e-01 1.570796e+00 3.062127e+00 3.330427e+00 -1.676427e-01 0.000000e+00
8.350000e-01 0.000000e+00 2.737575e+00 2.868312e+00 -1.484433e-01 0.000000e+00
8.350000e-01 1.570796e-01 2.737575e+00 2.868312e+00 -1.484433e-01 0.000000e+00
8.350000e-01 3.141593e-01 2.737575e+00 2.868312e+00 -1.484433e-01 0.000000e+00
8.350000e-01 4.712389e-01 2.737575e+00 2.868312e+00 -1.484433e-01 0.000000e+00
8.350000e-01 6.283185e-01 2.737575e+00 2.868312e+00 -1.484433e-01 0.000000e+00
8.350000e-01 7.853982e-01 2.737575e+00 2.868312e+00 -1.484433e-01 0.000000e+00
8.350000e-01 9.424778e-01 2.737575e+00 2.868312e+00 -1.484433e-01 0.000000e+00
8.350000e-01 1.099557e+00 2.737575e+00 2.868312e+00 -1.484433e-01 0.000000e+00
8.350000e-01 1.256637e+00 2.737575e+00 2.868312e+00 -1.484433e-01 0.000000e+00
8.350000e-01 1.413717e+00 2.737575e+00 2.868312e+00 -1.484433e-01 0.000000e+00
8.350000e-01 1.570796e+00 2.737575e+00 2.868312e+00 -1.484433e-01 0.000000e+00
9.325000e-01 0.000000e+00 2.498893e+00 2.542034e+00 -1.315500e-01 0.000000e+00
9.325000e-01 1.570796e-01 2.498893e+00 2.542034e+00 -1.315500e-01 0.000000e+00
9.325000e-01 3.141593e-01 2.498893e+00 2.542034e+00 -1.315500e-01 0.000000e+00
9.325000e-01 4.712389e-01 2.498893e+00 2.542034e+00 -1.315500e-01 0.000000e+00
9.325000e-01 6.283185e-01 2.498893e+00 2.542034e+00 -1.315500e-01 0.000000e+00
9.325000e-01 7.853982e-01 2.498893e+00 2.542034e+00 -1.315500e-01 0.000000e+00
9.325000e-01 9.424778e-01 2.498893e+00 2.542034e+00 -1.315500e-01 0.000000e+00
9.325000e-01 1.099557e+00 2.498893e+00 2.542034e+00 -1.315500e-01 0.000000e+00
9.325000e-01 1.256637e+00 2.498893e+00 2.542034e+00 -1.315500e-01 0.000000e+00
9.325000e-01 1.413717e+00 2.498893e+00 2.542034e+00 -1.315500e-01 0.000000e+00
9.325000e-01 1.570796e+00 2.498893e+00 2.542034e+00 -1.315500e-01 0.000000e+00
1.030000e+00 0.000000e+00 2.317427e+00 2.299363e+00 -1.168129e-01 0.000000e+00
1.030000e+00 1.570796e-01 2.317427e+00 2.299363e+00 -1.168129e-01 0.000000e+00
1.030000e+00 3.141593e-01 2.317427e+00 2.299363e+00 -1.168129e-01 0.000000e+00
1.030000e+00 4.712389e-01 2.317427e+00 2.299363e+00 -1.168129e-01 0.000000e+00
1.030000e+00 6.283185e-01 2.317427e+00 2.299363e+00 -1.168129e-01 0.000000e+00
1.030000e+00 7.853982e-01 2.317427e+00 2.299363e+00 -1.168129e-01 0.000000e+00
1.030000e+00 9.424778e-01 2.317427e+00 2.299363e+00 -1.168129e-01 0.000000e+00
1.030000e+00 1.099557e+00 2.317427e+00 2.299363e+00 -1.168129e-01 0.000000e+00
1.030000e+00 1.256637e+00 2.317427e+00 2.299363e+00 -1.168129e-01 0.000000e+00
1.030000e+00 1.413717e+00 2.317427e+00 2.299363e+00 -1.168129e-01 0.000000e+00
1.030000e+00 1.570796e+00 2.317427e+00 2.299363e+00 -1.168129e-01 0.000000e+00
1.127500e+00 0.000000e+00 2.174345e+00 2.112492e+00 -1.042015e-01 0.000000e+00
1.127500e+00 1.570796e-01 2.174345e+00 2.112492e+00 -1.042015e-01 0.000000e+00
1.127500e+00 3.141593e-01 2.174345e+00 2.112492e+00 -1.042015e-01 0.000000e+00
1.127500e+00 4.712389e-01 2.174345e+00 2.112492e+00 -1.042015e-01 0.000000e+00
1.127500e+00 6.283185e-01 2.174345e+00 2.112492e+00 -1.042015e-01 0.000000e+00
1.127500e+00 7.853982e-01 2.174345e+00 2.112492e+00 -1.042015e-01 0.000000e+00
1.127500e+00 9.424778e-01 2.174345e+00 2.112492e+00 -1.042015e-01 0.000000e+00
1.127500e+00 1.099557e+00 2.174345e+00 2.112492e+00 -1.042015e-01 0.000000e+00
1.127500e+00 1.256637e+00 2.174345e+00 2.112492e+00 -1.042015e-01 0.000000e+00
1.127500e+00 1.413717e+00 2.174345e+00 2.112492e+00 -1.042015e-01 0.000000e+00
1.127500e+00 1.570796e+00 2.174345e+00 2.112492e+00 -1.042015e-01 0.000000e+00
1.225000e+00 0.000000e+00 2.058868e+00 1.964432e+00 -9.339876e-02 0.000000e+00
1.225000e+00 1.570796e-01 2.058868e+00 1.964432e+00 -9.339876e-02 0.000000e+00
1.225000e+00 3.141593e-01 2.058868e+00 1.964432e+00 -9.339876e-02 0.000000e+00
1.225000e+00 4.712389e-01 2.058868e+00 1.964432e+00 -9.339876e-02 0.000000e+00
1.225000e+00 6.283185e-01 2.058868e+00 1.964432e+00 -9.339876e-02 0.000000e+00
1.225000e+00 7.853982e-01 2.058868e+00 1.964432e+00 -9.339876e-02 0.000000e+00
1.225000e+00 9.424778e-01 2.058868e+00 1.964432e+00 -9.339876e-02 0.000000e+00
1.225000e+00 1.099557e+00 2.058868e+00 1.964432e+00 -9.339876e-02 0.000000e+00
1.225000e+00 1.256637e+00 2.058868e+00 1.964432e+00 -9.339876e-02 0.000000e+00
1.225000e+00 1.413717e+00 2.058868e+00 1.964432e+00 -9.339876e-02 0.000000e+00
1.225000e+00 1.570796e+00 2.058868e+00 1.964432e+00 -9.339876e-02 0.000000e+00
1.322500e+00 0.000000e+00 1.963716e+00 1.844454e+00 -8.412359e-02 0.000000e+00
1.322500e+00 1.570796e-01 1.963716e+00 1.844454e+00 -8.412359e-02 0.000000e+00
1.322500e+00 3.141593e-01 1.963716e+00 1.844454e+00 -8.412359e-02 0.000000e+00
1.322500e+00 4.712389e-01 1.963716e+00 1.844454e+00 -8.412359e-02 0.000000e+00
1.322500e+00 6.283185e-01 1.963716e+00 1.844454e+00 -8.412359e-02 0.000000e+00
1.322500e+00 7.853982e-01 1.963716e+00 1.844454e+00 -8.412359e-02 0.000000e+00
1.322500e+00 9.424778e-01 1.963716e+00 1.844454e+00 -8.412359e-02 0.000000e+00
1.322500e+00 1.099557e+00 1.963716e+00 1.844454e+00 -8.412359e-02 0.000000e+00
1.322500e+00 1.256637e+00 1.963716e+00 1.844454e+00 -8.412359e-02 0.000000e+00
1.322500e+00 1.413717e+00 1.963716e+00 1.844454e+00 -8.412359e-02 0.000000e+00
1.322500e+00 1.570796e+00 1.963716e+00 1.844454e+00 -8.412359e-02 0.000000e+00
1.420000e+00 0.000000e+00 1.884024e+00 1.745401e+00 -7.612190e-02 0.000000e+00
1.420000e+00 1.570796e-01 1.884024e+00 1.745401e+00 -7.612190e-02 0.000000e+00
1.420000e+00 3.141593e-01 1.884024e+00 1.745401e+00 -7.612190e-02 0.000000e+00
1.420000e+00 4.712389e-01 1.884024e+00 1.745401e+00 -7.612190e-02 0.000000e+00
1.420000e+00 6.283185e-01 1.884024e+00 1.745401e+00 -7.612190e-02 0.000000e+00
1.420000e+00 7.853982e-01 1.884024e+00 1.745401e+00 -7.612190e-02 0.000000e+00
1.420000e+00 9.424778e-01 1.884024e+00 1.745401e+00 -7.612190e-02 0.000000e+00
1.420000e+00 1.099557e+00 1.884024e+00 1.745401e+00 -7.612190e-02 0.000000e+00
1.420000e+00 1.256637e+00 1.884024e+00 1.745401e+00 -7.612190e-02 0.000000e+00
1.420000e+00 1.413717e+00 1.884024e+00 1.745401e+00 -7.612190e-02 0.000000e+00
1.420000e+00 1.570796e+00 1.884024e+00 1.745401e+00 -7.612190e-02 0.000000e+00
1.517500e+00 0.000000e+00 1.816331e+00 1.662335e+00 -6.918290e-02 0.000000e+00
1.517500e+00 1.570796e-01 1.816331e+00 1.662335e+00 -6.918290e-02 0.000000e+00
1.517500e+00 3.141593e-01 1.816331e+00 1.662335e+00 -6.918290e-02 0.000000e+00
1.517500e+00 4.712389e-01 1.816331e+00 1.662335e+00 -6.918290e-02 0.000000e+00
1.517500e+00 6.283185e-01 1.816331e+00 1.662335e+00 -6.918290e-02 0.000000e+00
1.517500e+00 7.853982e-01 1.816331e+00 1.662335e+00 -6.918290e-02 0.000000e+00
1.517500e+00 9.424778e-01 1.816331e+00 1.662335e+00 -6.918290e-02 0.000000e+00
1.517500e+00 1.099557e+00 1.816331e+00 1.662335e+00 -6.918290e-02 0.000000e+00
1.517500e+00 1.256637e+00 1.816331e+00 1.662335e+00 -6.918290e-02 0.000000e+00
1.517500e+00 1.413717e+00 1.816331e+00 1.662335e+00 -6.918290e-02 0.000000e+00
1.517500e+00 1.570796e+00 1.816331e+00 1.662335e+00 -6.918290e-02 0.000000e+00
1.615000e+00 0.000000e+00 1.758130e+00 1.591741e+00 -6.313323e-02 0.000000e+00
1.615000e+00 1.570796e-01 1.758130e+00 1.591741e+00 -6.313323e-02 0.000000e+00
1.615000e+00 3.141593e-01 1.758130e+00 1.591741e+00 -6.313323e-02 0.000000e+00
1.615000e+00 4.712389e-01 1.758130e+00 1.591741e+00 -6.313323e-02 0.000000e+00
1.615000e+00 6.283185e-01 1.758130e+00 1.591741e+00 -6.313323e-02 0.000000e+00
1.615000e+00 7.853982e-01 1.758130e+00 1.591741e+00 -6.313323e-02 0.000000e+00
1.615000e+00 9.424778e-01 1.758130e+00 1.591741e+00 -6.313323e-02 0.000000e+00
1.615000e+00 1.099557e+00 1.758130e+00 1.591741e+00 -6.313323e-02 0.000000e+00
1.615000e+00 1.256637e+00 1.758130e+00 1.591741e+00 -6.313323e-02 0.000000e+00
1.615000e+00 1.413717e+00 1.758130e+00 1.591741e+00 -6.313323e-02 0.000000e+00
1.615000e+00 1.570796e+00 1.758130e+00 1.591741e+00 -6.313323e-02 0.000000e+00
1.712500e+00 0.000000e+00 1.707590e+00 1.531053e+00 -5.783144e-02 0.000000e+00
1.712500e+00 1.570796e-01 1.707590e+00 1.531053e+00 -5.783144e-02 0.000000e+00
1.712500e+00 3.141593e-01 1.707590e+00 1.531053e+00 -5.783144e-02 0.000000e+00
1.712500e+00 4.712389e-01 1.707590e+00 1.531053e+00 -5.783144e-02 0.000000e+00
1.712500e+00 6.283185e-01 1.707590e+00 1.531053e+00 -5.783144e-02 0.000000e+00
1.712500e+00 7.853982e-01 1.707590e+00 1.531053e+00 -5.783144e-02 0.000000e+00
1.712500e+00 9.424778e-01 1.707590e+00 1.531053e+00 -5.783144e-02 0.000000e+00
1.712500e+00 1.099557e+00 1.707590e+00 1.531053e+00 -5.783144e-02 0.000000e+00
1.712500e+00 1.256637e+00 1.707590e+00 1.531053e+00 -5.783144e-02 0.000000e+00
1.712500e+00 1.413717e+00 1.707590e+00 1.531053e+00 -5.783144e-02 0.000000e+00
1.712500e+00 1.570796e+00 1.707590e+00 1.531053e+00 -5.783144e-02 0.000000e+00
1.810000e+00 0.000000e+00 1.663301e+00 1.478356e+00 -5.316179e-02 0.000000e+00
1.810000e+00 1.570796e-01 1.663301e+00 1.478356e+00 -5.316179e-02 0.000000e+00
1.810000e+00 3.141593e-01 1.663301e+00 1.478356e+00 -5.316179e-02 0.000000e+00
1.810000e+00 4.712389e-01 1.663301e+00 1.478356e+00 -5.316179e-02 0.000000e+00
1.810000e+00 6.283185e-01 1.663301e+00 1.478356e+00 -5.316179e-02 0.000000e+00
1.810000e+00 7.853982e-01 1.663301e+00 1.478356e+00 -5.316179e-02 0.000000e+00
1.810000e+00 9.424778e-01 1.663301e+00 1.478356e+00 -5.316179e-02 0.000000e+00
1.810000e+00 1.099557e+00 1.663301e+00 1.478356e+00 -5.316179e-02 0.000000e+00
1.810000e+00 1.256637e+00 1.663301e+00 1.478356e+00 -5.316179e-02 0.000000e+00
1.810000e+00 1.413717e+00 1.663301e+00 1.478356e+00 -5.316179e-02 0.000000e+00
1.810000e+00 1.570796e+00 1.663301e+00 1.478356e+00 -5.316179e-02 0.000000e+00
1.907500e+00 0.000000e+00 1.624182e+00 1.432194e+00 -4.902946e-02 0.000000e+00
1.907500e+00 1.570796e-01 1.624182e+00 1.432194e+00 -4.902946e-02 0.000000e+00
1.907500e+00 3.141593e-01 1.624182e+00 1.432194e+00 -4.902946e-02 0.000000e+00
1.907500e+00 4.712389e-01 1.624182e+00 1.432194e+00 -4.902946e-02 0.000000e+00
1.907500e+00 6.283185e-01 1.624182e+00 1.432194e+00 -4.902946e-02 0.000000e+00
1.907500e+00 7.853982e-01 1.624182e+00 1.432194e+00 -4.902946e-02 0.000000e+00
1.907500e+00 9.424778e-01 1.624182e+00 1.432194e+00 -4.902946e-02 0.000000e+00
1.907500e+00 1.099557e+00 1.624182e+00 1.432194e+00 -4.902946e-02 0.000000e+00
1.907500e+00 1.256637e+00 1.624182e+00 1.432194e+00 -4.902946e-02 0.000000e+00
1.907500e+00 1.413717e+00 1.624182e+00 1.432194e+00 -4.902946e-02 0.000000e+00
1.907500e+00 1.570796e+00 1.624182e+00 1.432194e+00 -4.902946e-02 0.000000e+00
2.005000e+00 0.000000e+00 1.589386e+00 1.391439e+00 -4.535628e-02 0.000000e+00
2.005000e+00 1.570796e-01 1.589386e+00 1.391439e+00 -4.535628e-02 0.000000e+00
2.005000e+00 3.141593e-01 1.589386e+00 1.391439e+00 -4.535628e-02 0.000000e+00
2.005000e+00 4.712389e-01 1.589386e+00 1.391439e+00 -4.535628e-02 0.000000e+00
2.005000e+00 6.283185e-01 1.589386e+00 1.391439e+00 -4.535628e-02 0.000000e+00
2.005000e+00 7.853982e-01 1.589386e+00 1.391439e+00 -4.535628e-02 0.000000e+00
2.005000e+00 9.424778e-01 1.589386e+00 1.391439e+00 -4.535628e-02 0.000000e+00
2.005000e+00 1.099557e+00 1.589386e+00 1.391439e+00 -4.535628e-02 0.000000e+00
2.005000e+00 1.256637e+00 1.589386e+00 1.391439e+00 -4.535628e-02 0.000000e+00
2.005000e+00 1.413717e+00 1.589386e+00 1.391439e+00 -4.535628e-02 0.000000e+00
2.005000e+00 1.570796e+00 1.589386e+00 1.391439e+00 -4.535628e-02 0.000000e+00
2.102500e+00 0.000000e+00 1.558242e+00 1.355208e+00 -4.207726e-02 0.000000e+00
2.102500e+00 1.570796e-01 1.558242e+00 1.355208e+00 -4.207726e-02 0.000000e+00
2.102500e+00 3.141593e-01 1.558242e+00 1.355208e+00 -4.207726e-02 0.000000e+00
2.102500e+00 4.712389e-01 1.558242e+00 1.355208e+00 -4.207726e-02 0.000000e+00
2.102500e+00 6.283185e-01 1.558242e+00 1.355208e+00 -4.207726e-02 0.000000e+00
2.102500e+00 7.853982e-01 1.558242e+00 1.355208e+00 -4.207726e-02 0.000000e+00
2.102500e+00 9.424778e-01 1.558242e+00 1.355208e+00 -4.207726e-02 0.000000e+00
2.102500e+00 1.099557e+00 1.558242e+00 1.355208e+00 -4.207726e-02 0.000000e+00
2.102500e+00 1.256637e+00 1.558242e+00 1.355208e+00 -4.207726e-02 0.000000e+00
2.102500e+00 1.413717e+00 1.558242e+00 1.355208e+00 -4.207726e-02 0.000000e+00
2.102500e+00 1.570796e+00 1.558242e+00 1.355208e+00 -4.207726e-02 0.000000e+00
2.200000e+00 0.000000e+00 1.530205e+00 1.322797e+00 -3.913849e-02 0.000000e+00
2.200000e+00 1.570796e-01 1.530205e+00 1.322797e+00 -3.913849e-02 0.000000e+00
2.200000e+00 3.141593e-01 1.530205e+00 1.322797e+00 -3.913849e-02 0.000000e+00
2.200000e+00 4.712389e-01 1.530205e+00 1.322797e+00 -3.913849e-02 0.000000e+00
2.200000e+00 6.283185e-01 1.530205e+00 1.322797e+00 -3.913849e-02 0.000000e+00
2.200000e+00 7.853982e-01 1.530205e+00 1.322797e+00 -3.913849e-02 0.000000e+00
2.200000e+00 9.424778e-01 1.530205e+00 1.322797e+00 -3.913849e-02 0.000000e+00
2.200000e+00 1.099557e+00 1.530205e+00 1.322797e+00 -3.913849e-02 0.000000e+00
2.200000e+00 1.256637e+00 1.530205e+00 1.322797e+00 -3.913849e-02 0.000000e+00
2.200000e+00 1.413717e+00 1.530205e+00 1.322797e+00 -3.913849e-02 0.000000e+00
2.200000e+00 1.570796e+00 1.530205e+00 1.322797e+00 -3.913849e-02 0.000000e+00
2.297500e+00 0.000000e+00 1.504833e+00 1.293639e+00 -3.649514e-02 0.000000e+00
2.297500e+00 1.570796e-01 1.504833e+00 1.293639e+00 -3.649514e-02 0.000000e+00
2.297500e+00 3.141593e-01 1.504833e+00 1.293639e+00 -3.649514e-02 0.000000e+00
2.297500e+00 4.712389e-01 1.504833e+00 1.293639e+00 -3.649514e-02 0.000000e+00
2.297500e+00 6.283185e-01 1.504833e+00 1.293639e+00 -3.649514e-02 0.000000e+00
2.297500e+00 7.853982e-01 1.504833e+00 1.293639e+00 -3.649514e-02 0.000000e+00
2.297500e+00 9.424778e-01 1.504833e+00 1.293639e+00 -3.649514e-02 0.000000e+00
2.297500e+00 1.099557e+00 1.504833e+00 1.293639e+00 -3.649514e-02 0.000000e+00
2.297500e+00 1.256637e+00 1.504833e+00 1.293639e+00 -3.649514e-02 0.000000e+00
2.297500e+00 1.413717e+00 1.504833e+00 1.293639e+00 -3.649514e-02 0.000000e+00
2.297500e+00 1.570796e+00 1.504833e+00 1.293639e+00 -3.649514e-02 0.000000e+00
2.395000e+00 0.000000e+00 1.481766e+00 1.267274e+00 -3.410915e-02 0.000000e+00
2.395000e+00 1.570796e-01 1.481766e+00 1.267274e+00 -3.410915e-02 0.000000e+00
2.395000e+00 3.141593e-01 1.481766e+00 1.267274e+00 -3.410915e-02 0.000000e+00
2.395000e+00 4.712389e-01 1.481766e+00 1.267274e+00 -3.410915e-02 0.000000e+00
2.395000e+00 6.283185e-01 1.481766e+00 1.267274e+00 -3.410915e-02 0.000000e+00
2.395000e+00 7.853982e-01 1.481766e+00 1.267274e+00 -3.410915e-02 0.000000e+00
2.395000e+00 9.424778e-01 1.481766e+00 1.267274e+00 -3.410915e-02 0.000000e+00
2.395000e+00 1.099557e+00 1.481766e+00 1.267274e+00 -3.410915e-02 0.000000e+00
2.395000e+00 1.256637e+00 1.481766e+00 1.267274e+00 -3.410915e-02 0.000000e+00
2.395000e+00 1.413717e+00 1.481766e+00 1.267274e+00 -3.410915e-02 0.000000e+00
2.395000e+00 1.570796e+00 1.481766e+00 1.267274e+00 -3.410915e-02 0.000000e+00
2.492500e+00 0.000000e+00 1.460709e+00 1.243324e+00 -3.194853e-02 0.000000e+00
2.492500e+00 1.570796e-01 1.460709e+00 1.243324e+00 -3.194853e-02 0.000000e+00
2.492500e+00 3.141593e-01 1.460709e+00 1.243324e+00 -3.194853e-02 0.000000e+00
2.492500e+00 4.712389e-01 1.460709e+00 1.243324e+00 -3.194853e-02 0.000000e+00
2.492500e+00 6.283185e-01 1.460709e+00 1.243324e+00 -3.194853e-02 0.000000e+00
2.492500e+00 7.853982e-01 1.460709e+00 1.243324e+00 -3.194853e-02 0.000000e+00
2.492500e+00 9.424778e-01 1.460709e+00 1.243324e+00 -3.194853e-02 0.000000e+00
2.492500e+00 1.099557e+00 1.460709e+00 1.243324e+00 -3.194853e-02 0.000000e+00
2.492500e+00 1.256637e+00 1.460709e+00 1.243324e+00 -3.194853e-02 0.000000e+00
2.492500e+00 1.413717e+00 1.460709e+00 1.243324e+00 -3.194853e-02 0.000000e+00
2.492500e+00 1.570796e+00 1.460709e+00 1.243324e+00 -3.194853e-02 0.000000e+00
2.590000e+00 0.000000e+00 1.441414e+00 1.221476e+00 -2.998599e-02 0.000000e+00
2.590000e+00 1.570796e-01 1.441414e+00 1.221476e+00 -2.998599e-02 0.000000e+00
2.590000e+00 3.141593e-01 1.441414e+00 1.221476e+00 -2.998599e-02 0.000000e+00
2.590000e+00 4.712389e-01 1.441414e+00 1.221476e+00 -2.998599e-02 0.000000e+00
2.590000e+00 6.283185e-01 1.441414e+00 1.221476e+00 -2.998599e-02 0.000000e+00
2.590000e+00 7.853982e-01 1.441414e+00 1.221476e+00 -2.998599e-02 0.000000e+00
2.590000e+00 9.424778e-01 1.441414e+00 1.221476e+00 -2.998599e-02 0.000000e+00
2.590000e+00 1.099557e+00 1.441414e+00 1.221476e+00 -2.998599e-02 0.000000e+00
2.590000e+00 1.256637e+00 1.441414e+00 1.221476e+00 -2.998599e-02 0.000000e+00
2.590000e+00 1.413717e+00 1.441414e+00 1.221476e+00 -2.998599e-02 0.000000e+00
2.590000e+00 1.570796e+00 1.441414e+00 1.221476e+00 -2.998599e-02 0.000000e+00
2.687500e+00 0.000000e+00 1.423672e+00 1.201467e+00 -2.819798e-02 0.000000e+00
2.687500e+00 1.570796e-01 1.423672e+00 1.201467e+00 -2.819798e-02 0.000000e+00
2.687500e+00 3.141593e-01 1.423672e+00 1.201467e+00 -2.819798e-02 0.000000e+00
2.687500e+00 4.712389e-01 1.423672e+00 1.201467e+00 -2.819798e-02 0.000000e+00
2.687500e+00 6.283185e-01 1.423672e+00 1.201467e+00 -2.819798e-02 0.000000e+00
2.687500e+00 7.853982e-01 1.423672e+00 1.201467e+00 -2.819798e-02 0.000000e+00
2.687500e+00 9.424778e-01 1.423672e+00 1.201467e+00 -2.819798e-02 0.000000e+00
2.687500e+00 1.099557e+00 1.423672e+00 1.201467e+00 -2.819798e-02 0.000000e+00
2.687500e+00 1.256637e+00 1.423672e+00 1.201467e+00 -2.819798e-02 0.000000e+00
2.687500e+00 1.413717e+00 1.423672e+00 1.201467e+00 -2.819798e-02 0.000000e+00
2.687500e+00 1.570796e+00 1.423672e+00 1.201467e+00 -2.819798e-02 0.000000e+00
2.785000e+00 0.000000e+00 1.407297e+00 1.183076e+00 -2.656441e-02 0.000000e+00
2.785000e+00 1.570796e-01 1.407297e+00 1.183076e+00 -2.656441e-02 0.000000e+00
2.785000e+00 3.141593e-01 1.407297e+00 1.183076e+00 -2.656441e-02 0.000000e+00
2.785000e+00 4.712389e-01 1.407297e+00 1.183076e+00 -2.656441e-02 0.000000e+00
2.785000e+00 6.283185e-01 1.407297e+00 1.183076e+00 -2.656441e-02 0.000000e+00
2.785000e+00 7.853982e-01 1.407297e+00 1.183076e+00 -2.656441e-02 0.000000e+00
2.785000e+00 9.424778e-01 1.407297e+00 1.183076e+00 -2.656441e-02 0.000000e+00
2.785000e+00 1.099557e+00 1.407297e+00 1.183076e+00 -2.656441e-02 0.000000e+00
2.785000e+00 1.256637e+00 1.407297e+00 1.183076e+00 -2.656441e-02 0.000000e+00
2.785000e+00 1.413717e+00 1.407297e+00 1.183076e+00 -2.656441e-02 0.000000e+00
2.785000e+00 1.570796e+00 1.407297e+00 1.183076e+00 -2.656441e-02 0.000000e+00
2.882500e+00 0.000000e+00 1.392145e+00 1.166117e+00 -2.506805e-02 0.000000e+00
2.882500e+00 1.570796e-01 1.392145e+00 1.166117e+00 -2.506805e-02 0.000000e+00
2.882500e+00 3.141593e-01 1.392145e+00 1.166117e+00 -2.506805e-02 0.000000e+00
2.882500e+00 4.712389e-01 1.392145e+00 1.166117e+00 -2.506805e-02 0.000000e+00
2.882500e+00 6.283185e-01 1.392145e+00 1.166117e+00 -2.506805e-02 0.000000e+00
2.882500e+00 7.853982e-01 1.392145e+00 1.166117e+00 -2.506805e-02 0.000000e+00
2.882500e+00 9.424778e-01 1.392145e+00 1.166117e+00 -2.506805e-02 0.000000e+00
2.882500e+00 1.099557e+00 1.392145e+00 1.166117e+00 -2.506805e-02 0.000000e+00
2.882500e+00 1.256637e+00 1.392145e+00 1.166117e+00 -2.506805e-02 0.000000e+00
2.882500e+00 1.413717e+00 1.392145e+00 1.166117e+00 -2.506805e-02 0.000000e+00
2.882500e+00 1.570796e+00 1.392145e+00 1.166117e+00 -2.506805e-02 0.000000e+00
2.980000e+00 0.000000e+00 1.378077e+00 1.150431e+00 -2.369411e-02 0.000000e+00
2.980000e+00 1.570796e-01 1.378077e+00 1.150431e+00 -2.369411e-02 0.000000e+00
2.980000e+00 3.141593e-01 1.378077e+00 1.150431e+00 -2.369411e-02 0.000000e+00
2.980000e+00 4.712389e-01 1.378077e+00 1.150431e+00 -2.369411e-02 0.000000e+00
2.980000e+00 6.283185e-01 1.378077e+00 1.150431e+00 -2.369411e-02 0.000000e+00
2.980000e+00 7.853982e-01 1.378077e+00 1.150431e+00 -2.369411e-02 0.000000e+00
2.980000e+00 9.424778e-01 1.378077e+00 1.150431e+00 -2.369411e-02 0.000000e+00
2.980000e+00 1.099557e+00 1.378077e+00 1.150431e+00 -2.369411e-02 0.000000e+00
2.980000e+00 1.256637e+00 1.378077e+00 1.150431e+00 -2.369411e-02 0.000000e+00
2.980000e+00 1.413717e+00 1.378077e+00 1.150431e+00 -2.369411e-02 0.000000e+00
2.980000e+00 1.570796e+00 1.378077e+00 1.150431e+00 -2.369411e-02 0.000000e+00
3.077500e+00 0.000000e+00 1.364982e+00 1.135880e+00 -2.242963e-02 0.000000e+00
3.077500e+00 1.570796e-01 1.364982e+00 1.135880e+00 -2.242963e-02 0.000000e+00
3.077500e+00 3.141593e-01 1.364982e+00 1.135880e+00 -2.242963e-02 0.000000e+00
3.077500e+00 4.712389e-01 1.364982e+00 1.135880e+00 -2.242963e-02 0.000000e+00
3.077500e+00 6.283185e-01 1.364982e+00 1.135880e+00 -2.242963e-02 0.000000e+00
3.077500e+00 7.853982e-01 1.364982e+00 1.135880e+00 -2.242963e-02 0.000000e+00
3.077500e+00 9.424778e-01 1.364982e+00 1.135880e+00 -2.242963e-02 0.000000e+00
3.077500e+00 1.099557e+00 1.364982e+00 1.135880e+00 -2.242963e-02 0.000000e+00
3.077500e+00 1.256637e+00 1.364982e+00 1.135880e+00 -2.242963e-02 0.000000e+00
3.077500e+00 1.413717e+00 1.364982e+00 1.135880e+00 -2.242963e-02 0.000000e+00
3.077500e+00 1.570796e+00 1.364982e+00 1.135880e+00 -2.242963e-02 0.000000e+00
3.175000e+00 0.000000e+00 1.352764e+00 1.122347e+00 -2.126344e-02 0.000000e+00
3.175000e+00 1.570796e-01 1.352764e+00 1.122347e+00 -2.126344e-02 0.000000e+00
3.175000e+00 3.141593e-01 1.352764e+00 1.122347e+00 -2.126344e-02 0.000000e+00
3.175000e+00 4.712389e-01 1.352764e+00 1.122347e+00 -2.126344e-02 0.000000e+00
3.175000e+00 6.283185e-01 1.352764e+00 1.122347e+00 -2.126344e-02 0.000000e+00
3.175000e+00 7.853982e-01 1.352764e+00 1.122347e+00 -2.126344e-02 0.000000e+00
3.175000e+00 9.424778e-01 1.352764e+00 1.122347e+00 -2.126344e-02 0.000000e+00
3.175000e+00 1.099557e+00 1.352764e+00 1.122347e+00 -2.126344e-02 0.000000e+00
3.175000e+00 1.256637e+00 1.352764e+00 1.122347e+00 -2.126344e-02 0.000000e+00
3.175000e+00 1.413717e+00 1.352764e+00 1.122347e+00 -2.126344e-02 0.000000e+00
3.175000e+00 1.570796e+00 1.352764e+00 1.122347e+00 -2.126344e-02 0.000000e+00
3.272500e+00 0.000000e+00 1.341341e+00 1.109729e+00 -2.018576e-02 0.000000e+00
3.272500e+00 1.570796e-01 1.341341e+00 1.109729e+00 -2.018576e-02 0.000000e+00
3.272500e+00 3.141593e-01 1.341341e+00 1.109729e+00 -2.018576e-02 0.000000e+00
3.272500e+00 4.712389e-01 1.341341e+00 1.109729e+00 -2.018576e-02 0.000000e+00
3.272500e+00 6.283185e-01 1.341341e+00 1.109729e+00 -2.018576e-02 0.000000e+00
3.272500e+00 7.853982e-01 1.341341e+00 1.109729e+00 -2.018576e-02 0.000000e+00
3.272500e+00 9.424778e-01 1.341341e+00 1.109729e+00 -2.018576e-02 0.000000e+00
3.272500e+00 1.099557e+00 1.341341e+00 1.109729e+00 -2.018576e-02 0.000000e+00
3.272500e+00 1.256637e+00 1.341341e+00 1.109729e+00 -2.018576e-02 0.000000e+00
3.272500e+00 1.413717e+00 1.341341e+00 1.109729e+00 -2.018576e-02 0.000000e+00
3.272500e+00 1.570796e+00 1.341341e+00 1.109729e+00 -2.018576e-02 0.000000e+00
3.370000e+00 0.000000e+00 1.330634e+00 1.097938e+00 -1.918774e-02 0.000000e+00
3.370000e+00 1.570796e-01 1.330634e+00 1.097938e+00 -1.918774e-02 0.000000e+00
3.370000e+00 3.141593e-01 1.330634e+00 1.097938e+00 -1.918774e-02 0.000000e+00
3.370000e+00 4.712389e-01 1.330634e+00 1.097938e+00 -1.918774e-02 0.000000e+00
3.370000e+00 6.283185e-01 1.330634e+00 1.097938e+00 -1.918774e-02 0.000000e+00
3.370000e+00 7.853982e-01 1.330634e+00 1.097938e+00 -1.918774e-02 0.000000e+00
3.370000e+00 9.424778e-01 1.330634e+00 1.097938e+00 -1.918774e-02 0.000000e+00
3.370000e+00 1.099557e+00 1.330634e+00 1.097938e+00 -1.918774e-02 0.000000e+00
3.370000e+00 1.256637e+00 1.330634e+00 1.097938e+00 -1.918774e-02 0.000000e+00
3.370000e+00 1.413717e+00 1.330634e+00 1.097938e+00 -1.918774e-02 0.000000e+00
3.370000e+00 1.570796e+00 1.330634e+00 1.097938e+00 -1.918774e-02 0.000000e+00
3.467500e+00 0.000000e+00 1.320580e+00 1.086895e+00 -1.826177e-02 0.000000e+00
3.467500e+00 1.570796e-01 1.320580e+00 1.086895e+00 -1.826177e-02 0.000000e+00
3.467500e+00 3.141593e-01 1.320580e+00 1.086895e+00 -1.826177e-02 0.000000e+00
3.467500e+00 4.712389e-01 1.320580e+00 1.086895e+00 -1.826177e-02 0.000000e+00
3.467500e+00 6.283185e-01 1.320580e+00 1.086895e+00 -1.826177e-02 0.000000e+00
3.467500e+00 7.853982e-01 1.320580e+00 1.086895e+00 -1.826177e-02 0.000000e+00
3.467500e+00 9.424778e-01 1.320580e+00 1.086895e+00 -1.826177e-02 0.000000e+00
3.467500e+00 1.099557e+00 1.320580e+00 1.086895e+00 -1.826177e-02 0.000000e+00
3.467500e+00 1.256637e+00 1.320580e+00 1.086895e+00 -1.826177e-02 0.000000e+00
3.467500e+00 1.413717e+00 1.320580e+00 1.086895e+00 -1.826177e-02 0.000000e+00
3.467500e+00 1.570796e+00 1.320580e+00 1.086895e+00 -1.826177e-02 0.000000e+00
3.565000e+00 0.000000e+00 1.311139e+00 1.076531e+00 -1.740108e-02 0.000000e+00
3.565000e+00 1.570796e-01 1.311139e+00 1.076531e+00 -1.740108e-02 0.000000e+00
3.565000e+00 3.141593e-01 1.311139e+00 1.076531e+00 -1.740108e-02 0.000000e+00
3.565000e+00 4.712389e-01 1.311139e+00 1.076531e+00 -1.740108e-02 0.000000e+00
3.565000e+00 6.283185e-01 1.311139e+00 1.076531e+00 -1.740108e-02 0.000000e+00
3.565000e+00 7.853982e-01 1.311139e+00 1.076531e+00 -1.740108e-02 0.000000e+00
3.565000e+00 9.424778e-01 1.311139e+00 1.076531e+00 -1.740108e-02 0.000000e+00
3.565000e+00 1.099557e+00 1.311139e+00 1.076531e+00 -1.740108e-02 0.000000e+00
3.565000e+00 1.256637e+00 1.311139e+00 1.076531e+00 -1.740108e-02 0.000000e+00
3.565000e+00 1.413717e+00 1.311139e+00 1.076531e+00 -1.740108e-02 0.000000e+00
3.565000e+00 1.570796e+00 1.311139e+00 1.076531e+00 -1.740108e-02 0.000000e+00
3.662500e+00 0.000000e+00 1.302242e+00 1.066787e+00 -1.659962e-02 0.000000e+00
3.662500e+00 1.570796e-01 1.302242e+00 1.066787e+00 -1.659962e-02 0.000000e+00
3.662500e+00 3.141593e-01 1.302242e+00 1.066787e+00 -1.659962e-02 0.000000e+00
3.662500e+00 4.712389e-01 1.302242e+00 1.066787e+00 -1.659962e-02 0.000000e+00
3.662500e+00 6.283185e-01 1.302242e+00 1.066787e+00 -1.659962e-02 0.000000e+00
3.662500e+00 7.853982e-01 1.302242e+00 1.066787e+00 -1.659962e-02 0.000000e+00
3.662500e+00 9.424778e-01 1.302242e+00 1.066787e+00 -1.659962e-02 0.000000e+00
3.662500e+00 1.099557e+00 1.302242e+00 1.066787e+00 -1.659962e-02 0.000000e+00
3.662500e+00 1.256637e+00 1.302242e+00 1.066787e+00 -1.659962e-02 0.000000e+00
3.662500e+00 1.413717e+00 1.302242e+00 1.066787e+00 -1.659962e-02 0.000000e+00
3.662500e+00 1.570796e+00 1.302242e+00 1.066787e+00 -1.659962e-02 0.000000e+00
3.760000e+00 0.000000e+00 1.293843e+00 1.057609e+00 -1.585213e-02 0.000000e+00
3.760000e+00 1.570796e-01 1.293843e+00 1.057609e+00 -1.585213e-02 0.000000e+00
3.760000e+00 3.141593e-01 1.293843e+00 1.057609e+00 -1.585213e-02 0.000000e+00
3.760000e+00 4.712389e-01 1.293843e+00 1.057609e+00 -1.585213e-02 0.000000e+00
3.760000e+00 6.283185e-01 1.293843e+00 1.057609e+00 -1.585213e-02 0.000000e+00
3.760000e+00 7.853982e-01 1.293843e+00 1.057609e+00 -1.585213e-02 0.000000e+00
3.760000e+00 9.424778e-01 1.293843e+00 1.057609e+00 -1.585213e-02 0.000000e+00
3.760000e+00 1.099557e+00 1.293843e+00 1.057609e+00 -1.585213e-02 0.000000e+00
3.760000e+00 1.256637e+00 1.293843e+00 1.057609e+00 -1.585213e-02 0.000000e+00
3.760000e+00 1.413717e+00 1.293843e+00 1.057609e+00 -1.585213e-02 0.000000e+00
3.760000e+00 1.570796e+00 1.293843e+00 1.057609e+00 -1.585213e-02 0.000000e+00
3.857500e+00 0.000000e+00 1.285900e+00 1.048949e+00 -1.515390e-02 0.000000e+00
3.857500e+00 1.570796e-01 1.285900e+00 1.048949e+00 -1.515390e-02 0.000000e+00
3.857500e+00 3.141593e-01 1.285900e+00 1.048949e+00 -1.515390e-02 0.000000e+00
3.857500e+00 4.712389e-01 1.285900e+00 1.048949e+00 -1.515390e-02 0.000000e+00
3.857500e+00 6.283185e-01 1.285900e+00 1.048949e+00 -1.515390e-02 0.000000e+00
3.857500e+00 7.853982e-01 1.285900e+00 1.048949e+00 -1.515390e-02 0.000000e+00
3.857500e+00 9.424778e-01 1.285900e+00 1.048949e+00 -1.515390e-02 0.000000e+00
3.857500e+00 1.099557e+00 1.285900e+00 1.048949e+00 -1.515390e-02 0.000000e+00
3.857500e+00 1.256637e+00 1.285900e+00 1.048949e+00 -1.515390e-02 0.000000e+00
3.857500e+00 1.413717e+00 1.285900e+00 1.048949e+00 -1.515390e-02 0.000000e+00
3.857500e+00 1.570796e+00 1.285900e+00 1.048949e+00 -1.515390e-02 0.000000e+00
3.955000e+00 0.000000e+00 1.278373e+00 1.040764e+00 -1.450068e-02 0.000000e+00
3.955000e+00 1.570796e-01 1.278373e+00 1.040764e+00 -1.450068e-02 0.000000e+00
3.955000e+00 3.141593e-01 1.278373e+00 1.040764e+00 -1.450068e-02 0.000000e+00
3.955000e+00 4.712389e-01 1.278373e+00 1.040764e+00 -1.450068e-02 0.000000e+00
3.955000e+00 6.283185e-01 1.278373e+00 1.040764e+00 -1.450068e-02 0.000000e+00
3.955000e+00 7.853982e-01 1.278373e+00 1.040764e+00 -1.450068e-02 0.000000e+00
3.955000e+00 9.424778e-01 1.278373e+00 1.040764e+00 -1.450068e-02 0.000000e+00
3.955000e+00 1.099557e+00 1.278373e+00 1.040764e+00 -1.450068e-02 0.000000e+00
3.955000e+00 1.256637e+00 1.278373e+00 1.040764e+00 -1.450068e-02 0.000000e+00
3.955000e+00 1.413717e+00 1.278373e+00 1.040764e+00 -1.450068e-02 0.000000e+00
3.955000e+00 1.570796e+00 1.278373e+00 1.040764e+00 -1.450068e-02 0.000000e+00
4.052500e+00 0.000000e+00 1.271232e+00 1.033018e+00 -1.388872e-02 0.000000e+00
4.052500e+00 1.570796e-01 1.271232e+00 1.033018e+00 -1.388872e-02 0.000000e+00
4.052500e+00 3.141593e-01 1.271232e+00 1.033018e+00 -1.388872e-02 0.000000e+00
4.052500e+00 4.712389e-01 1.271232e+00 1.033018e+00 -1.388872e-02 0.000000e+00
4.052500e+00 6.283185e-01 1.271232e+00 1.033018e+00 -1.388872e-02 0.000000e+00
4.052500e+00 7.853982e-01 1.271232e+00 1.033018e+00 -1.388872e-02 0.000000e+00
4.052500e+00 9.424778e-01 1.271232e+00 1.033018e+00 -1.388872e-02 0.000000e+00
4.052500e+00 1.099557e+00 1.271232e+00 1.033018e+00 -1.388872e-02 0.000000e+00
4.052500e+00 1.256637e+00 1.271232e+00 1.033018e+00 -1.388872e-02 0.000000e+00
4.052500e+00 1.413717e+00 1.271232e+00 1.033018e+00 -1.388872e-02 0.000000e+00
4.052500e+00 1.570796e+00 1.271232e+00 1.033018e+00 -1.388872e-02 0.000000e+00
4.150000e+00 0.000000e+00 1.264450e+00 1.025675e+00 -1.331459e-02 0.000000e+00
4.150000e+00 1.570796e-01 1.264450e+00 1.025675e+00 -1.331459e-02 0.000000e+00
4.150000e+00 3.141593e-01 1.264450e+00 1.025675e+00 -1.331459e-02 0.000000e+00
4.150000e+00 4.712389e-01 1.264450e+00 1.025675e+00 -1.331459e-02 0.000000e+00
4.150000e+00 6.283185e-01 1.264450e+00 1.025675e+00 -1.331459e-02 0.000000e+00
4.150000e+00 7.853982e-01 1.264450e+00 1.025675e+00 -1.331459e-02 0.000000e+00
4.150000e+00 9.424778e-01 1.264450e+00 1.025675e+00 -1.331459e-02 0.000000e+00
4.150000e+00 1.099557e+00 1.264450e+00 1.025675e+00 -1.331459e-02 0.000000e+00
4.150000e+00 1.256637e+00 1.264450e+00 1.025675e+00 -1.331459e-02 0.000000e+00
4.150000e+00 1.413717e+00 1.264450e+00 1.025675e+00 -1.331459e-02 0.000000e+00
4.150000e+00 1.570796e+00 1.264450e+00 1.025675e+00 -1.331459e-02 0.000000e+00
4.247500e+00 0.000000e+00 1.257999e+00 1.018706e+00 -1.277528e-02 0.000000e+00
4.247500e+00 1.570796e-01 1.257999e+00 1.018706e+00 -1.277528e-02 0.000000e+00
4.247500e+00 3.141593e-01 1.257999e+00 1.018706e+00 -1.277528e-02 0.000000e+00
4.247500e+00 4.712389e-01 1.257999e+00 1.018706e+00 -1.277528e-02 0.000000e+00
4.247500e+00 6.283185e-01 1.257999e+00 1.018706e+00 -1.277528e-02 0.000000e+00
4.247500e+00 7.853982e-01 1.257999e+00 1.018706e+00 -1.277528e-02 0.000000e+00
4.247500e+00 9.424778e-01 1.257999e+00 1.018706e+00 -1.277528e-02 0.000000e+00
4.247500e+00 1.099557e+00 1.257999e+00 1.018706e+00 -1.277528e-02 0.000000e+00
4.247500e+00 1.256637e+00 1.257999e+00 1.018706e+00 -1.277528e-02 0.000000e+00
4.247500e+00 1.413717e+00 1.257999e+00 1.018706e+00 -1.277528e-02 0.000000e+00
4.247500e+00 1.570796e+00 1.257999e+00 1.018706e+00 -1.277528e-02 0.000000e+00
4.345000e+00 0.000000e+00 1.251862e+00 1.012082e+00 -1.226807e-02 0.000000e+00
4.345000e+00 1.570796e-01 1.251862e+00 1.012082e+00 -1.226807e-02 0.000000e+00
4.345000e+00 3.141593e-01 1.251862e+00 1.012082e+00 -1.226807e-02 0.000000e+00
4.345000e+00 4.712389e-01 1.251862e+00 1.012082e+00 -1.226807e-02 0.000000e+00
4.345000e+00 6.283185e-01 1.251862e+00 1.012082e+00 -1.226807e-02 0.000000e+00
4.345000e+00 7.853982e-01 1.251862e+00 1.012082e+00 -1.226807e-02 0.000000e+00
4.345000e+00 9.424778e-01 1.251862e+00 1.012082e+00 -1.226807e-02 0.000000e+00
4.345000e+00 1.099557e+00 1.251862e+00 1.012082e+00 -1.226807e-02 0.000000e+00
4.345000e+00 1.256637e+00 1.251862e+00 1.012082e+00 -1.226807e-02 0.000000e+00
4.345000e+00 1.413717e+00 1.251862e+00 1.012082e+00 -1.226807e-02 0.000000e+00
4.345000e+00 1.570796e+00 1.251862e+00 1.012082e+00 -1.226807e-02 0.000000e+00
4.442500e+00 0.000000e+00 1.246015e+00 1.005778e+00 -1.179043e-02 0.000000e+00
4.442500e+00 1.570796e-01 1.246015e+00 1.005778e+00 -1.179043e-02 0.000000e+00
4.442500e+00 3.141593e-01 1.246015e+00 1.005778e+00 -1.179043e-02 0.000000e+00
4.442500e+00 4.712389e-01 1.246015e+00 1.005778e+00 -1.179043e-02 0.000000e+00
4.442500e+00 6.283185e-01 1.246015e+00 1.005778e+00 -1.179043e-02 0.000000e+00
4.442500e+00 7.853982e-01 1.246015e+00 1.005778e+00 -1.179043e-02 0.000000e+00
4.442500e+00 9.424778e-01 1.246015e+00 1.005778e+00 -1.179043e-02 0.000000e+00
4.442500e+00 1.099557e+00 1.246015e+00 1.005778e+00 -1.179043e-02 0.000000e+00
4.442500e+00 1.256637e+00 1.246015e+00 1.005778e+00 -1.179043e-02 0.000000e+00
4.442500e+00 1.413717e+00 1.246015e+00 1.005778e+00 -1.179043e-02 0.000000e+00
4.442500e+00 1.570796e+00 1.246015e+00 1.005778e+00 -1.179043e-02 0.000000e+00
4.540000e+00 0.000000e+00 1.240451e+00 9.997734e-01 -1.133998e-02 0.000000e+00
4.540000e+00 1.570796e-01 1.240451e+00 9.997734e-01 -1.133998e-02 0.000000e+00
4.540000e+00 3.141593e-01 1.240451e+00 9.997734e-01 -1.133998e-02 0.000000e+00
4.540000e+00 4.712389e-01 1.240451e+00 9.997734e-01 -1.133998e-02 0.000000e+00
4.540000e+00 6.283185e-01 1.240451e+00 9.997734e-01 -1.133998e-02 0.000000e+00
4.540000e+00 7.853982e-01 1.240451e+00 9.997734e-01 -1.133998e-02 0.000000e+00
4.540000e+00 9.424778e-01 1.240451e+00 9.997734e-01 -1.133998e-02 0.000000e+00
4.540000e+00 1.099557e+00 1.240451e+00 9.997734e-01 -1.133998e-02 0.000000e+00
4.540000e+00 1.256637e+00 1.240451e+00 9.997734e-01 -1.133998e-02 0.000000e+00
4.540000e+00 1.413717e+00 1.240451e+00 9.997734e-01 -1.133998e-02 0.000000e+00
4.540000e+00 1.570796e+00 1.240451e+00 9.997734e-01 -1.133998e-02 0.000000e+00
4.637500e+00 0.000000e+00 1.235132e+00 9.940456e-01 -1.091470e-02 0.000000e+00
4.637500e+00 1.570796e-01 1.235132e+00 9.940456e-01 -1.091470e-02 0.000000e+00
4.637500e+00 3.141593e-01 1.235132e+00 9.940456e-01 -1.091470e-02 0.000000e+00
4.637500e+00 4.712389e-01 1.235132e+00 9.940456e-01 -1.091470e-02 0.000000e+00
4.637500e+00 6.283185e-01 1.235132e+00 9.940456e-01 -1.091470e-02 0.000000e+00
4.637500e+00 7.853982e-01 1.235132e+00 9.940456e-01 -1.091470e-02 0.000000e+00
4.637500e+00 9.424778e-01 1.235132e+00 9.940456e-01 -1.091470e-02 0.000000e+00
4.637500e+00 1.099557e+00 1.235132e+00 9.940456e-01 -1.091470e-02 0.000000e+00
4.637500e+00 1.256637e+00 1.235132e+00 9.940456e-01 -1.091470e-02 0.000000e+00
4.637500e+00 1.413717e+00 1.235132e+00 9.940456e-01 -1.091470e-02 0.000000e+00
4.637500e+00 1.570796e+00 1.235132e+00 9.940456e-01 -1.091470e-02 0.000000e+00
4.735000e+00 0.000000e+00 1.230046e+00 9.885766e-01 -1.051292e-02 0.000000e+00
4.735000e+00 1.570796e-01 1.230046e+00 9.885766e-01 -1.051292e-02 0.000000e+00
4.735000e+00 3.141593e-01 1.230046e+00 9.885766e-01 -1.051292e-02 0.000000e+00
4.735000e+00 4.712389e-01 1.230046e+00 9.885766e-01 -1.051292e-02 0.000000e+00
4.735000e+00 6.283185e-01 1.230046e+00 9.885766e-01 -1.051292e-02 0.000000e+00
4.735000e+00 7.853982e-01 1.230046e+00 9.885766e-01 -1.051292e-02 0.000000e+00
4.735000e+00 9.424778e-01 1.230046e+00 9.885766e-01 -1.051292e-02 0.000000e+00
4.735000e+00 1.099557e+00 1.230046e+00 9.885766e-01 -1.051292e-02 0.000000e+00
4.735000e+00 1.256637e+00 1.230046e+00 9.885766e-01 -1.051292e-02 0.000000e+00
4.735000e+00 1.413717e+00 1.230046e+00 9.885766e-01 -1.051292e-02 0.000000e+00
4.735000e+00 1.570796e+00 1.230046e+00 9.885766e-01 -1.051292e-02 0.000000e+00
4.832500e+00 0.000000e+00 1.225179e+00 9.833493e-01 -1.013288e-02 0.000000e+00
4.832500e+00 1.570796e-01 1.225179e+00 9.833493e-01 -1.013288e-02 0.000000e+00
4.832500e+00 3.141593e-01 1.225179e+00 9.833493e-01 -1.013288e-02 0.000000e+00
4.832500e+00 4.712389e-01 1.225179e+00 9.833493e-01 -1.013288e-02 0.000000e+00
4.832500e+00 6.283185e-01 1.225179e+00 9.833493e-01 -1.013288e-02 0.000000e+00
4.832500e+00 7.853982e-01 1.225179e+00 9.833493e-01 -1.013288e-02 0.000000e+00
4.832500e+00 9.424778e-01 1.225179e+00 9.833493e-01 -1.013288e-02 0.000000e+00
4.832500e+00 1.099557e+00 1.225179e+00 9.833493e-01 -1.013288e-02 0.000000e+00
4.832500e+00 1.256637e+00 1.225179e+00 9.833493e-01 -1.013288e-02 0.000000e+00
4.832500e+00 1.413717e+00 1.225179e+00 9.833493e-01 -1.013288e-02 0.000000e+00
4.832500e+00 1.570796e+00 1.225179e+00 9.833493e-01 -1.013288e-02 0.000000e+00
4.930000e+00 0.000000e+00 1.220517e+00 9.783481e-01 -9.772953e-03 0.000000e+00
4.930000e+00 1.570796e-01 1.220517e+00 9.783481e-01 -9.772953e-03 0.000000e+00
4.930000e+00 3.141593e-01 1.220517e+00 9.783481e-01 -9.772953e-03 0.000000e+00
4.930000e+00 4.712389e-01 1.220517e+00 9.783481e-01 -9.772953e-03 0.000000e+00
4.930000e+00 6.283185e-01 1.220517e+00 9.783481e-01 -9.772953e-03 0.000000e+00
4.930000e+00 7.853982e-01 1.220517e+00 9.783481e-01 -9.772953e-03 0.000000e+00
4.930000e+00 9.424778e-01 1.220517e+00 9.783481e-01 -9.772953e-03 0.000000e+00
4.930000e+00 1.099557e+00 1.220517e+00 9.783481e-01 -9.772953e-03 0.000000e+00
4.930000e+00 1.256637e+00 1.220517e+00 9.783481e-01 -9.772953e-03 0.000000e+00
4.930000e+00 1.413717e+00 1.220517e+00 9.783481e-01 -9.772953e-03 0.000000e+00
4.930000e+00 1.570796e+00 1.220517e+00 9.783481e-01 -9.772953e-03 0.000000e+00
5.027500e+00 0.000000e+00 1.216046e+00 9.735586e-01 -9.431784e-03 0.000000e+00
5.027500e+00 1.570796e-01 1.216046e+00 9.735586e-01 -9.431784e-03 0.000000e+00
5.027500e+00 3.141593e-01 1.216046e+00 9.735586e-01 -9.431784e-03 0.000000e+00
5.027500e+00 4.712389e-01 1.216046e+00 9.735586e-01 -9.431784e-03 0.000000e+00
5.027500e+00 6.283185e-01 1.216046e+00 9.735586e-01 -9.431784e-03 0.000000e+00
5.027500e+00 7.853982e-01 1.216046e+00 9.735586e-01 -9.431784e-03 0.000000e+00
5.027500e+00 9.424778e-01 1.216046e+00 9.735586e-01 -9.431784e-03 0.000000e+00
5.027500e+00 1.099557e+00 1.216046e+00 9.735586e-01 -9.431784e-03 0.000000e+00
5.027500e+00 1.256637e+00 1.216046e+00 9.735586e-01 -9.431784e-03 0.000000e+00
5.027500e+00 1.413717e+00 1.216046e+00 9.735586e-01 -9.431784e-03 0.000000e+00
5.027500e+00 1.570796e+00 1.216046e+00 9.735586e-01 -9.431784e-03 0.000000e+00
5.125000e+00 0.000000e+00 1.211751e+00 9.689678e-01 -9.108150e-03 0.000000e+00
5.125000e+00 1.570796e-01 1.211751e+00 9.689678e-01 -9.108150e-03 0.000000e+00
5.125000e+00 3.141593e-01 1.211751e+00 9.689678e-01 -9.108150e-03 0.000000e+00
5.125000e+00 4.712389e-01 1.211751e+00 9.689678e-01 -9.108150e-03 0.000000e+00
5.125000e+00 6.283185e-01 1.211751e+00 9.689678e-01 -9.108150e-03 0.000000e+00
5.125000e+00 7.853982e-01 1.211751e+00 9.689678e-01 -9.108150e-03 0.000000e+00
5.125000e+00 9.424778e-01 1.211751e+00 9.689678e-01 -9.108150e-03 0.000000e+00
5.125000e+00 1.099557e+00 1.211751e+00 9.689678e-01 -9.108150e-03 0.000000e+00
5.125000e+00 1.256637e+00 1.211751e+00 9.689678e-01 -9.108150e-03 0.000000e+00
5.125000e+00 1.413717e+00 1.211751e+00 9.689678e-01 -9.108150e-03 0.000000e+00
5.125000e+00 1.570796e+00 1.211751e+00 9.689678e-01 -9.108150e-03 0.000000e+00
5.222500e+00 0.000000e+00 1.207617e+00 9.645636e-01 -8.800829e-03 0.000000e+00
5.222500e+00 1.570796e-01 1.207617e+00 9.645636e-01 -8.800829e-03 0.000000e+00
5.222500e+00 3.141593e-01 1.207617e+00 9.645636e-01 -8.800829e-03 0.000000e+00
5.222500e+00 4.712389e-01 1.207617e+00 9.645636e-01 -8.800829e-03 0.000000e+00
5.222500e+00 6.283185e-01 1.207617e+00 9.645636e-01 -8.800829e-03 0.000000e+00
5.222500e+00 7.853982e-01 1.207617e+00 9.645636e-01 -8.800829e-03 0.000000e+00
5.222500e+00 9.424778e-01 1.207617e+00 9.645636e-01 -8.800829e-03 0.000000e+00
5.222500e+00 1.099557e+00 1.207617e+00 9.645636e-01 -8.800829e-03 0.000000e+00
5.222500e+00 1.256637e+00 1.207617e+00 9.645636e-01 -8.800829e-03 0.000000e+00
5.222500e+00 1.413717e+00 1.207617e+00 9.645636e-01 -8.800829e-03 0.000000e+00
5.222500e+00 1.570796e+00 1.207617e+00 9.645636e-01 -8.800829e-03 0.000000e+00
5.320000e+00 0.000000e+00 1.203632e+00 9.603350e-01 -8.508737e-03 0.000000e+00
5.320000e+00 1.570796e-01 1.203632e+00 9.603350e-01 -8.508737e-03 0.000000e+00
5.320000e+00 3.141593e-01 1.203632e+00 9.603350e-01 -8.508737e-03 0.000000e+00
5.320000e+00 4.712389e-01 1.203632e+00 9.603350e-01 -8.508737e-03 0.000000e+00
5.320000e+00 6.283185e-01 1.203632e+00 9.603350e-01 -8.508737e-03 0.000000e+00
5.320000e+00 7.853982e-01 1.203632e+00 9.603350e-01 -8.508737e-03 0.000000e+00
5.320000e+00 9.424778e-01 1.203632e+00 9.603350e-01 -8.508737e-03 0.000000e+00
5.320000e+00 1.099557e+00 1.203632e+00 9.603350e-01 -8.508737e-03 0.000000e+00
5.320000e+00 1.256637e+00 1.203632e+00 9.603350e-01 -8.508737e-03 0.000000e+00
5.320000e+00 1.413717e+00 1.203632e+00 9.603350e-01 -8.508737e-03 0.000000e+00
5.320000e+00 1.570796e+00 1.203632e+00 9.603350e-01 -8.508737e-03 0.000000e+00
5.417500e+00 0.000000e+00 1.199795e+00 9.562718e-01 -8.230888e-03 0.000000e+00
5.417500e+00 1.570796e-01 1.199795e+00 9.562718e-01 -8.230888e-03 0.000000e+00
5.417500e+00 3.141593e-01 1.199795e+00 9.562718e-01 -8.230888e-03 0.000000e+00
5.417500e+00 4.712389e-01 1.199795e+00 9.562718e-01 -8.230888e-03 0.000000e+00
5.417500e+00 6.283185e-01 1.199795e+00 9.562718e-01 -8.230888e-03 0.000000e+00
5.417500e+00 7.853982e-01 1.199795e+00 9.562718e-01 -8.230888e-03 0.000000e+00
5.417500e+00 9.424778e-01 1.199795e+00 9.562718e-01 -8.230888e-03 0.000000e+00
5.417500e+00 1.099557e+00 1.199795e+00 9.562718e-01 -8.230888e-03 0.000000e+00
5.417500e+00 1.256637e+00 1.199795e+00 9.562718e-01 -8.230888e-03 0.000000e+00
5.417500e+00 1.413717e+00 1.199795e+00 9.562718e-01 -8.230888e-03 0.000000e+00
5.417500e+00 1.570796e+00 1.199795e+00 9.562718e-01 -8.230888e-03 0.000000e+00
5.515000e+00 0.000000e+00 1.196109e+00 9.523643e-01 -7.966414e-03 0.000000e+00
5.515000e+00 1.570796e-01 1.196109e+00 9.523643e-01 -7.966414e-03 0.000000e+00
5.515000e+00 3.141593e-01 1.196109e+00 9.523643e-01 -7.966414e-03 0.000000e+00
5.515000e+00 4.712389e-01 1.196109e+00 9.523643e-01 -7.966414e-03 0.000000e+00
5.515000e+00 6.283185e-01 1.196109e+00 9.523643e-01 -7.966414e-03 0.000000e+00
5.515000e+00 7.853982e-01 1.196109e+00 9.523643e-01 -7.966414e-03 0.000000e+00
5.515000e+00 9.424778e-01 1.196109e+00 9.523643e-01 -7.966414e-03 0.000000e+00
5.515000e+00 1.099557e+00 1.196109e+00 9.523643e-01 -7.966414e-03 0.000000e+00
5.515000e+00 1.256637e+00 1.196109e+00 9.523643e-01 -7.966414e-03 0.000000e+00
5.515000e+00 1.413717e+00 1.196109e+00 9.523643e-01 -7.966414e-03 0.000000e+00
5.515000e+00 1.570796e+00 1.196109e+00 9.523643e-01 -7.966414e-03 0.000000e+00
5.612500e+00 0.000000e+00 1.192570e+00 9.486040e-01 -7.714457e-03 0.000000e+00
5.612500e+00 1.570796e-01 1.192570e+00 9.486040e-01 -7.714457e-03 0.000000e+00
5.612500e+00 3.141593e-01 1.192570e+00 9.486040e-01 -7.714457e-03 0.000000e+00
5.612500e+00 4.712389e-01 1.192570e+00 9.486040e-01 -7.714457e-03 0.000000e+00
5.612500e+00 6.283185e-01 1.192570e+00 9.486040e-01 -7.714457e-03 0.000000e+00
5.612500e+00 7.853982e-01 1.192570e+00 9.486040e-01 -7.714457e-03 0.000000e+00
5.612500e+00 9.424778e-01 1.192570e+00 9.486040e-01 -7.714457e-03 0.000000e+00
5.612500e+00 1.099557e+00 1.192570e+00 9.486040e-01 -7.714457e-03 0.000000e+00
5.612500e+00 1.256637e+00 1.192570e+00 9.486040e-01 -7.714457e-03 0.000000e+00
5.612500e+00 1.413717e+00 1.192570e+00 9.486040e-01 -7.714457e-03 0.000000e+00
5.612500e+00 1.570796e+00 1.192570e+00 9.486040e-01 -7.714457e-03 0.000000e+00
5.710000e+00 0.000000e+00 1.189167e+00 9.449825e-01 -7.474241e-03 0.000000e+00
5.710000e+00 1.570796e-01 1.189167e+00 9.449825e-01 -7.474241e-03 0.000000e+00
5.710000e+00 3.141593e-01 1.189167e+00 9.449825e-01 -7.474241e-03 0.000000e+00
5.710000e+00 4.712389e-01 1.189167e+00 9.449825e-01 -7.474241e-03 0.000000e+00
5.710000e+00 6.283185e-01 1.189167e+00 9.449825e-01 -7.474241e-03 0.000000e+00
5.710000e+00 7.853982e-01 1.189167e+00 9.449825e-01 -7.474241e-03 0.000000e+00
5.710000e+00 9.424778e-01 1.189167e+00 9.449825e-01 -7.474241e-03 0.000000e+00
5.710000e+00 1.099557e+00 1.189167e+00 9.449825e-01 -7.474241e-03 0.000000e+00
5.710000e+00 1.256637e+00 1.189167e+00 9.449825e-01 -7.474241e-03 0.000000e+00
5.710000e+00 1.413717e+00 1.189167e+00 9.449825e-01 -7.474241e-03 0.000000e+00
5.710000e+00 1.570796e+00 1.189167e+00 9.449825e-01 -7.474241e-03 0.000000e+00
5.807500e+00 0.000000e+00 1.185877e+00 9.414924e-01 -7.245035e-03 0.000000e+00
5.807500e+00 1.570796e-01 1.185877e+00 9.414924e-01 -7.245035e-03 0.000000e+00
5.807500e+00 3.141593e-01 1.185877e+00 9.414924e-01 -7.245035e-03 0.000000e+00
5.807500e+00 4.712389e-01 1.185877e+00 9.414924e-01 -7.245035e-03 0.000000e+00
5.807500e+00 6.283185e-01 1.185877e+00 9.414924e-01 -7.245035e-03 0.000000e+00
5.807500e+00 7.853982e-01 1.185877e+00 9.414924e-01 -7.245035e-03 0.000000e+00
5.807500e+00 9.424778e-01 1.185877e+00 9.414924e-01 -7.245035e-03 0.000000e+00
5.807500e+00 1.099557e+00 1.185877e+00 9.414924e-01 -7.245035e-03 0.000000e+00
5.807500e+00 1.256637e+00 1.185877e+00 9.414924e-01 -7.245035e-03 0.000000e+00
5.807500e+00 1.413717e+00 1.185877e+00 9.414924e-01 -7.245035e-03 0.000000e+00
5.807500e+00 1.570796e+00 1.185877e+00 9.414924e-01 -7.245035e-03 0.000000e+00
5.905000e+00 0.000000e+00 1.182700e+00 9.381266e-01 -7.026154e-03 0.000000e+00
5.905000e+00 1.570796e-01 1.182700e+00 9.381266e-01 -7.026154e-03 0.000000e+00
5.905000e+00 3.141593e-01 1.182700e+00 9.381266e-01 -7.026154e-03 0.000000e+00
5.905000e+00 4.712389e-01 1.182700e+00 9.381266e-01 -7.026154e-03 0.000000e+00
5.905000e+00 6.283185e-01 1.182700e+00 9.381266e-01 -7.026154e-03 0.000000e+00
5.905000e+00 7.853982e-01 1.182700e+00 9.381266e-01 -7.026154e-03 0.000000e+00
5.905000e+00 9.424778e-01 1.182700e+00 9.381266e-01 -7.026154e-03 0.000000e+00
5.905000e+00 1.099557e+00 1.182700e+00 9.381266e-01 -7.026154e-03 0.000000e+00
5.905000e+00 1.256637e+00 1.182700e+00 9.381266e-01 -7.026154e-03 0.000000e+00
5.905000e+00 1.413717e+00 1.182700e+00 9.381266e-01 -7.026154e-03 0.000000e+00
5.905000e+00 1.570796e+00 1.182700e+00 9.381266e-01 -7.026154e-03 0.000000e+00
6.002500e+00 0.000000e+00 1.179629e+00 9.348788e-01 -6.817001e-03 0.000000e+00
6.002500e+00 1.570796e-01 1.179629e+00 9.348788e-01 -6.817001e-03 0.000000e+00
6.002500e+00 3.141593e-01 1.179629e+00 9.348788e-01 -6.817001e-03 0.000000e+00
6.002500e+00 4.712389e-01 1.179629e+00 9.348788e-01 -6.817001e-03 0.000000e+00
6.002500e+00 6.283185e-01 1.179629e+00 9.348788e-01 -6.817001e-03 0.000000e+00
6.002500e+00 7.853982e-01 1.179629e+00 9.348788e-01 -6.817001e-03 0.000000e+00
6.002500e+00 9.424778e-01 1.179629e+00 9.348788e-01 -6.817001e-03 0.000000e+00
6.002500e+00 1.099557e+00 1.179629e+00 9.348788e-01 -6.817001e-03 0.000000e+00
6.002500e+00 1.256637e+00 1.179629e+00 9.348788e-01 -6.817001e-03 0.000000e+00
6.002500e+00 1.413717e+00 1.179629e+00 9.348788e-01 -6.817001e-03 0.000000e+00
6.002500e+00 1.570796e+00 1.179629e+00 9.348788e-01 -6.817001e-03 0.000000e+00
6.100000e+00 0.000000e+00 1.176658e+00 9.317427e-01 -6.617028e-03 0.000000e+00
6.100000e+00 1.570796e-01 1.176658e+00 9.317427e-01 -6.617028e-03 0.000000e+00
6.100000e+00 3.141593e-01 1.176658e+00 9.317427e-01 -6.617028e-03 0.000000e+00
6.100000e+00 4.712389e-01 1.176658e+00 9.317427e-01 -6.617028e-03 0.000000e+00
6.100000e+00 6.283185e-01 1.176658e+00 9.317427e-01 -6.617028e-03 0.000000e+00
6.100000e+00 7.853982e-01 1.176658e+00 9.317427e-01 -6.617028e-03 0.000000e+00
6.100000e+00 9.424778e-01 1.176658e+00 9.317427e-01 -6.617028e-03 0.000000e+00
6.100000e+00 1.099557e+00 1.176658e+00 9.317427e-01 -6.617028e-03 0.000000e+00
6.100000e+00 1.256637e+00 1.176658e+00 9.317427e-01 -6.617028e-03 0.000000e+00
6.100000e+00 1.413717e+00 1.176658e+00 9.317427e-01 -6.617028e-03 0.000000e+00
6.100000e+00 1.570796e+00 1.176658e+00 9.317427e-01 -6.617028e-03 0.000000e+00
6.197500e+00 0.000000e+00 1.173784e+00 9.287127e-01 -6.425851e-03 0.000000e+00
6.197500e+00 1.570796e-01 1.173784e+00 9.287127e-01 -6.425851e-03 0.000000e+00
6.197500e+00 3.141593e-01 1.173784e+00 9.287127e-01 -6.425851e-03 0.000000e+00
6.197500e+00 4.712389e-01 1.173784e+00 9.287127e-01 -6.425851e-03 0.000000e+00
6.197500e+00 6.283185e-01 1.173784e+00 9.287127e-01 -6.425851e-03 0.000000e+00
6.197500e+00 7.853982e-01 1.173784e+00 9.287127e-01 -6.425851e-03 0.000000e+00
6.197500e+00 9.424778e-01 1.173784e+00 9.287127e-01 -6.425851e-03 0.000000e+00
6.197500e+00 1.099557e+00 1.173784e+00 9.287127e-01 -6.425851e-03 0.000000e+00
6.197500e+00 1.256637e+00 1.173784e+00 9.287127e-01 -6.425851e-03 0.000000e+00
6.197500e+00 1.413717e+00 1.173784e+00 9.287127e-01 -6.425851e-03 0.000000e+00
6.197500e+00 1.570796e+00 1.173784e+00 9.287127e-01 -6.425851e-03 0.000000e+00
6.295000e+00 0.000000e+00 1.171007e+00 9.257835e-01 -6.243053e-03 0.000000e+00
6.295000e+00 1.570796e-01 1.171007e+00 9.257835e-01 -6.243053e-03 0.000000e+00
6.295000e+00 3.141593e-01 1.171007e+00 9.257835e-01 -6.243053e-03 0.000000e+00
6.295000e+00 4.712389e-01 1.171007e+00 9.257835e-01 -6.243053e-03 0.000000e+00
6.295000e+00 6.283185e-01 1.171007e+00 9.257835e-01 -6.243053e-03 0.000000e+00
6.295000e+00 7.853982e-01 1.171007e+00 9.257835e-01 -6.243053e-03 0.000000e+00
6.295000e+00 9.424778e-01 1.171007e+00 9.257835e-01 -6.243053e-03 0.000000e+00
6.295000e+00 1.099557e+00 1.171007e+00 9.257835e-01 -6.243053e-03 0.000000e+00
6.295000e+00 1.256637e+00 1.171007e+00 9.257835e-01 -6.243053e-03 0.000000e+00
6.295000e+00 1.413717e+00 1.171007e+00 9.257835e-01 -6.243053e-03 0.000000e+00
6.295000e+00 1.570796e+00 1.171007e+00 9.257835e-01 -6.243053e-03 0.000000e+00
6.392500e+00 0.000000e+00 1.168310e+00 9.229502e-01 -6.068159e-03 0.000000e+00
6.392500e+00 1.570796e-01 1.168310e+00 9.229502e-01 -6.068159e-03 0.000000e+00
6.392500e+00 3.141593e-01 1.168310e+00 9.229502e-01 -6.068159e-03 0.000000e+00
6.392500e+00 4.712389e-01 1.168310e+00 9.229502e-01 -6.068159e-03 0.000000e+00
6.392500e+00 6.283185e-01 1.168310e+00 9.229502e-01 -6.068159e-03 0.000000e+00
6.392500e+00 7.853982e-01 1.168310e+00 9.229502e-01 -6.068159e-03 0.000000e+00
6.392500e+00 9.424778e-01 1.168310e+00 9.229502e-01 -6.068159e-03 0.000000e+00
6.392500e+00 1.099557e+00 1.168310e+00 9.229502e-01 -6.068159e-03 0.000000e+00
6.392500e+00 1.256637e+00 1.168310e+00 9.229502e-01 -6.068159e-03 0.000000e+00
6.392500e+00 1.413717e+00 1.168310e+00 9.229502e-01 -6.068159e-03 0.000000e+00
6.392500e+00 1.570796e+00 1.168310e+00 9.229502e-01 -6.068159e-03 0.000000e+00
6.490000e+00 0.000000e+00 1.165706e+00 9.202083e-01 -5.900595e-03 0.000000e+00
6.490000e+00 1.570796e-01 1.165706e+00 9.202083e-01 -5.900595e-03 0.000000e+00
6.490000e+00 3.141593e-01 1.165706e+00 9.202083e-01 -5.900595e-03 0.000000e+00
6.490000e+00 4.712389e-01 1.165706e+00 9.202083e-01 -5.900595e-03 0.000000e+00
6.490000e+00 6.283185e-01 1.165706e+00 9.202083e-01 -5.900595e-03 0.000000e+00
6.490000e+00 7.853982e-01 1.165706e+00 9.202083e-01 -5.900595e-03 0.000000e+00
6.490000e+00 9.424778e-01 1.165706e+00 9.202083e-01 -5.900595e-03 0.000000e+00
6.490000e+00 1.099557e+00 1.165706e+00 9.202083e-01 -5.900595e-03 0.000000e+00
6.490000e+00 1.256637e+00 1.165706e+00 9.202083e-01 -5.900595e-03 0.000000e+00
6.490000e+00 1.413717e+00 1.165706e+00 9.202083e-01 -5.900595e-03 0.000000e+00
6.490000e+00 1.570796e+00 1.165706e+00 9.202083e-01 -5.900595e-03 0.000000e+00
6.587500e+00 0.000000e+00 1.163178e+00 9.175534e-01 -5.739804e-03 0.000000e+00
6.587500e+00 1.570796e-01 1.163178e+00 9.175534e-01 -5.739804e-03 0.000000e+00
6.587500e+00 3.141593e-01 1.163178e+00 9.175534e-01 -5.739804e-03 0.000000e+00
6.587500e+00 4.712389e-01 1.163178e+00 9.175534e-01 -5.739804e-03 0.000000e+00
6.587500e+00 6.283185e-01 1.163178e+00 9.175534e-01 -5.739804e-03 0.000000e+00
6.587500e+00 7.853982e-01 1.163178e+00 9.175534e-01 -5.739804e-03 0.000000e+00
6.587500e+00 9.424778e-01 1.163178e+00 9.175534e-01 -5.739804e-03 0.000000e+00
6.587500e+00 1.099557e+00 1.163178e+00 9.175534e-01 -5.739804e-03 0.000000e+00
6.587500e+00 1.256637e+00 1.163178e+00 9.175534e-01 -5.739804e-03 0.000000e+00
6.587500e+00 1.413717e+00 1.163178e+00 9.175534e-01 -5.739804e-03 0.000000e+00
6.587500e+00 1.570796e+00 1.163178e+00 9.175534e-01 -5.739804e-03 0.000000e+00
6.685000e+00 0.000000e+00 1.160735e+00 9.149814e-01 -5.585559e-03 0.000000e+00
6.685000e+00 1.570796e-01 1.160735e+00 9.149814e-01 -5.585559e-03 0.000000e+00
6.685000e+00 3.141593e-01 1.160735e+00 9.149814e-01 -5.585559e-03 0.000000e+00
6.685000e+00 4.712389e-01 1.160735e+00 9.149814e-01 -5.585559e-03 0.000000e+00
6.685000e+00 6.283185e-01 1.160735e+00 9.149814e-01 -5.585559e-03 0.000000e+00
6.685000e+00 7.853982e-01 1.160735e+00 9.149814e-01 -5.585559e-03 0.000000e+00
6.685000e+00 9.424778e-01 1.160735e+00 9.149814e-01 -5.585559e-03 0.000000e+00
6.685000e+00 1.099557e+00 1.160735e+00 9.149814e-01 -5.585559e-03 0.000000e+00
6.685000e+00 1.256637e+00 1.160735e+00 9.149814e-01 -5.585559e-03 0.000000e+00
6.685000e+00 1.413717e+00 1.160735e+00 9.149814e-01 -5.585559e-03 0.000000e+00
6.685000e+00 1.570796e+00 1.160735e+00 9.149814e-01 -5.585559e-03 0.000000e+00
6.782500e+00 0.000000e+00 1.158364e+00 9.124885e-01 -5.437548e-03 0.000000e+00
6.782500e+00 1.570796e-01 1.158364e+00 9.124885e-01 -5.437548e-03 0.000000e+00
6.782500e+00 3.141593e-01 1.158364e+00 9.124885e-01 -5.437548e-03 0.000000e+00
6.782500e+00 4.712389e-01 1.158364e+00 9.124885e-01 -5.437548e-03 0.000000e+00
6.782500e+00 6.283185e-01 1.158364e+00 9.124885e-01 -5.437548e-03 0.000000e+00
6.782500e+00 7.853982e-01 1.158364e+00 9.124885e-01 -5.437548e-03 0.000000e+00
6.782500e+00 9.424778e-01 1.158364e+00 9.124885e-01 -5.437548e-03 0.000000e+00
6.782500e+00 1.099557e+00 1.158364e+00 9.124885e-01 -5.437548e-03 0.000000e+00
6.782500e+00 1.256637e+00 1.158364e+00 9.124885e-01 -5.437548e-03 0.000000e+00
6.782500e+00 1.413717e+00 1.158364e+00 9.124885e-01 -5.437548e-03 0.000000e+00
6.782500e+00 1.570796e+00 1.158364e+00 9.124885e-01 -5.437548e-03 0.000000e+00
6.880000e+00 0.000000e+00 1.156068e+00 9.100710e-01 -5.295421e-03 0.000000e+00
6.880000e+00 1.570796e-01 1.156068e+00 9.100710e-01 -5.295421e-03 0.000000e+00
6.880000e+00 3.141593e-01 1.156068e+00 9.100710e-01 -5.295421e-03 0.000000e+00
6.880000e+00 4.712389e-01 1.156068e+00 9.100710e-01 -5.295421e-03 0.000000e+00
6.880000e+00 6.283185e-01 1.156068e+00 9.100710e-01 -5.295421e-03 0.000000e+00
6.880000e+00 7.853982e-01 1.156068e+00 9.100710e-01 -5.295421e-03 0.000000e+00
6.880000e+00 9.424778e-01 1.156068e+00 9.100710e-01 -5.295421e-03 0.000000e+00
6.880000e+00 1.099557e+00 1.156068e+00 9.100710e-01 -5.295421e-03 0.000000e+00
6.880000e+00 1.256637e+00 1.156068e+00 9.100710e-01 -5.295421e-03 0.000000e+00
6.880000e+00 1.413717e+00 1.156068e+00 9.100710e-01 -5.295421e-03 0.000000e+00
6.880000e+00 1.570796e+00 1.156068e+00 9.100710e-01 -5.295421e-03 0.000000e+00
6.977500e+00 0.000000e+00 1.153831e+00 9.077258e-01 -5.158839e-03 0.000000e+00
6.977500e+00 1.570796e-01 1.153831e+00 9.077258e-01 -5.158839e-03 0.000000e+00
6.977500e+00 3.141593e-01 1.153831e+00 9.077258e-01 -5.158839e-03 0.000000e+00
6.977500e+00 4.712389e-01 1.153831e+00 9.077258e-01 -5.158839e-03 0.000000e+00
6.977500e+00 6.283185e-01 1.153831e+00 9.077258e-01 -5.158839e-03 0.000000e+00
6.977500e+00 7.853982e-01 1.153831e+00 9.077258e-01 -5.158839e-03 0.000000e+00
6.977500e+00 9.424778e-01 1.153831e+00 9.077258e-01 -5.158839e-03 0.000000e+00
6.977500e+00 1.099557e+00 1.153831e+00 9.077258e-01 -5.158839e-03 0.000000e+00
6.977500e+00 1.256637e+00 1.153831e+00 9.077258e-01 -5.158839e-03 0.000000e+00
6.977500e+00 1.413717e+00 1.153831e+00 9.077258e-01 -5.158839e-03 0.000000e+00
6.977500e+00 1.570796e+00 1.153831e+00 9.077258e-01 -5.158839e-03 0.000000e+00
7.075000e+00 0.000000e+00 1.151657e+00 9.054494e-01 -5.027483e-03 0.000000e+00
7.075000e+00 1.570796e-01 1.151657e+00 9.054494e-01 -5.027483e-03 0.000000e+00
7.075000e+00 3.141593e-01 1.151657e+00 9.054494e-01 -5.027483e-03 0.000000e+00
7.075000e+00 4.712389e-01 1.151657e+00 9.054494e-01 -5.027483e-03 0.000000e+00
7.075000e+00 6.283185e-01 1.151657e+00 9.054494e-01 -5.027483e-03 0.000000e+00
7.075000e+00 7.853982e-01 1.151657e+00 9.054494e-01 -5.027483e-03 0.000000e+00
7.075000e+00 9.424778e-01 1.151657e+00 9.054494e-01 -5.027483e-03 0.000000e+00
7.075000e+00 1.099557e+00 1.151657e+00 9.054494e-01 -5.027483e-03 0.000000e+00
7.075000e+00 1.256637e+00 1.151657e+00 9.054494e-01 -5.027483e-03 0.000000e+00
7.075000e+00 1.413717e+00 1.151657e+00 9.054494e-01 -5.027483e-03 0.000000e+00
7.075000e+00 1.570796e+00 1.151657e+00 9.054494e-01 -5.027483e-03 0.000000e+00
7.172500e+00 0.000000e+00 1.149551e+00 9.032390e-01 -4.901106e-03 0.000000e+00
7.172500e+00 1.570796e-01 1.149551e+00 9.032390e-01 -4.901106e-03 0.000000e+00
7.172500e+00 3.141593e-01 1.149551e+00 9.032390e-01 -4.901106e-03 0.000000e+00
7.172500e+00 4.712389e-01 1.149551e+00 9.032390e-01 -4.901106e-03 0.000000e+00
7.172500e+00 6.283185e-01 1.149551e+00 9.032390e-01 -4.901106e-03 0.000000e+00
7.172500e+00 7.853982e-01 1.149551e+00 9.032390e-01 -4.901106e-03 0.000000e+00
7.172500e+00 9.424778e-01 1.149551e+00 9.032390e-01 -4.901106e-03 0.000000e+00
7.172500e+00 1.099557e+00 1.149551e+00 9.032390e-01 -4.901106e-03 0.000000e+00
7.172500e+00 1.256637e+00 1.149551e+00 9.032390e-01 -4.901106e-03 0.000000e+00
7.172500e+00 1.413717e+00 1.149551e+00 9.032390e-01 -4.901106e-03 0.000000e+00
7.172500e+00 1.570796e+00 1.149551e+00 9.032390e-01 -4.901106e-03 0.000000e+00
7.270000e+00 0.000000e+00 1.147539e+00 9.010918e-01 -4.779487e-03 0.000000e+00
7.270000e+00 1.570796e-01 1.147539e+00 9.010918e-01 -4.779487e-03 0.000000e+00
7.270000e+00 3.141593e-01 1.147539e+00 9.010918e-01 -4.779487e-03 0.000000e+00
7.270000e+00 4.712389e-01 1.147539e+00 9.010918e-01 -4.779487e-03 0.000000e+00
7.270000e+00 6.283185e-01 1.147539e+00 9.010918e-01 -4.779487e-03 0.000000e+00
7.270000e+00 7.853982e-01 1.147539e+00 9.010918e-01 -4.779487e-03 0.000000e+00
7.270000e+00 9.424778e-01 1.147539e+00 9.010918e-01 -4.779487e-03 0.000000e+00
7.270000e+00 1.099557e+00 1.147539e+00 9.010918e-01 -4.779487e-03 0.000000e+00
7.270000e+00 1.256637e+00 1.147539e+00 9.010918e-01 -4.779487e-03 0.000000e+00
7.270000e+00 1.413717e+00 1.147539e+00 9.010918e-01 -4.779487e-03 0.000000e+00
7.270000e+00 1.570796e+00 1.147539e+00 9.010918e-01 -4.779487e-03 0.000000e+00
7.367500e+00 0.000000e+00 1.145567e+00 8.990051e-01 -4.662170e-03 0.000000e+00
7.367500e+00 1.570796e-01 1.145567e+00 8.990051e-01 -4.662170e-03 0.000000e+00
7.367500e+00 3.141593e-01 1.145567e+00 8.990051e-01 -4.662170e-03 0.000000e+00
7.367500e+00 4.712389e-01 1.145567e+00 8.990051e-01 -4.662170e-03 0.000000e+00
7.367500e+00 6.283185e-01 1.145567e+00 8.990051e-01 -4.662170e-03 0.000000e+00
7.367500e+00 7.853982e-01 1.145567e+00 8.990051e-01 -4.662170e-03 0.000000e+00
7.367500e+00 9.424778e-01 1.145567e+00 8.990051e-01 -4.662170e-03 0.000000e+00
7.367500e+00 1.099557e+00 1.145567e+00 8.990051e-01 -4.662170e-03 0.000000e+00
7.367500e+00 1.256637e+00 1.145567e+00 8.990051e-01 -4.662170e-03 0.000000e+00
7.367500e+00 1.413717e+00 1.145567e+00 8.990051e-01 -4.662170e-03 0.000000e+00
7.367500e+00 1.570796e+00 1.145567e+00 8.990051e-01 -4.662170e-03 0.000000e+00
7.465000e+00 0.000000e+00 1.143614e+00 8.969762e-01 -4.548951e-03 0.000000e+00
7.465000e+00 1.570796e-01 1.143614e+00 8.969762e-01 -4.548951e-03 0.000000e+00
7.465000e+00 3.141593e-01 1.143614e+00 8.969762e-01 -4.548951e-03 0.000000e+00
7.465000e+00 4.712389e-01 1.143614e+00 8.969762e-01 -4.548951e-03 0.000000e+00
7.465000e+00 6.283185e-01 1.143614e+00 8.969762e-01 -4.548951e-03 0.000000e+00
7.465000e+00 7.853982e-01 1.143614e+00 8.969762e-01 -4.548951e-03 0.000000e+00
7.465000e+00 9.424778e-01 1.143614e+00 8.969762e-01 -4.548951e-03 0.000000e+00
7.465000e+00 1.099557e+00 1.143614e+00 8.969762e-01 -4.548951e-03 0.000000e+00
7.465000e+00 1.256637e+00 1.143614e+00 8.969762e-01 -4.548951e-03 0.000000e+00
7.465000e+00 1.413717e+00 1.143614e+00 8.969762e-01 -4.548951e-03 0.000000e+00
7.465000e+00 1.570796e+00 1.143614e+00 8.969762e-01 -4.548951e-03 0.000000e+00
7.562500e+00 0.000000e+00 1.141728e+00 8.950030e-01 -4.439876e-03 0.000000e+00
7.562500e+00 1.570796e-01 1.141728e+00 8.950030e-01 -4.439876e-03 0.000000e+00
7.562500e+00 3.141593e-01 1.141728e+00 8.950030e-01 -4.439876e-03 0.000000e+00
7.562500e+00 4.712389e-01 1.141728e+00 8.950030e-01 -4.439876e-03 0.000000e+00
7.562500e+00 6.283185e-01 1.141728e+00 8.950030e-01 -4.439876e-03 0.000000e+00
7.562500e+00 7.853982e-01 1.141728e+00 8.950030e-01 -4.439876e-03 0.000000e+00
7.562500e+00 9.424778e-01 1.141728e+00 8.950030e-01 -4.439876e-03 0.000000e+00
7.562500e+00 1.099557e+00 1.141728e+00 8.950030e-01 -4.439876e-03 0.000000e+00
7.562500e+00 1.256637e+00 1.141728e+00 8.950030e-01 -4.439876e-03 0.000000e+00
7.562500e+00 1.413717e+00 1.141728e+00 8.950030e-01 -4.439876e-03 0.000000e+00
7.562500e+00 1.570796e+00 1.141728e+00 8.950030e-01 -4.439876e-03 0.000000e+00
7.660000e+00 0.000000e+00 1.139901e+00 8.930832e-01 -4.334715e-03 0.000000e+00
7.660000e+00 1.570796e-01 1.139901e+00 8.930832e-01 -4.334715e-03 0.000000e+00
7.660000e+00 3.141593e-01 1.139901e+00 8.930832e-01 -4.334715e-03 0.000000e+00
7.660000e+00 4.712389e-01 1.139901e+00 8.930832e-01 -4.334715e-03 0.000000e+00
7.660000e+00 6.283185e-01 1.139901e+00 8.930832e-01 -4.334715e-03 0.000000e+00
7.660000e+00 7.853982e-01 1.139901e+00 8.930832e-01 -4.334715e-03 0.000000e+00
7.660000e+00 9.424778e-01 1.139901e+00 8.930832e-01 -4.334715e-03 0.000000e+00
7.660000e+00 1.099557e+00 1.139901e+00 8.930832e-01 -4.334715e-03 0.000000e+00
7.660000e+00 1.256637e+00 1.139901e+00 8.930832e-01 -4.334715e-03 0.000000e+00
7.660000e+00 1.413717e+00 1.139901e+00 8.930832e-01 -4.334715e-03 0.000000e+00
7.660000e+00 1.570796e+00 1.139901e+00 8.930832e-01 -4.334715e-03 0.000000e+00
7.757500e+00 0.000000e+00 1.138127e+00 8.912145e-01 -4.233289e-03 0.000000e+00
7.757500e+00 1.570796e-01 1.138127e+00 8.912145e-01 -4.233289e-03 0.000000e+00
7.757500e+00 3.141593e-01 1.138127e+00 8.912145e-01 -4.233289e-03 0.000000e+00
7.757500e+00 4.712389e-01 1.138127e+00 8.912145e-01 -4.233289e-03 0.000000e+00
7.757500e+00 6.283185e-01 1.138127e+00 8.912145e-01 -4.233289e-03 0.000000e+00
7.757500e+00 7.853982e-01 1.138127e+00 8.912145e-01 -4.233289e-03 0.000000e+00
7.757500e+00 9.424778e-01 1.138127e+00 8.912145e-01 -4.233289e-03 0.000000e+00
7.757500e+00 1.099557e+00 1.138127e+00 8.912145e-01 -4.233289e-03 0.000000e+00
7.757500e+00 1.256637e+00 1.138127e+00 8.912145e-01 -4.233289e-03 0.000000e+00
7.757500e+00 1.413717e+00 1.138127e+00 8.912145e-01 -4.233289e-03 0.000000e+00
7.757500e+00 1.570796e+00 1.138127e+00 8.912145e-01 -4.233289e-03 0.000000e+00
7.855000e+00 0.000000e+00 1.136383e+00 8.893950e-01 -4.135390e-03 0.000000e+00
7.855000e+00 1.570796e-01 1.136383e+00 8.893950e-01 -4.135390e-03 0.000000e+00
7.855000e+00 3.141593e-01 1.136383e+00 8.893950e-01 -4.135390e-03 0.000000e+00
7.855000e+00 4.712389e-01 1.136383e+00 8.893950e-01 -4.135390e-03 0.000000e+00
7.855000e+00 6.283185e-01 1.136383e+00 8.893950e-01 -4.135390e-03 0.000000e+00
7.855000e+00 7.853982e-01 1.136383e+00 8.893950e-01 -4.135390e-03 0.000000e+00
7.855000e+00 9.424778e-01 1.136383e+00 8.893950e-01 -4.135390e-03 0.000000e+00
7.855000e+00 1.099557e+00 1.136383e+00 8.893950e-01 -4.135390e-03 0.000000e+00
7.855000e+00 1.256637e+00 1.136383e+00 8.893950e-01 -4.135390e-03 0.000000e+00
7.855000e+00 1.413717e+00 1.136383e+00 8.893950e-01 -4.135390e-03 0.000000e+00
7.855000e+00 1.570796e+00 1.136383e+00 8.893950e-01 -4.135390e-03 0.000000e+00
7.952500e+00 0.000000e+00 1.134677e+00 8.876228e-01 -4.040866e-03 0.000000e+00
7.952500e+00 1.570796e-01 1.134677e+00 8.876228e-01 -4.040866e-03 0.000000e+00
7.952500e+00 3.141593e-01 1.134677e+00 8.876228e-01 -4.040866e-03 0.000000e+00
7.952500e+00 4.712389e-01 1.134677e+00 8.876228e-01 -4.040866e-03 0.000000e+00
7.952500e+00 6.283185e-01 1.134677e+00 8.876228e-01 -4.040866e-03 0.000000e+00
7.952500e+00 7.853982e-01 1.134677e+00 8.876228e-01 -4.040866e-03 0.000000e+00
7.952500e+00 9.424778e-01 1.134677e+00 8.876228e-01 -4.040866e-03 0.000000e+00
7.952500e+00 1.099557e+00 1.134677e+00 8.876228e-01 -4.040866e-03 0.000000e+00
7.952500e+00 1.256637e+00 1.134677e+00 8.876228e-01 -4.040866e-03 0.000000e+00
7.952500e+00 1.413717e+00 1.134677e+00 8.876228e-01 -4.040866e-03 0.000000e+00
7.952500e+00 1.570796e+00 1.134677e+00 8.876228e-01 -4.040866e-03 0.000000e+00
8.050000e+00 0.000000e+00 1.133022e+00 8.858961e-01 -3.949573e-03 0.000000e+00
8.050000e+00 1.570796e-01 1.133022e+00 8.858961e-01 -3.949573e-03 0.000000e+00
8.050000e+00 3.141593e-01 1.133022e+00 8.858961e-01 -3.949573e-03 0.000000e+00
8.050000e+00 4.712389e-01 1.133022e+00 8.858961e-01 -3.949573e-03 0.000000e+00
8.050000e+00 6.283185e-01 1.133022e+00 8.858961e-01 -3.949573e-03 0.000000e+00
8.050000e+00 7.853982e-01 1.133022e+00 8.858961e-01 -3.949573e-03 0.000000e+00
8.050000e+00 9.424778e-01 1.133022e+00 8.858961e-01 -3.949573e-03 0.000000e+00
8.050000e+00 1.099557e+00 1.133022e+00 8.858961e-01 -3.949573e-03 0.000000e+00
8.050000e+00 1.256637e+00 1.133022e+00 8.858961e-01 -3.949573e-03 0.000000e+00
8.050000e+00 1.413717e+00 1.133022e+00 8.858961e-01 -3.949573e-03 0.000000e+00
8.050000e+00 1.570796e+00 1.133022e+00 8.858961e-01 -3.949573e-03 0.000000e+00
8.147500e+00 0.000000e+00 1.131407e+00 8.842131e-01 -3.861319e-03 0.000000e+00
8.147500e+00 1.570796e-01 1.131407e+00 8.842131e-01 -3.861319e-03 0.000000e+00
8.147500e+00 3.141593e-01 1.131407e+00 8.842131e-01 -3.861319e-03 0.000000e+00
8.147500e+00 4.712389e-01 1.131407e+00 8.842131e-01 -3.861319e-03 0.000000e+00
8.147500e+00 6.283185e-01 1.131407e+00 8.842131e-01 -3.861319e-03 0.000000e+00
8.147500e+00 7.853982e-01 1.131407e+00 8.842131e-01 -3.861319e-03 0.000000e+00
8.147500e+00 9.424778e-01 1.131407e+00 8.842131e-01 -3.861319e-03 0.000000e+00
8.147500e+00 1.099557e+00 1.131407e+00 8.842131e-01 -3.861319e-03 0.000000e+00
8.147500e+00 1.256637e+00 1.131407e+00 8.842131e-01 -3.861319e-03 0.000000e+00
8.147500e+00 1.413717e+00 1.131407e+00 8.842131e-01 -3.861319e-03 0.000000e+00
8.147500e+00 1.570796e+00 1.131407e+00 8.842131e-01 -3.861319e-03 0.000000e+00
8.245000e+00 0.000000e+00 1.129838e+00 8.825723e-01 -3.775985e-03 0.000000e+00
8.245000e+00 1.570796e-01 1.129838e+00 8.825723e-01 -3.775985e-03 0.000000e+00
8.245000e+00 3.141593e-01 1.129838e+00 8.825723e-01 -3.775985e-03 0.000000e+00
8.245000e+00 4.712389e-01 1.129838e+00 8.825723e-01 -3.775985e-03 0.000000e+00
8.245000e+00 6.283185e-01 1.129838e+00 8.825723e-01 -3.775985e-03 0.000000e+00
8.245000e+00 7.853982e-01 1.129838e+00 8.825723e-01 -3.775985e-03 0.000000e+00
8.245000e+00 9.424778e-01 1.129838e+00 8.825723e-01 -3.775985e-03 0.000000e+00
8.245000e+00 1.099557e+00 1.129838e+00 8.825723e-01 -3.775985e-03 0.000000e+00
8.245000e+00 1.256637e+00 1.129838e+00 8.825723e-01 -3.775985e-03 0.000000e+00
8.245000e+00 1.413717e+00 1.129838e+00 8.825723e-01 -3.775985e-03 0.000000e+00
8.245000e+00 1.570796e+00 1.129838e+00 8.825723e-01 -3.775985e-03 0.000000e+00
8.342500e+00 0.000000e+00 1.128304e+00 8.809720e-01 -3.693476e-03 0.000000e+00
8.342500e+00 1.570796e-01 1.128304e+00 8.809720e-01 -3.693476e-03 0.000000e+00
8.342500e+00 3.141593e-01 1.128304e+00 8.809720e-01 -3.693476e-03 0.000000e+00
8.342500e+00 4.712389e-01 1.128304e+00 8.809720e-01 -3.693476e-03 0.000000e+00
8.342500e+00 6.283185e-01 1.128304e+00 8.809720e-01 -3.693476e-03 0.000000e+00
8.342500e+00 7.853982e-01 1.128304e+00 8.809720e-01 -3.693476e-03 0.000000e+00
8.342500e+00 9.424778e-01 1.128304e+00 8.809720e-01 -3.693476e-03 0.000000e+00
8.342500e+00 1.099557e+00 1.128304e+00 8.809720e-01 -3.693476e-03 0.000000e+00
8.342500e+00 1.256637e+00 1.128304e+00 8.809720e-01 -3.693476e-03 0.000000e+00
8.342500e+00 1.413717e+00 1.128304e+00 8.809720e-01 -3.693476e-03 0.000000e+00
8.342500e+00 1.570796e+00 1.128304e+00 8.809720e-01 -3.693476e-03 0.000000e+00
8.440000e+00 0.000000e+00 1.126793e+00 8.794108e-01 -3.613681e-03 0.000000e+00
8.440000e+00 1.570796e-01 1.126793e+00 8.794108e-01 -3.613681e-03 0.000000e+00
8.440000e+00 3.141593e-01 1.126793e+00 8.794108e-01 -3.613681e-03 0.000000e+00
8.440000e+00 4.712389e-01 1.126793e+00 8.794108e-01 -3.613681e-03 0.000000e+00
8.440000e+00 6.283185e-01 1.126793e+00 8.794108e-01 -3.613681e-03 0.000000e+00
8.440000e+00 7.853982e-01 1.126793e+00 8.794108e-01 -3.613681e-03 0.000000e+00
8.440000e+00 9.424778e-01 1.126793e+00 8.794108e-01 -3.613681e-03 0.000000e+00
8.440000e+00 1.099557e+00 1.126793e+00 8.794108e-01 -3.613681e-03 0.000000e+00
8.440000e+00 1.256637e+00 1.126793e+00 8.794108e-01 -3.613681e-03 0.000000e+00
8.440000e+00 1.413717e+00 1.126793e+00 8.794108e-01 -3.613681e-03 0.000000e+00
8.440000e+00 1.570796e+00 1.126793e+00 8.794108e-01 -3.613681e-03 0.000000e+00
8.537500e+00 0.000000e+00 1.125306e+00 8.778872e-01 -3.536449e-03 0.000000e+00
8.537500e+00 1.570796e-01 1.125306e+00 8.778872e-01 -3.536449e-03 0.000000e+00
8.537500e+00 3.141593e-01 1.125306e+00 8.778872e-01 -3.536449e-03 0.000000e+00
8.537500e+00 4.712389e-01 1.125306e+00 8.778872e-01 -3.536449e-03 0.000000e+00
8.537500e+00 6.283185e-01 1.125306e+00 8.778872e-01 -3.536449e-03 0.000000e+00
8.537500e+00 7.853982e-01 1.125306e+00 8.778872e-01 -3.536449e-03 0.000000e+00
8.537500e+00 9.424778e-01 1.125306e+00 8.778872e-01 -3.536449e-03 0.000000e+00
8.537500e+00 1.099557e+00 1.125306e+00 8.778872e-01 -3.536449e-03 0.000000e+00
8.537500e+00 1.256637e+00 1.125306e+00 8.778872e-01 -3.536449e-03 0.000000e+00
8.537500e+00 1.413717e+00 1.125306e+00 8.778872e-01 -3.536449e-03 0.000000e+00
8.537500e+00 1.570796e+00 1.125306e+00 8.778872e-01 -3.536449e-03 0.000000e+00
8.635000e+00 0.000000e+00 1.123878e+00 8.764000e-01 -3.461660e-03 0.000000e+00
8.635000e+00 1.570796e-01 1.123878e+00 8.764000e-01 -3.461660e-03 0.000000e+00
8.635000e+00 3.141593e-01 1.123878e+00 8.764000e-01 -3.461660e-03 0.000000e+00
8.635000e+00 4.712389e-01 1.123878e+00 8.764000e-01 -3.461660e-03 0.000000e+00
8.635000e+00 6.283185e-01 1.123878e+00 8.764000e-01 -3.461660e-03 0.000000e+00
8.635000e+00 7.853982e-01 1.123878e+00 8.764000e-01 -3.461660e-03 0.000000e+00
8.635000e+00 9.424778e-01 1.123878e+00 8.764000e-01 -3.461660e-03 0.000000e+00
8.635000e+00 1.099557e+00 1.123878e+00 8.764000e-01 -3.461660e-03 0.000000e+00
8.635000e+00 1.256637e+00 1.123878e+00 8.764000e-01 -3.461660e-03 0.000000e+00
8.635000e+00 1.413717e+00 1.123878e+00 8.764000e-01 -3.461660e-03 0.000000e+00
8.635000e+00 1.570796e+00 1.123878e+00 8.764000e-01 -3.461660e-03 0.000000e+00
8.732500e+00 0.000000e+00 1.122476e+00 8.749479e-01 -3.389199e-03 0.000000e+00
8.732500e+00 1.570796e-01 1.122476e+00 8.749479e-01 -3.389199e-03 0.000000e+00
8.732500e+00 3.141593e-01 1.122476e+00 8.749479e-01 -3.389199e-03 0.000000e+00
8.732500e+00 4.712389e-01 1.122476e+00 8.749479e-01 -3.389199e-03 0.000000e+00
8.732500e+00 6.283185e-01 1.122476e+00 8.749479e-01 -3.389199e-03 0.000000e+00
8.732500e+00 7.853982e-01 1.122476e+00 8.749479e-01 -3.389199e-03 0.000000e+00
8.732500e+00 9.424778e-01 1.122476e+00 8.749479e-01 -3.389199e-03 0.000000e+00
8.732500e+00 1.099557e+00 1.122476e+00 8.749479e-01 -3.389199e-03 0.000000e+00
8.732500e+00 1.256637e+00 1.122476e+00 8.749479e-01 -3.389199e-03 0.000000e+00
8.732500e+00 1.413717e+00 1.122476e+00 8.749479e-01 -3.389199e-03 0.000000e+00
8.732500e+00 1.570796e+00 1.122476e+00 8.749479e-01 -3.389199e-03 0.000000e+00
8.830000e+00 0.000000e+00 1.121112e+00 8.735295e-01 -3.319008e-03 0.000000e+00
8.830000e+00 1.570796e-01 1.121112e+00 8.735295e-01 -3.319008e-03 0.000000e+00
8.830000e+00 3.141593e-01 1.121112e+00 8.735295e-01 -3.319008e-03 0.000000e+00
8.830000e+00 4.712389e-01 1.121112e+00 8.735295e-01 -3.319008e-03 0.000000e+00
8.830000e+00 6.283185e-01 1.121112e+00 8.735295e-01 -3.319008e-03 0.000000e+00
8.830000e+00 7.853982e-01 1.121112e+00 8.735295e-01 -3.319008e-03 0.000000e+00
8.830000e+00 9.424778e-01 1.121112e+00 8.735295e-01 -3.319008e-03 0.000000e+00
8.830000e+00 1.099557e+00 1.121112e+00 8.735295e-01 -3.319008e-03 0.000000e+00
8.830000e+00 1.256637e+00 1.121112e+00 8.735295e-01 -3.319008e-03 0.000000e+00
8.830000e+00 1.413717e+00 1.121112e+00 8.735295e-01 -3.319008e-03 0.000000e+00
8.830000e+00 1.570796e+00 1.121112e+00 8.735295e-01 -3.319008e-03 0.000000e+00
8.927500e+00 0.000000e+00 1.119777e+00 8.721438e-01 -3.250966e-03 0.000000e+00
8.927500e+00 1.570796e-01 1.119777e+00 8.721438e-01 -3.250966e-03 0.000000e+00
8.927500e+00 3.141593e-01 1.119777e+00 8.721438e-01 -3.250966e-03 0.000000e+00
8.927500e+00 4.712389e-01 1.119777e+00 8.721438e-01 -3.250966e-03 0.000000e+00
8.927500e+00 6.283185e-01 1.119777e+00 8.721438e-01 -3.250966e-03 0.000000e+00
8.927500e+00 7.853982e-01 1.119777e+00 8.721438e-01 -3.250966e-03 0.000000e+00
8.927500e+00 9.424778e-01 1.119777e+00 8.721438e-01 -3.250966e-03 0.000000e+00
8.927500e+00 1.099557e+00 1.119777e+00 8.721438e-01 -3.250966e-03 0.000000e+00
8.927500e+00 1.256637e+00 1.119777e+00 8.721438e-01 -3.250966e-03 0.000000e+00
8.927500e+00 1.413717e+00 1.119777e+00 8.721438e-01 -3.250966e-03 0.000000e+00
8.927500e+00 1.570796e+00 1.119777e+00 8.721438e-01 -3.250966e-03 0.000000e+00
9.025000e+00 0.000000e+00 1.118477e+00 8.707895e-01 -3.185033e-03 0.000000e+00
9.025000e+00 1.570796e-01 1.118477e+00 8.707895e-01 -3.185033e-03 0.000000e+00
9.025000e+00 3.141593e-01 1.118477e+00 8.707895e-01 -3.185033e-03 0.000000e+00
9.025000e+00 4.712389e-01 1.118477e+00 8.707895e-01 -3.185033e-03 0.000000e+00
9.025000e+00 6.283185e-01 1.118477e+00 8.707895e-01 -3.185033e-03 0.000000e+00
9.025000e+00 7.853982e-01 1.118477e+00 8.707895e-01 -3.185033e-03 0.000000e+00
9.025000e+00 9.424778e-01 1.118477e+00 8.707895e-01 -3.185033e-03 0.000000e+00
9.025000e+00 1.099557e+00 1.118477e+00 8.707895e-01 -3.185033e-03 0.000000e+00
9.025000e+00 1.256637e+00 1.118477e+00 8.707895e-01 -3.185033e-03 0.000000e+00
9.025000e+00 1.413717e+00 1.118477e+00 8.707895e-01 -3.185033e-03 0.000000e+00
9.025000e+00 1.570796e+00 1.118477e+00 8.707895e-01 -3.185033e-03 0.000000e+00
9.122500e+00 0.000000e+00 1.117201e+00 8.694658e-01 -3.121114e-03 0.000000e+00
9.122500e+00 1.570796e-01 1.117201e+00 8.694658e-01 -3.121114e-03 0.000000e+00
9.122500e+00 3.141593e-01 1.117201e+00 8.694658e-01 -3.121114e-03 0.000000e+00
9.122500e+00 4.712389e-01 1.117201e+00 8.694658e-01 -3.121114e-03 0.000000e+00
9.122500e+00 6.283185e-01 1.117201e+00 8.694658e-01 -3.121114e-03 0.000000e+00
9.122500e+00 7.853982e-01 1.117201e+00 8.694658e-01 -3.121114e-03 0.000000e+00
9.122500e+00 9.424778e-01 1.117201e+00 8.694658e-01 -3.121114e-03 0.000000e+00
9.122500e+00 1.099557e+00 1.117201e+00 8.694658e-01 -3.121114e-03 0.000000e+00
9.122500e+00 1.256637e+00 1.117201e+00 8.694658e-01 -3.121114e-03 0.000000e+00
9.122500e+00 1.413717e+00 1.117201e+00 8.694658e-01 -3.121114e-03 0.000000e+00
9.122500e+00 1.570796e+00 1.117201e+00 8.694658e-01 -3.121114e-03 0.000000e+00
9.220000e+00 0.000000e+00 1.115955e+00 8.681715e-01 -3.059063e-03 0.000000e+00
9.220000e+00 1.570796e-01 1.115955e+00 8.681715e-01 -3.059063e-03 0.000000e+00
9.220000e+00 3.141593e-01 1.115955e+00 8.681715e-01 -3.059063e-03 0.000000e+00
9.220000e+00 4.712389e-01 1.115955e+00 8.681715e-01 -3.059063e-03 0.000000e+00
9.220000e+00 6.283185e-01 1.115955e+00 8.681715e-01 -3.059063e-03 0.000000e+00
9.220000e+00 7.853982e-01 1.115955e+00 8.681715e-01 -3.059063e-03 0.000000e+00
9.220000e+00 9.424778e-01 1.115955e+00 8.681715e-01 -3.059063e-03 0.000000e+00
9.220000e+00 1.099557e+00 1.115955e+00 8.681715e-01 -3.059063e-03 0.000000e+00
9.220000e+00 1.256637e+00 1.115955e+00 8.681715e-01 -3.059063e-03 0.000000e+00
9.220000e+00 1.413717e+00 1.115955e+00 8.681715e-01 -3.059063e-03 0.000000e+00
9.220000e+00 1.570796e+00 1.115955e+00 8.681715e-01 -3.059063e-03 0.000000e+00
9.317500e+00 0.000000e+00 1.114736e+00 8.669058e-01 -2.998672e-03 0.000000e+00
9.317500e+00 1.570796e-01 1.114736e+00 8.669058e-01 -2.998672e-03 0.000000e+00
9.317500e+00 3.141593e-01 1.114736e+00 8.669058e-01 -2.998672e-03 0.000000e+00
9.317500e+00 4.712389e-01 1.114736e+00 8.669058e-01 -2.998672e-03 0.000000e+00
9.317500e+00 6.283185e-01 1.114736e+00 8.669058e-01 -2.998672e-03 0.000000e+00
9.317500e+00 7.853982e-01 1.114736e+00 8.669058e-01 -2.998672e-03 0.000000e+00
9.317500e+00 9.424778e-01 1.114736e+00 8.669058e-01 -2.998672e-03 0.000000e+00
9.317500e+00 1.099557e+00 1.114736e+00 8.669058e-01 -2.998672e-03 0.000000e+00
9.317500e+00 1.256637e+00 1.114736e+00 8.669058e-01 -2.998672e-03 0.000000e+00
9.317500e+00 1.413717e+00 1.114736e+00 8.669058e-01 -2.998672e-03 0.000000e+00
9.317500e+00 1.570796e+00 1.114736e+00 8.669058e-01 -2.998672e-03 0.000000e+00
9.415000e+00 0.000000e+00 1.113542e+00 8.656675e-01 -2.939963e-03 0.000000e+00
9.415000e+00 1.570796e-01 1.113542e+00 8.656675e-01 -2.939963e-03 0.000000e+00
9.415000e+00 3.141593e-01 1.113542e+00 8.656675e-01 -2.939963e-03 0.000000e+00
9.415000e+00 4.712389e-01 1.113542e+00 8.656675e-01 -2.939963e-03 0.000000e+00
9.415000e+00 6.283185e-01 1.113542e+00 8.656675e-01 -2.939963e-03 0.000000e+00
9.415000e+00 7.853982e-01 1.113542e+00 8.656675e-01 -2.939963e-03 0.000000e+00
9.415000e+00 9.424778e-01 1.113542e+00 8.656675e-01 -2.939963e-03 0.000000e+00
9.415000e+00 1.099557e+00 1.113542e+00 8.656675e-01 -2.939963e-03 0.000000e+00
9.415000e+00 1.256637e+00 1.113542e+00 8.656675e-01 -2.939963e-03 0.000000e+00
9.415000e+00 1.413717e+00 1.113542e+00 8.656675e-01 -2.939963e-03 0.000000e+00
9.415000e+00 1.570796e+00 1.113542e+00 8.656675e-01 -2.939963e-03 0.000000e+00
9.512500e+00 0.000000e+00 1.112374e+00 8.644561e-01 -2.882677e-03 0.000000e+00
9.512500e+00 1.570796e-01 1.112374e+00 8.644561e-01 -2.882677e-03 0.000000e+00
9.512500e+00 3.141593e-01 1.112374e+00 8.644561e-01 -2.882677e-03 0.000000e+00
9.512500e+00 4.712389e-01 1.112374e+00 8.644561e-01 -2.882677e-03 0.000000e+00
9.512500e+00 6.283185e-01 1.112374e+00 8.644561e-01 -2.882677e-03 0.000000e+00
9.512500e+00 7.853982e-01 1.112374e+00 8.644561e-01 -2.882677e-03 0.000000e+00
9.512500e+00 9.424778e-01 1.112374e+00 8.644561e-01 -2.882677e-03 0.000000e+00
9.512500e+00 1.099557e+00 1.112374e+00 8.644561e-01 -2.882677e-03 0.000000e+00
9.512500e+00 1.256637e+00 1.112374e+00 8.644561e-01 -2.882677e-03 0.000000e+00
9.512500e+00 1.413717e+00 1.112374e+00 8.644561e-01 -2.882677e-03 0.000000e+00
9.512500e+00 1.570796e+00 1.112374e+00 8.644561e-01 -2.882677e-03 0.000000e+00
9.610000e+00 0.000000e+00 1.111230e+00 8.632693e-01 -2.827708e-03 0.000000e+00
9.610000e+00 1.570796e-01 1.111230e+00 8.632693e-01 -2.827708e-03 0.000000e+00
9.610000e+00 3.141593e-01 1.111230e+00 8.632693e-01 -2.827708e-03 0.000000e+00
9.610000e+00 4.712389e-01 1.111230e+00 8.632693e-01 -2.827708e-03 0.000000e+00
9.610000e+00 6.283185e-01 1.111230e+00 8.632693e-01 -2.827708e-03 0.000000e+00
9.610000e+00 7.853982e-01 1.111230e+00 8.632693e-01 -2.827708e-03 0.000000e+00
9.610000e+00 9.424778e-01 1.111230e+00 8.632693e-01 -2.827708e-03 0.000000e+00
9.610000e+00 1.099557e+00 1.111230e+00 8.632693e-01 -2.827708e-03 0.000000e+00
9.610000e+00 1.256637e+00 1.111230e+00 8.632693e-01 -2.827708e-03 0.000000e+00
9.610000e+00 1.413717e+00 1.111230e+00 8.632693e-01 -2.827708e-03 0.000000e+00
9.610000e+00 1.570796e+00 1.111230e+00 8.632693e-01 -2.827708e-03 0.000000e+00
9.707500e+00 0.000000e+00 1.110118e+00 8.621109e-01 -2.769448e-03 0.000000e+00
9.707500e+00 1.570796e-01 1.110118e+00 8.621109e-01 -2.769448e-03 0.000000e+00
9.707500e+00 3.141593e-01 1.110118e+00 8.621109e-01 -2.769448e-03 0.000000e+00
9.707500e+00 4.712389e-01 1.110118e+00 8.621109e-01 -2.769448e-03 0.000000e+00
9.707500e+00 6.283185e-01 1.110118e+00 8.621109e-01 -2.769448e-03 0.000000e+00
9.707500e+00 7.853982e-01 1.110118e+00 8.621109e-01 -2.769448e-03 0.000000e+00
9.707500e+00 9.424778e-01 1.110118e+00 8.621109e-01 -2.769448e-03 0.000000e+00
9.707500e+00 1.099557e+00 1.110118e+00 8.621109e-01 -2.769448e-03 0.000000e+00
9.707500e+00 1.256637e+00 1.110118e+00 8.621109e-01 -2.769448e-03 0.000000e+00
9.707500e+00 1.413717e+00 1.110118e+00 8.621109e-01 -2.769448e-03 0.000000e+00
9.707500e+00 1.570796e+00 1.110118e+00 8.621109e-01 -2.769448e-03 0.000000e+00
9.805000e+00 0.000000e+00 1.109028e+00 8.609534e-01 -2.726127e-03 0.000000e+00
9.805000e+00 1.570796e-01 1.109028e+00 8.609534e-01 -2.726127e-03 0.000000e+00
9.805000e+00 3.141593e-01 1.109028e+00 8.609534e-01 -2.726127e-03 0.000000e+00
9.805000e+00 4.712389e-01 1.109028e+00 8.609534e-01 -2.726127e-03 0.000000e+00
9.805000e+00 6.283185e-01 1.109028e+00 8.609534e-01 -2.726127e-03 0.000000e+00
9.805000e+00 7.853982e-01 1.109028e+00 8.609534e-01 -2.726127e-03 0.000000e+00
9.805000e+00 9.424778e-01 1.109028e+00 8.609534e-01 -2.726127e-03 0.000000e+00
9.805000e+00 1.099557e+00 1.109028e+00 8.609534e-01 -2.726127e-03 0.000000e+00
9.805000e+00 1.256637e+00 1.109028e+00 8.609534e-01 -2.726127e-03 0.000000e+00
9.805000e+00 1.413717e+00 1.109028e+00 8.609534e-01 -2.726127e-03 0.000000e+00
9.805000e+00 1.570796e+00 1.109028e+00 8.609534e-01 -2.726127e-03 0.000000e+00
9.902500e+00 0.000000e+00 1.108105e+00 8.598837e-01 -2.214566e-03 0.000000e+00
9.902500e+00 1.570796e-01 1.108105e+00 8.598837e-01 -2.214566e-03 0.000000e+00
9.902500e+00 3.141593e-01 1.108105e+00 8.598837e-01 -2.214566e-03 0.000000e+00
9.902500e+00 4.712389e-01 1.108105e+00 8.598837e-01 -2.214566e-03 0.000000e+00
9.902500e+00 6.283185e-01 1.108105e+00 8.598837e-01 -2.214566e-03 0.000000e+00
9.902500e+00 7.853982e-01 1.108105e+00 8.598837e-01 -2.214566e-03 0.000000e+00
9.902500e+00 9.424778e-01 1.108105e+00 8.598837e-01 -2.214566e-03 0.000000e+00
9.902500e+00 1.099557e+00 1.108105e+00 8.598837e-01 -2.214566e-03 0.000000e+00
9.902500e+00 1.256637e+00 1.108105e+00 8.598837e-01 -2.214566e-03 0.000000e+00
9.902500e+00 1.413717e+00 1.108105e+00 8.598837e-01 -2.214566e-03 0.000000e+00
9.902500e+00 1.570796e+00 1.108105e+00 8.598837e-01 -2.214566e-03 0.000000e+00
1.000000e+01 0.000000e+00 1.103348e+00 8.550893e-01 -6.408700e-03 0.000000e+00
1.000000e+01 1.570796e-01 1.103348e+00 8.550893e-01 -6.408700e-03 0.000000e+00
1.000000e+01 3.141593e-01 1.103348e+00 8.550893e-01 -6.408700e-03 0.000000e+00
1.000000e+01 4.712389e-01 1.103348e+00 8.550893e-01 -6.408700e-03 0.000000e+00
1.000000e+01 6.283185e-01 1.103348e+00 8.550893e-01 -6.408700e-03 0.000000e+00
1.000000e+01 7.853982e-01 1.103348e+00 8.550893e-01 -6.408700e-03 0.000000e+00
1.000000e+01 9.424778e-01 1.103348e+00 8.550893e-01 -6.408700e-03 0.000000e+00
1.000000e+01 1.099557e+00 1.103348e+00 8.550893e-01 -6.408700e-03 0.000000e+00
1.000000e+01 1.256637e+00 1.103348e+00 8.550893e-01 -6.408700e-03 0.000000e+00
1.000000e+01 1.413717e+00 1.103348e+00 8.550893e-01 -6.408700e-03 0.000000e+00
1.000000e+01 1.570796e+00 1.103348e+00 8.550893e-01 -6.408700e-03 0.000000e+00
