############################################
############## Michel Problem ##############
############################################
# 
# This is the solution of the Michel Problem
# with parameters
# 
# Gamma     = 1.666667
# c_infty   = 7.071000e-02
# rho_infty = 1.000000e+00
# M = 1.000000e+00
# r_min = 1.500000e+00 and r_max = 3.000000e+02
# 
# from which we obtain
# 
# c_star   = 2.196108e-01
# r_star   = 1.186722e+01
# rho_star = 1.186722e+01
# U_star   = -2.052629e-01
# B        = -9.583904e+02
# K        = 3.022612e-03
# l_0      = 6.657
# 
############################################
1.374902e+00 5.320045e+02 1.055783e+02 -5.855153e-02
1.414758e+00 5.119136e+02 9.901708e+01 -5.971979e-02
1.456430e+00 4.923038e+02 9.277642e+01 -6.086874e-02
1.500000e+00 4.731830e+02 8.684889e+01 -6.199601e-02
1.545555e+00 4.545580e+02 8.122651e+01 -6.309927e-02
1.593185e+00 4.364336e+02 7.590075e+01 -6.417620e-02
1.642985e+00 4.188137e+02 7.086262e+01 -6.522450e-02
1.695054e+00 4.017005e+02 6.610277e+01 -6.624192e-02
1.749494e+00 3.850949e+02 6.161152e+01 -6.722626e-02
1.806415e+00 3.689965e+02 5.737897e+01 -6.817541e-02
1.865928e+00 3.534038e+02 5.339506e+01 -6.908728e-02
1.928153e+00 3.383141e+02 4.964961e+01 -6.995991e-02
1.993213e+00 3.237235e+02 4.613241e+01 -7.079140e-02
2.061236e+00 3.096274e+02 4.283327e+01 -7.157996e-02
2.132358e+00 2.960199e+02 3.974206e+01 -7.232390e-02
2.206720e+00 2.828944e+02 3.684876e+01 -7.302164e-02
2.284469e+00 2.702436e+02 3.414350e+01 -7.367172e-02
2.365761e+00 2.580594e+02 3.161661e+01 -7.427280e-02
2.450755e+00 2.463332e+02 2.925862e+01 -7.482368e-02
2.539622e+00 2.350555e+02 2.706033e+01 -7.532327e-02
2.632536e+00 2.242168e+02 2.501281e+01 -7.577063e-02
2.729684e+00 2.138067e+02 2.310740e+01 -7.616495e-02
2.831257e+00 2.038147e+02 2.133576e+01 -7.650555e-02
2.937457e+00 1.942300e+02 1.968988e+01 -7.679191e-02
3.048495e+00 1.850415e+02 1.816203e+01 -7.702361e-02
3.164592e+00 1.762380e+02 1.674486e+01 -7.720041e-02
3.285977e+00 1.678080e+02 1.543133e+01 -7.732217e-02
3.412892e+00 1.597400e+02 1.421473e+01 -7.738889e-02
3.545589e+00 1.520226e+02 1.308869e+01 -7.740072e-02
3.684330e+00 1.446442e+02 1.204715e+01 -7.735791e-02
3.829392e+00 1.375934e+02 1.108439e+01 -7.726085e-02
3.981062e+00 1.308588e+02 1.019499e+01 -7.711004e-02
4.139642e+00 1.244290e+02 9.373856e+00 -7.690608e-02
4.305445e+00 1.182930e+02 8.616161e+00 -7.664971e-02
4.478802e+00 1.124397e+02 7.917384e+00 -7.634174e-02
4.660056e+00 1.068584e+02 7.273275e+00 -7.598310e-02
4.849567e+00 1.015385e+02 6.679848e+00 -7.557480e-02
5.047712e+00 9.646952e+01 6.133370e+00 -7.511794e-02
5.254882e+00 9.164145e+01 5.630353e+00 -7.461369e-02
5.471490e+00 8.704436e+01 5.167535e+00 -7.406330e-02
5.697966e+00 8.266862e+01 4.741875e+00 -7.346810e-02
5.934759e+00 7.850486e+01 4.350540e+00 -7.282945e-02
6.182339e+00 7.454398e+01 3.990892e+00 -7.214880e-02
6.441198e+00 7.077718e+01 3.660478e+00 -7.142763e-02
6.711849e+00 6.719591e+01 3.357019e+00 -7.066745e-02
6.994829e+00 6.379192e+01 3.078400e+00 -6.986984e-02
7.290700e+00 6.055722e+01 2.822662e+00 -6.903639e-02
7.600050e+00 5.748411e+01 2.587987e+00 -6.816872e-02
7.923492e+00 5.456518e+01 2.372694e+00 -6.726848e-02
8.261669e+00 5.179328e+01 2.175227e+00 -6.633733e-02
8.615251e+00 4.916152e+01 1.994150e+00 -6.537693e-02
8.984941e+00 4.666331e+01 1.828135e+00 -6.438899e-02
9.371471e+00 4.429228e+01 1.675955e+00 -6.337517e-02
9.775611e+00 4.204236e+01 1.536482e+00 -6.233717e-02
1.019816e+01 3.990769e+01 1.408673e+00 -6.127666e-02
1.063996e+01 3.788269e+01 1.291567e+00 -6.019532e-02
1.110188e+01 3.596198e+01 1.184282e+00 -5.909480e-02
1.158485e+01 3.414045e+01 1.086003e+00 -5.797677e-02
1.208982e+01 3.241318e+01 9.959823e-01 -5.684284e-02
1.261780e+01 3.077548e+01 9.135321e-01 -5.569463e-02
1.316982e+01 2.922289e+01 8.380200e-01 -5.453374e-02
1.374699e+01 2.775113e+01 7.688651e-01 -5.336171e-02
1.435046e+01 2.635612e+01 7.055341e-01 -5.218011e-02
1.498142e+01 2.503396e+01 6.475375e-01 -5.099042e-02
1.564112e+01 2.378095e+01 5.944260e-01 -4.979415e-02
1.633087e+01 2.259357e+01 5.457877e-01 -4.859274e-02
1.705204e+01 2.146844e+01 5.012446e-01 -4.738760e-02
1.780607e+01 2.040236e+01 4.604505e-01 -4.618014e-02
1.859444e+01 1.939228e+01 4.230878e-01 -4.497168e-02
1.941874e+01 1.843531e+01 3.888658e-01 -4.376356e-02
2.028058e+01 1.752868e+01 3.575180e-01 -4.255705e-02
2.118168e+01 1.666978e+01 3.288004e-01 -4.135341e-02
2.212383e+01 1.585612e+01 3.024897e-01 -4.015382e-02
2.310890e+01 1.508532e+01 2.783813e-01 -3.895947e-02
2.413885e+01 1.435515e+01 2.562882e-01 -3.777150e-02
2.521572e+01 1.366346e+01 2.360389e-01 -3.659098e-02
2.634164e+01 1.300824e+01 2.174769e-01 -3.541899e-02
2.751885e+01 1.238755e+01 2.004586e-01 -3.425653e-02
2.874970e+01 1.179958e+01 1.848531e-01 -3.310461e-02
3.003661e+01 1.124260e+01 1.705402e-01 -3.196415e-02
3.138215e+01 1.071496e+01 1.574103e-01 -3.083606e-02
3.278898e+01 1.021511e+01 1.453630e-01 -2.972122e-02
3.425990e+01 9.741574e+00 1.343067e-01 -2.862045e-02
3.579783e+01 9.292957e+00 1.241573e-01 -2.753455e-02
3.740582e+01 8.867934e+00 1.148382e-01 -2.646428e-02
3.908706e+01 8.465249e+00 1.062793e-01 -2.541035e-02
4.084489e+01 8.083713e+00 9.841633e-02 -2.437346e-02
4.268280e+01 7.722201e+00 9.119077e-02 -2.335425e-02
4.460444e+01 7.379647e+00 8.454897e-02 -2.235333e-02
4.661361e+01 7.055040e+00 7.844190e-02 -2.137127e-02
4.871431e+01 6.747423e+00 7.282474e-02 -2.040862e-02
5.091071e+01 6.455893e+00 6.765651e-02 -1.946587e-02
5.320717e+01 6.179593e+00 6.289973e-02 -1.854350e-02
5.560824e+01 5.917710e+00 5.852010e-02 -1.764193e-02
5.811869e+01 5.669477e+00 5.448630e-02 -1.676156e-02
6.074350e+01 5.434167e+00 5.076964e-02 -1.590275e-02
6.348789e+01 5.211094e+00 4.734388e-02 -1.506582e-02
6.635730e+01 4.999606e+00 4.418505e-02 -1.425106e-02
6.935742e+01 4.799087e+00 4.127117e-02 -1.345873e-02
7.249422e+01 4.608956e+00 3.858216e-02 -1.268903e-02
7.577391e+01 4.428660e+00 3.609964e-02 -1.194216e-02
7.920301e+01 4.257677e+00 3.380676e-02 -1.121825e-02
8.278832e+01 4.095515e+00 3.168813e-02 -1.051741e-02
8.653695e+01 3.941707e+00 2.972963e-02 -9.839708e-03
9.045636e+01 3.795810e+00 2.791835e-02 -9.185191e-03
9.455431e+01 3.657407e+00 2.624245e-02 -8.553854e-03
9.883895e+01 3.526101e+00 2.469109e-02 -7.945660e-03
1.033188e+02 3.401520e+00 2.325434e-02 -7.360540e-03
1.080027e+02 3.283308e+00 2.192309e-02 -6.798384e-03
1.129000e+02 3.171130e+00 2.068899e-02 -6.259052e-03
1.180203e+02 3.064670e+00 1.954438e-02 -5.742366e-03
1.233740e+02 2.963628e+00 1.848226e-02 -5.248115e-03
1.289715e+02 2.867718e+00 1.749618e-02 -4.776053e-03
1.348240e+02 2.776673e+00 1.658022e-02 -4.325903e-03
1.409431e+02 2.690238e+00 1.572897e-02 -3.897354e-03
1.473410e+02 2.608173e+00 1.493744e-02 -3.490065e-03
1.540303e+02 2.530248e+00 1.420107e-02 -3.103664e-03
1.610244e+02 2.456250e+00 1.351564e-02 -2.737752e-03
1.683370e+02 2.385972e+00 1.287729e-02 -2.391901e-03
1.759828e+02 2.319222e+00 1.228248e-02 -2.065658e-03
1.839769e+02 2.255817e+00 1.172795e-02 -1.758546e-03
1.923352e+02 2.195583e+00 1.121068e-02 -1.470064e-03
2.010742e+02 2.138355e+00 1.072792e-02 -1.199692e-03
2.102114e+02 2.083979e+00 1.027712e-02 -9.468909e-04
2.197648e+02 2.032308e+00 9.855940e-03 -7.111062e-04
2.297534e+02 1.983200e+00 9.462225e-03 -4.917680e-04
2.401970e+02 1.936525e+00 9.093987e-03 -2.882947e-04
2.511164e+02 1.892158e+00 8.749392e-03 -1.000948e-04
2.625332e+02 1.849979e+00 8.426752e-03 7.343059e-05
2.744701e+02 1.809876e+00 8.124508e-03 2.328859e-04
2.869508e+02 1.771743e+00 7.841221e-03 3.788783e-04
3.000000e+02 1.735480e+00 7.575563e-03 5.120161e-04
3.136437e+02 1.700990e+00 7.326308e-03 6.329060e-04
3.279089e+02 1.668183e+00 7.092322e-03 7.421515e-04
3.428240e+02 1.636974e+00 6.872559e-03 8.403506e-04
