############################################
############## Michel Problem ##############
############################################
# 
# This is the solution of the Michel Problem
# with parameters
# 
# Gamma     = 1.666667
# c_infty   = 7.071000e-04
# rho_infty = 1.000000e+00
# M = 1.000000e+00
# r_min = 1.500000e+00 and r_max = 3.000000e+02
# 
# from which we obtain
# 
# c_star   = 2.171431e-02
# r_star   = 1.061920e+03
# rho_star = 1.061920e+03 but use 100
# U_star   = -2.169896e-02
# B        = -7.093797e+08
# K        = 2.999945e-07
# l_0      = 12.00
# 
############################################
1.374902e+00 3.812118e+08 6.012528e+07 -1.290813e-01
1.414758e+00 3.663864e+08 5.627888e+07 -1.303139e-01
1.456430e+00 3.519213e+08 5.262464e+07 -1.315205e-01
1.500000e+00 3.378225e+08 4.915801e+07 -1.326987e-01
1.545555e+00 3.240951e+08 4.587407e+07 -1.338460e-01
1.593185e+00 3.107427e+08 4.276759e+07 -1.349600e-01
1.642985e+00 2.977681e+08 3.983305e+07 -1.360385e-01
1.695054e+00 2.851730e+08 3.706471e+07 -1.370790e-01
1.749494e+00 2.729580e+08 3.445665e+07 -1.380795e-01
1.806415e+00 2.611230e+08 3.200283e+07 -1.390379e-01
1.865928e+00 2.496666e+08 2.969710e+07 -1.399521e-01
1.928153e+00 2.385869e+08 2.753325e+07 -1.408203e-01
1.993213e+00 2.278809e+08 2.550506e+07 -1.416406e-01
2.061236e+00 2.175450e+08 2.360633e+07 -1.424115e-01
2.132358e+00 2.075750e+08 2.183090e+07 -1.431312e-01
2.206720e+00 1.979658e+08 2.017267e+07 -1.437984e-01
2.284469e+00 1.887118e+08 1.862567e+07 -1.444119e-01
2.365761e+00 1.798071e+08 1.718401e+07 -1.449704e-01
2.450755e+00 1.712449e+08 1.584198e+07 -1.454730e-01
2.539622e+00 1.630183e+08 1.459399e+07 -1.459187e-01
2.632536e+00 1.551200e+08 1.343464e+07 -1.463069e-01
2.729684e+00 1.475421e+08 1.235871e+07 -1.466369e-01
2.831257e+00 1.402768e+08 1.136117e+07 -1.469083e-01
2.937457e+00 1.333159e+08 1.043717e+07 -1.471208e-01
3.048495e+00 1.266508e+08 9.582087e+06 -1.472742e-01
3.164592e+00 1.202733e+08 8.791478e+06 -1.473684e-01
3.285977e+00 1.141745e+08 8.061119e+06 -1.474036e-01
3.412892e+00 1.083459e+08 7.386990e+06 -1.473800e-01
3.545589e+00 1.027787e+08 6.765272e+06 -1.472979e-01
3.684330e+00 9.746422e+07 6.192347e+06 -1.471577e-01
3.829392e+00 9.239374e+07 5.664795e+06 -1.469601e-01
3.981062e+00 8.755866e+07 5.179388e+06 -1.467057e-01
4.139642e+00 8.295043e+07 4.733085e+06 -1.463953e-01
4.305445e+00 7.856061e+07 4.323027e+06 -1.460298e-01
4.478802e+00 7.438088e+07 3.946530e+06 -1.456102e-01
4.660056e+00 7.040308e+07 3.601079e+06 -1.451374e-01
4.849567e+00 6.661917e+07 3.284318e+06 -1.446127e-01
5.047712e+00 6.302130e+07 2.994048e+06 -1.440372e-01
5.254882e+00 5.960179e+07 2.728216e+06 -1.434123e-01
5.471490e+00 5.635316e+07 2.484909e+06 -1.427391e-01
5.697966e+00 5.326812e+07 2.262345e+06 -1.420191e-01
5.934759e+00 5.033958e+07 2.058871e+06 -1.412537e-01
6.182339e+00 4.756064e+07 1.872950e+06 -1.404444e-01
6.441198e+00 4.492465e+07 1.703156e+06 -1.395927e-01
6.711849e+00 4.242513e+07 1.548170e+06 -1.387000e-01
6.994829e+00 4.005585e+07 1.406770e+06 -1.377680e-01
7.290700e+00 3.781077e+07 1.277828e+06 -1.367982e-01
7.600050e+00 3.568408e+07 1.160301e+06 -1.357922e-01
7.923492e+00 3.367015e+07 1.053226e+06 -1.347516e-01
8.261669e+00 3.176361e+07 9.557177e+05 -1.336780e-01
8.615251e+00 2.995925e+07 8.669583e+05 -1.325730e-01
8.984941e+00 2.825210e+07 7.861965e+05 -1.314382e-01
9.371471e+00 2.663736e+07 7.127414e+05 -1.302751e-01
9.775611e+00 2.511046e+07 6.459579e+05 -1.290854e-01
1.019816e+01 2.366698e+07 5.852633e+05 -1.278706e-01
1.063996e+01 2.230272e+07 5.301227e+05 -1.266323e-01
1.110188e+01 2.101366e+07 4.800459e+05 -1.253720e-01
1.158485e+01 1.979594e+07 4.345836e+05 -1.240913e-01
1.208982e+01 1.864588e+07 3.933247e+05 -1.227915e-01
1.261780e+01 1.755996e+07 3.558929e+05 -1.214742e-01
1.316982e+01 1.653485e+07 3.219440e+05 -1.201409e-01
1.374699e+01 1.556733e+07 2.911635e+05 -1.187928e-01
1.435046e+01 1.465437e+07 2.632643e+05 -1.174315e-01
1.498142e+01 1.379306e+07 2.379840e+05 -1.160582e-01
1.564112e+01 1.298065e+07 2.150835e+05 -1.146743e-01
1.633087e+01 1.221449e+07 1.943444e+05 -1.132810e-01
1.705204e+01 1.149209e+07 1.755679e+05 -1.118797e-01
1.780607e+01 1.081108e+07 1.585728e+05 -1.104714e-01
1.859444e+01 1.016920e+07 1.431940e+05 -1.090573e-01
1.941874e+01 9.564304e+06 1.292812e+05 -1.076387e-01
2.028058e+01 8.994353e+06 1.166979e+05 -1.062166e-01
2.118168e+01 8.457419e+06 1.053197e+05 -1.047921e-01
2.212383e+01 7.951668e+06 9.503355e+04 -1.033662e-01
2.310890e+01 7.475362e+06 8.573675e+04 -1.019398e-01
2.413885e+01 7.026856e+06 7.733599e+04 -1.005140e-01
2.521572e+01 6.604587e+06 6.974655e+04 -9.908963e-02
2.634164e+01 6.207079e+06 6.289151e+04 -9.766760e-02
2.751885e+01 5.832930e+06 5.670106e+04 -9.624875e-02
2.874970e+01 5.480816e+06 5.111189e+04 -9.483388e-02
3.003661e+01 5.149483e+06 4.606658e+04 -9.342375e-02
3.138215e+01 4.837744e+06 4.151306e+04 -9.201912e-02
3.278898e+01 4.544478e+06 3.740416e+04 -9.062067e-02
3.425990e+01 4.268623e+06 3.369714e+04 -8.922907e-02
3.579783e+01 4.009178e+06 3.035326e+04 -8.784497e-02
3.740582e+01 3.765193e+06 2.733749e+04 -8.646895e-02
3.908706e+01 3.535774e+06 2.461807e+04 -8.510159e-02
4.084489e+01 3.320075e+06 2.216629e+04 -8.374343e-02
4.268280e+01 3.117298e+06 1.995616e+04 -8.239497e-02
4.460444e+01 2.926688e+06 1.796417e+04 -8.105669e-02
4.661361e+01 2.747533e+06 1.616906e+04 -7.972904e-02
4.871431e+01 2.579163e+06 1.455162e+04 -7.841243e-02
5.091071e+01 2.420944e+06 1.309447e+04 -7.710727e-02
5.320717e+01 2.272277e+06 1.178190e+04 -7.581392e-02
5.560824e+01 2.132600e+06 1.059975e+04 -7.453271e-02
5.811869e+01 2.001380e+06 9.535183e+03 -7.326396e-02
6.074350e+01 1.878116e+06 8.576641e+03 -7.200796e-02
6.348789e+01 1.762336e+06 7.713671e+03 -7.076499e-02
6.635730e+01 1.653595e+06 6.936842e+03 -6.953528e-02
6.935742e+01 1.551473e+06 6.237642e+03 -6.831906e-02
7.249422e+01 1.455576e+06 5.608386e+03 -6.711652e-02
7.577391e+01 1.365530e+06 5.042145e+03 -6.592786e-02
7.920301e+01 1.280986e+06 4.532665e+03 -6.475323e-02
8.278832e+01 1.201612e+06 4.074308e+03 -6.359277e-02
8.653695e+01 1.127099e+06 3.661987e+03 -6.244662e-02
9.045636e+01 1.057154e+06 3.291120e+03 -6.131488e-02
9.455431e+01 9.915010e+05 2.957571e+03 -6.019764e-02
9.883895e+01 9.298811e+05 2.657616e+03 -5.909497e-02
1.033188e+02 8.720504e+05 2.387899e+03 -5.800695e-02
1.080027e+02 8.177794e+05 2.145393e+03 -5.693360e-02
1.129000e+02 7.668523e+05 1.927375e+03 -5.587498e-02
1.180203e+02 7.190659e+05 1.731388e+03 -5.483109e-02
1.233740e+02 6.742292e+05 1.555223e+03 -5.380195e-02
1.289715e+02 6.321628e+05 1.396888e+03 -5.278754e-02
1.348240e+02 5.926976e+05 1.254590e+03 -5.178786e-02
1.409431e+02 5.556749e+05 1.126716e+03 -5.080288e-02
1.473410e+02 5.209455e+05 1.011813e+03 -4.983255e-02
1.540303e+02 4.883689e+05 9.085733e+02 -4.887684e-02
1.610244e+02 4.578135e+05 8.158197e+02 -4.793568e-02
1.683370e+02 4.291551e+05 7.324935e+02 -4.700902e-02
1.759828e+02 4.022775e+05 6.576418e+02 -4.609678e-02
1.839769e+02 3.770710e+05 5.904075e+02 -4.519888e-02
1.923352e+02 3.534330e+05 5.300194e+02 -4.431523e-02
2.010742e+02 3.312669e+05 4.757841e+02 -4.344575e-02
2.102114e+02 3.104819e+05 4.270778e+02 -4.259033e-02
2.197648e+02 2.909928e+05 3.833395e+02 -4.174887e-02
2.297534e+02 2.727196e+05 3.440649e+02 -4.092125e-02
2.401970e+02 2.555871e+05 3.088006e+02 -4.010736e-02
2.511164e+02 2.395249e+05 2.771389e+02 -3.930708e-02
2.625332e+02 2.244665e+05 2.487134e+02 -3.852029e-02
2.744701e+02 2.103498e+05 2.231945e+02 -3.774685e-02
2.869508e+02 1.971165e+05 2.002864e+02 -3.698663e-02
3.000000e+02 1.847116e+05 1.797229e+02 -3.623951e-02
3.136437e+02 1.730837e+05 1.612651e+02 -3.550533e-02
3.279089e+02 1.621846e+05 1.446980e+02 -3.478396e-02
3.428240e+02 1.519688e+05 1.298287e+02 -3.407525e-02
