############################################
############## Michel Problem ##############
############################################
# 
# This is the solution of the Michel Problem
# with parameters
# 
# Gamma     = 1.666667
# c_infty   = 1.257000e-02
# rho_infty = 1.000000e+00
# M = 1.000000e+00
# r_min = 1.500000e+00 and r_max = 9.487000e+03
# 
# from which we obtain
# 
# c_star   = 9.173322e-02
# r_star   = 6.091782e+01
# rho_star = 6.091782e+01
# U_star   = -9.059679e-02
# B        = -1.331363e+05
# K        = 9.482541e-05
# l_0      = 14.285
# 
############################################
1.306838e+00 7.719585e+04 1.327134e+04 -1.142777e-01
1.366678e+00 7.256401e+04 1.197090e+04 -1.162965e-01
1.430955e+00 6.810186e+04 1.076936e+04 -1.182588e-01
1.500000e+00 6.381489e+04 9.663360e+03 -1.201542e-01
1.574165e+00 5.970718e+04 8.649063e+03 -1.219728e-01
1.653831e+00 5.578144e+04 7.722198e+03 -1.237046e-01
1.739406e+00 5.203905e+04 6.878181e+03 -1.253403e-01
1.831326e+00 4.848016e+04 6.112208e+03 -1.268709e-01
1.930065e+00 4.510378e+04 5.419340e+03 -1.282880e-01
2.036126e+00 4.190788e+04 4.794583e+03 -1.295840e-01
2.150053e+00 3.888945e+04 4.232963e+03 -1.307520e-01
2.272430e+00 3.604471e+04 3.729586e+03 -1.317859e-01
2.403883e+00 3.336911e+04 3.279687e+03 -1.326805e-01
2.545085e+00 3.085751e+04 2.878677e+03 -1.334314e-01
2.696760e+00 2.850429e+04 2.522175e+03 -1.340353e-01
2.859683e+00 2.630341e+04 2.206030e+03 -1.344898e-01
3.034690e+00 2.424852e+04 1.926343e+03 -1.347932e-01
3.222676e+00 2.233309e+04 1.679472e+03 -1.349451e-01
3.424604e+00 2.055043e+04 1.462041e+03 -1.349456e-01
3.641509e+00 1.889380e+04 1.270936e+03 -1.347959e-01
3.874500e+00 1.735647e+04 1.103300e+03 -1.344978e-01
4.124771e+00 1.593176e+04 9.565283e+02 -1.340541e-01
4.393603e+00 1.461312e+04 8.282526e+02 -1.334680e-01
4.682374e+00 1.339411e+04 7.163326e+02 -1.327435e-01
4.992561e+00 1.226853e+04 6.188405e+02 -1.318851e-01
5.325753e+00 1.123033e+04 5.340462e+02 -1.308977e-01
5.683657e+00 1.027373e+04 4.604033e+02 -1.297867e-01
6.068104e+00 9.393185e+03 3.965332e+02 -1.285579e-01
6.481065e+00 8.583402e+03 3.412116e+02 -1.272173e-01
6.924653e+00 7.839351e+03 2.933537e+02 -1.257711e-01
7.401139e+00 7.156270e+03 2.520012e+02 -1.242258e-01
7.912965e+00 6.529661e+03 2.163096e+02 -1.225880e-01
8.462750e+00 5.955287e+03 1.855364e+02 -1.208641e-01
9.053310e+00 5.429168e+03 1.590304e+02 -1.190609e-01
9.687669e+00 4.947576e+03 1.362215e+02 -1.171850e-01
1.036908e+01 4.507025e+03 1.166115e+02 -1.152429e-01
1.110102e+01 4.104259e+03 9.976604e+01 -1.132410e-01
1.188725e+01 3.736251e+03 8.530703e+01 -1.111858e-01
1.273179e+01 3.400183e+03 7.290575e+01 -1.090834e-01
1.363896e+01 3.093440e+03 6.227698e+01 -1.069398e-01
1.461342e+01 2.813600e+03 5.317351e+01 -1.047609e-01
1.566014e+01 2.558421e+03 4.538143e+01 -1.025522e-01
1.678450e+01 2.325831e+03 3.871582e+01 -1.003192e-01
1.799225e+01 2.113918e+03 3.301706e+01 -9.806706e-02
1.928957e+01 1.920919e+03 2.814750e+01 -9.580066e-02
2.068310e+01 1.745210e+03 2.398857e+01 -9.352473e-02
2.217999e+01 1.585298e+03 2.043822e+01 -9.124370e-02
2.378789e+01 1.439811e+03 1.740873e+01 -8.896178e-02
2.551505e+01 1.307487e+03 1.482474e+01 -8.668291e-02
2.737030e+01 1.187172e+03 1.262159e+01 -8.441081e-02
2.936314e+01 1.077804e+03 1.074380e+01 -8.214892e-02
3.150379e+01 9.784138e+02 9.143848e+00 -7.990048e-02
3.380319e+01 8.881123e+02 7.781044e+00 -7.766848e-02
3.627314e+01 8.060867e+02 6.620555e+00 -7.545568e-02
3.892627e+01 7.315943e+02 5.632596e+00 -7.326463e-02
4.177616e+01 6.639562e+02 4.791709e+00 -7.109764e-02
4.483742e+01 6.025528e+02 4.076148e+00 -6.895686e-02
4.812572e+01 5.468186e+02 3.467344e+00 -6.684421e-02
5.165790e+01 4.962380e+02 2.949452e+00 -6.476143e-02
5.545205e+01 4.503406e+02 2.508957e+00 -6.271008e-02
5.952759e+01 4.086979e+02 2.134332e+00 -6.069162e-02
6.390539e+01 3.709205e+02 1.815764e+00 -5.870706e-02
6.860787e+01 3.366523e+02 1.544877e+00 -5.675769e-02
7.365911e+01 3.055703e+02 1.314548e+00 -5.484437e-02
7.908499e+01 2.773804e+02 1.118710e+00 -5.296789e-02
8.491327e+01 2.518151e+02 9.521987e-01 -5.112892e-02
9.117381e+01 2.286312e+02 8.106199e-01 -4.932800e-02
9.789867e+01 2.076078e+02 6.902359e-01 -4.756555e-02
1.051223e+02 1.885441e+02 5.878677e-01 -4.584192e-02
1.128816e+02 1.712577e+02 5.008121e-01 -4.415734e-02
1.212164e+02 1.555829e+02 4.267708e-01 -4.251194e-02
1.301694e+02 1.413695e+02 3.637903e-01 -4.090580e-02
1.397864e+02 1.284810e+02 3.102104e-01 -3.933889e-02
1.501166e+02 1.167935e+02 2.646200e-01 -3.781113e-02
1.612130e+02 1.061948e+02 2.258204e-01 -3.632238e-02
1.731323e+02 9.658277e+01 1.927928e-01 -3.487244e-02
1.859357e+02 8.786517e+01 1.646718e-01 -3.346104e-02
1.996886e+02 7.995814e+01 1.407222e-01 -3.208790e-02
2.144615e+02 7.278570e+01 1.203192e-01 -3.075265e-02
2.303300e+02 6.627899e+01 1.029322e-01 -2.945492e-02
2.473754e+02 6.037558e+01 8.811036e-02 -2.819431e-02
2.656850e+02 5.501890e+01 7.547061e-02 -2.697035e-02
2.853526e+02 5.015767e+01 6.468750e-02 -2.578259e-02
3.064787e+02 4.574546e+01 5.548446e-02 -2.463053e-02
3.291718e+02 4.174017e+01 4.762648e-02 -2.351367e-02
3.535478e+02 3.810369e+01 4.091379e-02 -2.243147e-02
3.797317e+02 3.480147e+01 3.517661e-02 -2.138341e-02
4.078576e+02 3.180223e+01 3.027058e-02 -2.036894e-02
4.380694e+02 2.907764e+01 2.607294e-02 -1.938750e-02
4.705219e+02 2.660203e+01 2.247930e-02 -1.843852e-02
5.053812e+02 2.435216e+01 1.940084e-02 -1.752146e-02
5.428259e+02 2.230696e+01 1.676199e-02 -1.663574e-02
5.830477e+02 2.044738e+01 1.449842e-02 -1.578079e-02
6.262526e+02 1.875614e+01 1.255540e-02 -1.495605e-02
6.726618e+02 1.721759e+01 1.088626e-02 -1.416096e-02
7.225129e+02 1.581758e+01 9.451301e-03 -1.339495e-02
7.760612e+02 1.454327e+01 8.216649e-03 -1.265748e-02
8.335810e+02 1.338303e+01 7.153447e-03 -1.194798e-02
8.953667e+02 1.232633e+01 6.237078e-03 -1.126591e-02
9.617349e+02 1.136364e+01 5.446538e-03 -1.061073e-02
1.033025e+03 1.048631e+01 4.763900e-03 -9.981901e-03
1.109603e+03 9.686513e+00 4.173854e-03 -9.378891e-03
1.191860e+03 8.957152e+00 3.663318e-03 -8.801175e-03
1.280217e+03 8.291796e+00 3.221112e-03 -8.248228e-03
1.375128e+03 7.684618e+00 2.837670e-03 -7.719532e-03
1.477078e+03 7.130334e+00 2.504809e-03 -7.214570e-03
1.586589e+03 6.624155e+00 2.215519e-03 -6.732829e-03
1.704222e+03 6.161736e+00 1.963797e-03 -6.273795e-03
1.830579e+03 5.739139e+00 1.744494e-03 -5.836954e-03
1.966307e+03 5.352792e+00 1.553193e-03 -5.421793e-03
2.112102e+03 4.999452e+00 1.386103e-03 -5.027792e-03
2.268710e+03 4.676177e+00 1.239966e-03 -4.654429e-03
2.436932e+03 4.380297e+00 1.111981e-03 -4.301178e-03
2.617631e+03 4.109389e+00 9.997395e-04 -3.967504e-03
2.811732e+03 3.861250e+00 9.011655e-04 -3.652863e-03
3.020228e+03 3.633879e+00 8.144709e-04 -3.356705e-03
3.244187e+03 3.425460e+00 7.381131e-04 -3.078467e-03
3.484756e+03 3.234340e+00 6.707606e-04 -2.817576e-03
3.743167e+03 3.059017e+00 6.112626e-04 -2.573448e-03
4.020743e+03 2.898124e+00 5.586240e-04 -2.345487e-03
4.318906e+03 2.750417e+00 5.119832e-04 -2.133086e-03
4.639182e+03 2.614766e+00 4.705936e-04 -1.935627e-03
4.983212e+03 2.490138e+00 4.338075e-04 -1.752484e-03
5.352756e+03 2.375595e+00 4.010626e-04 -1.583020e-03
5.749708e+03 2.270282e+00 3.718699e-04 -1.426594e-03
6.176100e+03 2.173418e+00 3.458041e-04 -1.282559e-03
6.634116e+03 2.084292e+00 3.224945e-04 -1.150268e-03
7.126100e+03 2.002255e+00 3.016179e-04 -1.029071e-03
7.654573e+03 1.926715e+00 2.828920e-04 -9.183260e-04
8.222240e+03 1.857132e+00 2.660701e-04 -8.173940e-04
8.832008e+03 1.793012e+00 2.509361e-04 -7.256473e-04
9.487000e+03 1.733903e+00 2.373009e-04 -6.424698e-04
1.019057e+04 1.679394e+00 2.249983e-04 -5.672610e-04
1.094632e+04 1.629109e+00 2.138825e-04 -4.994380e-04
1.175812e+04 1.582704e+00 2.038250e-04 -4.384382e-04
