############################################
############## Michel Problem ##############
############################################
# 
# This is the solution of the Michel Problem
# with parameters
# 
# Gamma     = 1.666667
# c_infty   = 2.236000e-02
# rho_infty = 1.000000e+00
# M = 1.000000e+00
# r_min = 1.500000e+00 and r_max = 3.000000e+03
# 
# from which we obtain
# 
# c_star   = 1.225441e-01
# r_star   = 3.479548e+01
# rho_star = 3.479548e+01
# U_star   = -1.198736e-01
# B        = -2.469358e+04
# K        = 3.002069e-04
# l_0      = 10.204
# 
############################################
1.328909e+00 1.405365e+04 2.456985e+03 -1.049028e-01
1.382411e+00 1.331073e+04 2.244349e+03 -1.066411e-01
1.439368e+00 1.259204e+04 2.046040e+03 -1.083360e-01
1.500000e+00 1.189823e+04 1.861621e+03 -1.099805e-01
1.564546e+00 1.122979e+04 1.690597e+03 -1.115681e-01
1.633258e+00 1.058707e+04 1.532429e+03 -1.130920e-01
1.706406e+00 9.970269e+03 1.386539e+03 -1.145461e-01
1.784274e+00 9.379454e+03 1.252324e+03 -1.159240e-01
1.867169e+00 8.814562e+03 1.129159e+03 -1.172201e-01
1.955414e+00 8.275414e+03 1.016413e+03 -1.184290e-01
2.049356e+00 7.761718e+03 9.134479e+02 -1.195455e-01
2.149360e+00 7.273087e+03 8.196315e+02 -1.205650e-01
2.255820e+00 6.809044e+03 7.343406e+02 -1.214836e-01
2.369151e+00 6.369034e+03 6.569666e+02 -1.222975e-01
2.489798e+00 5.952437e+03 5.869196e+02 -1.230037e-01
2.618231e+00 5.558573e+03 5.236320e+02 -1.235996e-01
2.754954e+00 5.186717e+03 4.665608e+02 -1.240831e-01
2.900503e+00 4.836106e+03 4.151902e+02 -1.244529e-01
3.055446e+00 4.505948e+03 3.690323e+02 -1.247080e-01
3.220390e+00 4.195430e+03 3.276284e+02 -1.248479e-01
3.395980e+00 3.903726e+03 2.905491e+02 -1.248728e-01
3.582904e+00 3.630003e+03 2.573944e+02 -1.247833e-01
3.781893e+00 3.373429e+03 2.277928e+02 -1.245804e-01
3.993726e+00 3.133175e+03 2.014011e+02 -1.242658e-01
4.219233e+00 2.908425e+03 1.779032e+02 -1.238412e-01
4.459294e+00 2.698374e+03 1.570089e+02 -1.233091e-01
4.714851e+00 2.502236e+03 1.384526e+02 -1.226721e-01
4.986903e+00 2.319245e+03 1.219921e+02 -1.219333e-01
5.276515e+00 2.148659e+03 1.074071e+02 -1.210958e-01
5.584820e+00 1.989759e+03 9.449779e+01 -1.201633e-01
5.913025e+00 1.841855e+03 8.308319e+01 -1.191395e-01
6.262414e+00 1.704282e+03 7.300002e+01 -1.180284e-01
6.634355e+00 1.576403e+03 6.410117e+01 -1.168339e-01
7.030303e+00 1.457611e+03 5.625441e+01 -1.155605e-01
7.451808e+00 1.347326e+03 4.934108e+01 -1.142123e-01
7.900520e+00 1.244999e+03 4.325494e+01 -1.127938e-01
8.378194e+00 1.150107e+03 3.790103e+01 -1.113093e-01
8.886700e+00 1.062155e+03 3.319458e+01 -1.097634e-01
9.428028e+00 9.806758e+02 2.906005e+01 -1.081605e-01
1.000430e+01 9.052284e+02 2.543027e+01 -1.065050e-01
1.061776e+01 8.353971e+02 2.224551e+01 -1.048012e-01
1.127082e+01 7.707911e+02 1.945279e+01 -1.030535e-01
1.196604e+01 7.110433e+02 1.700516e+01 -1.012662e-01
1.270612e+01 6.558092e+02 1.486106e+01 -9.944332e-02
1.349398e+01 6.047660e+02 1.298374e+01 -9.758899e-02
1.433269e+01 5.576118e+02 1.134072e+01 -9.570714e-02
1.522554e+01 5.140641e+02 9.903366e+00 -9.380160e-02
1.617601e+01 4.738593e+02 8.646420e+00 -9.187609e-02
1.718783e+01 4.367513e+02 7.547637e+00 -8.993418e-02
1.826497e+01 4.025108e+02 6.587437e+00 -8.797930e-02
1.941163e+01 3.709241e+02 5.748604e+00 -8.601475e-02
2.063230e+01 3.417925e+02 5.016008e+00 -8.404370e-02
2.193176e+01 3.149311e+02 4.376363e+00 -8.206916e-02
2.331509e+01 2.901682e+02 3.818011e+00 -8.009400e-02
2.478771e+01 2.673443e+02 3.330726e+00 -7.812095e-02
2.635539e+01 2.463113e+02 2.905546e+00 -7.615259e-02
2.802425e+01 2.269319e+02 2.534621e+00 -7.419136e-02
2.980083e+01 2.090788e+02 2.211078e+00 -7.223955e-02
3.169209e+01 1.926343e+02 1.928902e+00 -7.029934e-02
3.370541e+01 1.774892e+02 1.682831e+00 -6.837275e-02
3.584869e+01 1.635423e+02 1.468264e+00 -6.646167e-02
3.813031e+01 1.507004e+02 1.281183e+00 -6.456787e-02
4.055919e+01 1.388769e+02 1.118074e+00 -6.269299e-02
4.314486e+01 1.279920e+02 9.758702e-01 -6.083854e-02
4.589741e+01 1.179720e+02 8.518937e-01 -5.900593e-02
4.882764e+01 1.087486e+02 7.438073e-01 -5.719646e-02
5.194699e+01 1.002591e+02 6.495716e-01 -5.541129e-02
5.526769e+01 9.244531e+01 5.674080e-01 -5.365152e-02
5.880273e+01 8.525369e+01 4.957651e-01 -5.191811e-02
6.256594e+01 7.863484e+01 4.332904e-01 -5.021197e-02
6.657205e+01 7.254322e+01 3.788047e-01 -4.853387e-02
7.083674e+01 6.693683e+01 3.312806e-01 -4.688454e-02
7.537669e+01 6.177699e+01 2.898223e-01 -4.526459e-02
8.020969e+01 5.702802e+01 2.536498e-01 -4.367459e-02
8.535463e+01 5.265710e+01 2.220831e-01 -4.211501e-02
9.083166e+01 4.863398e+01 1.945302e-01 -4.058626e-02
9.666221e+01 4.493081e+01 1.704751e-01 -3.908870e-02
1.028691e+02 4.152195e+01 1.494687e-01 -3.762261e-02
1.094766e+02 3.838381e+01 1.311196e-01 -3.618822e-02
1.165106e+02 3.549468e+01 1.150869e-01 -3.478573e-02
1.239986e+02 3.283456e+01 1.010740e-01 -3.341524e-02
1.319700e+02 3.038509e+01 8.882218e-02 -3.207686e-02
1.404559e+02 2.812934e+01 7.810640e-02 -3.077063e-02
1.494895e+02 2.605178e+01 6.873051e-02 -2.949655e-02
1.591061e+02 2.413809e+01 6.052370e-02 -2.825459e-02
1.693435e+02 2.237512e+01 5.333714e-02 -2.704469e-02
1.802417e+02 2.075079e+01 4.704121e-02 -2.586676e-02
1.918433e+02 1.925397e+01 4.152293e-02 -2.472066e-02
2.041938e+02 1.787445e+01 3.668387e-02 -2.360626e-02
2.173414e+02 1.660282e+01 3.243823e-02 -2.252338e-02
2.313377e+02 1.543045e+01 2.871122e-02 -2.147183e-02
2.462373e+02 1.434940e+01 2.543765e-02 -2.045140e-02
2.620987e+02 1.335238e+01 2.256066e-02 -1.946184e-02
2.789838e+02 1.243267e+01 2.003064e-02 -1.850292e-02
2.969589e+02 1.158412e+01 1.780433e-02 -1.757438e-02
3.160941e+02 1.080105e+01 1.584398e-02 -1.667592e-02
3.364644e+02 1.007827e+01 1.411661e-02 -1.580726e-02
3.581496e+02 9.410979e+00 1.259347e-02 -1.496809e-02
3.812345e+02 8.794786e+00 1.124940e-02 -1.415810e-02
4.058094e+02 8.225647e+00 1.006246e-02 -1.337695e-02
4.319705e+02 7.699845e+00 9.013442e-03 -1.262431e-02
4.598202e+02 7.213965e+00 8.085571e-03 -1.189982e-02
4.894675e+02 6.764865e+00 7.264168e-03 -1.120311e-02
5.210284e+02 6.349660e+00 6.536392e-03 -1.053381e-02
5.546264e+02 5.965694e+00 5.890999e-03 -9.891525e-03
5.903931e+02 5.610527e+00 5.318145e-03 -9.275858e-03
6.284684e+02 5.281915e+00 4.809203e-03 -8.686391e-03
6.690012e+02 4.977794e+00 4.356612e-03 -8.122694e-03
7.121503e+02 4.696264e+00 3.953740e-03 -7.584322e-03
7.580845e+02 4.435578e+00 3.594770e-03 -7.070816e-03
8.069836e+02 4.194131e+00 3.274592e-03 -6.581699e-03
8.590389e+02 3.970441e+00 2.988721e-03 -6.116477e-03
9.144542e+02 3.763149e+00 2.733211e-03 -5.674641e-03
9.734463e+02 3.571001e+00 2.504594e-03 -5.255659e-03
1.036246e+03 3.392843e+00 2.299819e-03 -4.858986e-03
1.103099e+03 3.227612e+00 2.116198e-03 -4.484055e-03
1.174268e+03 3.074329e+00 1.951362e-03 -4.130280e-03
1.250030e+03 2.932092e+00 1.803225e-03 -3.797057e-03
1.330682e+03 2.800070e+00 1.669945e-03 -3.483765e-03
1.416540e+03 2.677496e+00 1.549894e-03 -3.189765e-03
1.507940e+03 2.563663e+00 1.441636e-03 -2.914400e-03
1.605239e+03 2.457920e+00 1.343900e-03 -2.657001e-03
1.708819e+03 2.359666e+00 1.255562e-03 -2.416883e-03
1.819084e+03 2.268345e+00 1.175626e-03 -2.193351e-03
1.936466e+03 2.183445e+00 1.103209e-03 -1.985702e-03
2.061425e+03 2.104494e+00 1.037529e-03 -1.793224e-03
2.194450e+03 2.031054e+00 9.778896e-04 -1.615202e-03
2.336060e+03 1.962723e+00 9.236747e-04 -1.450919e-03
2.486811e+03 1.899128e+00 8.743347e-04 -1.299663e-03
2.647293e+03 1.839924e+00 8.293806e-04 -1.160722e-03
2.818133e+03 1.784794e+00 7.883772e-04 -1.033394e-03
3.000000e+03 1.733442e+00 7.509360e-04 -9.169883e-04
3.193606e+03 1.685598e+00 7.167106e-04 -8.108258e-04
3.399708e+03 1.641008e+00 6.853914e-04 -7.142441e-04
3.619113e+03 1.599442e+00 6.567014e-04 -6.265988e-04
