0.000000e+00 0.000000e+00 1.696570e-02 7.677225e+01 5.056609e-01 0.000000e+00
0.000000e+00 7.853982e-02 1.696570e-02 7.677225e+01 5.056609e-01 0.000000e+00
0.000000e+00 1.570796e-01 1.696570e-02 7.677225e+01 5.056609e-01 0.000000e+00
0.000000e+00 2.356194e-01 1.696570e-02 7.677225e+01 5.056609e-01 0.000000e+00
0.000000e+00 3.141593e-01 1.696570e-02 7.677225e+01 5.056609e-01 0.000000e+00
0.000000e+00 3.926991e-01 1.696570e-02 7.677225e+01 5.056609e-01 0.000000e+00
0.000000e+00 4.712389e-01 1.696570e-02 7.677225e+01 5.056609e-01 0.000000e+00
0.000000e+00 5.497787e-01 1.696570e-02 7.677225e+01 5.056609e-01 0.000000e+00
0.000000e+00 6.283185e-01 1.696570e-02 7.677225e+01 5.056609e-01 0.000000e+00
0.000000e+00 7.068583e-01 1.696570e-02 7.677225e+01 5.056609e-01 0.000000e+00
0.000000e+00 7.853982e-01 1.696570e-02 7.677225e+01 5.056609e-01 0.000000e+00
0.000000e+00 8.639380e-01 1.696570e-02 7.677225e+01 5.056609e-01 0.000000e+00
0.000000e+00 9.424778e-01 1.696570e-02 7.677225e+01 5.056609e-01 0.000000e+00
0.000000e+00 1.021018e+00 1.696570e-02 7.677225e+01 5.056609e-01 0.000000e+00
0.000000e+00 1.099557e+00 1.696570e-02 7.677225e+01 5.056609e-01 0.000000e+00
0.000000e+00 1.178097e+00 1.696570e-02 7.677225e+01 5.056609e-01 0.000000e+00
0.000000e+00 1.256637e+00 1.696570e-02 7.677225e+01 5.056609e-01 0.000000e+00
0.000000e+00 1.335177e+00 1.696570e-02 7.677225e+01 5.056609e-01 0.000000e+00
0.000000e+00 1.413717e+00 1.696570e-02 7.677225e+01 5.056609e-01 0.000000e+00
0.000000e+00 1.492257e+00 1.696570e-02 7.677225e+01 5.056609e-01 0.000000e+00
0.000000e+00 1.570796e+00 1.696570e-02 7.677225e+01 5.056609e-01 0.000000e+00
1.600000e-01 0.000000e+00 1.696570e-02 7.677225e+01 5.056609e-01 0.000000e+00
1.600000e-01 7.853982e-02 1.696570e-02 7.677225e+01 5.056609e-01 0.000000e+00
1.600000e-01 1.570796e-01 1.696570e-02 7.677225e+01 5.056609e-01 0.000000e+00
1.600000e-01 2.356194e-01 1.696570e-02 7.677225e+01 5.056609e-01 0.000000e+00
1.600000e-01 3.141593e-01 1.696570e-02 7.677225e+01 5.056609e-01 0.000000e+00
1.600000e-01 3.926991e-01 1.696570e-02 7.677225e+01 5.056609e-01 0.000000e+00
1.600000e-01 4.712389e-01 1.696570e-02 7.677225e+01 5.056609e-01 0.000000e+00
1.600000e-01 5.497787e-01 1.696570e-02 7.677225e+01 5.056609e-01 0.000000e+00
1.600000e-01 6.283185e-01 1.696570e-02 7.677225e+01 5.056609e-01 0.000000e+00
1.600000e-01 7.068583e-01 1.696570e-02 7.677225e+01 5.056609e-01 0.000000e+00
1.600000e-01 7.853982e-01 1.696570e-02 7.677225e+01 5.056609e-01 0.000000e+00
1.600000e-01 8.639380e-01 1.696570e-02 7.677225e+01 5.056609e-01 0.000000e+00
1.600000e-01 9.424778e-01 1.696570e-02 7.677225e+01 5.056609e-01 0.000000e+00
1.600000e-01 1.021018e+00 1.696570e-02 7.677225e+01 5.056609e-01 0.000000e+00
1.600000e-01 1.099557e+00 1.696570e-02 7.677225e+01 5.056609e-01 0.000000e+00
1.600000e-01 1.178097e+00 1.696570e-02 7.677225e+01 5.056609e-01 0.000000e+00
1.600000e-01 1.256637e+00 1.696570e-02 7.677225e+01 5.056609e-01 0.000000e+00
1.600000e-01 1.335177e+00 1.696570e-02 7.677225e+01 5.056609e-01 0.000000e+00
1.600000e-01 1.413717e+00 1.696570e-02 7.677225e+01 5.056609e-01 0.000000e+00
1.600000e-01 1.492257e+00 1.696570e-02 7.677225e+01 5.056609e-01 0.000000e+00
1.600000e-01 1.570796e+00 1.696570e-02 7.677225e+01 5.056609e-01 0.000000e+00
3.200000e-01 0.000000e+00 1.781013e-02 7.679635e+01 6.809322e-01 0.000000e+00
3.200000e-01 7.853982e-02 1.781013e-02 7.679635e+01 6.809322e-01 0.000000e+00
3.200000e-01 1.570796e-01 1.781013e-02 7.679635e+01 6.809322e-01 0.000000e+00
3.200000e-01 2.356194e-01 1.781013e-02 7.679635e+01 6.809322e-01 0.000000e+00
3.200000e-01 3.141593e-01 1.781013e-02 7.679635e+01 6.809322e-01 0.000000e+00
3.200000e-01 3.926991e-01 1.781013e-02 7.679635e+01 6.809322e-01 0.000000e+00
3.200000e-01 4.712389e-01 1.781013e-02 7.679635e+01 6.809322e-01 0.000000e+00
3.200000e-01 5.497787e-01 1.781013e-02 7.679635e+01 6.809322e-01 0.000000e+00
3.200000e-01 6.283185e-01 1.781013e-02 7.679635e+01 6.809322e-01 0.000000e+00
3.200000e-01 7.068583e-01 1.781013e-02 7.679635e+01 6.809322e-01 0.000000e+00
3.200000e-01 7.853982e-01 1.781013e-02 7.679635e+01 6.809322e-01 0.000000e+00
3.200000e-01 8.639380e-01 1.781013e-02 7.679635e+01 6.809322e-01 0.000000e+00
3.200000e-01 9.424778e-01 1.781013e-02 7.679635e+01 6.809322e-01 0.000000e+00
3.200000e-01 1.021018e+00 1.781013e-02 7.679635e+01 6.809322e-01 0.000000e+00
3.200000e-01 1.099557e+00 1.781013e-02 7.679635e+01 6.809322e-01 0.000000e+00
3.200000e-01 1.178097e+00 1.781013e-02 7.679635e+01 6.809322e-01 0.000000e+00
3.200000e-01 1.256637e+00 1.781013e-02 7.679635e+01 6.809322e-01 0.000000e+00
3.200000e-01 1.335177e+00 1.781013e-02 7.679635e+01 6.809322e-01 0.000000e+00
3.200000e-01 1.413717e+00 1.781013e-02 7.679635e+01 6.809322e-01 0.000000e+00
3.200000e-01 1.492257e+00 1.781013e-02 7.679635e+01 6.809322e-01 0.000000e+00
3.200000e-01 1.570796e+00 1.781013e-02 7.679635e+01 6.809322e-01 0.000000e+00
4.800000e-01 0.000000e+00 2.018746e-02 7.669803e+01 1.031949e+00 0.000000e+00
4.800000e-01 7.853982e-02 2.018746e-02 7.669803e+01 1.031949e+00 0.000000e+00
4.800000e-01 1.570796e-01 2.018746e-02 7.669803e+01 1.031949e+00 0.000000e+00
4.800000e-01 2.356194e-01 2.018746e-02 7.669803e+01 1.031949e+00 0.000000e+00
4.800000e-01 3.141593e-01 2.018746e-02 7.669803e+01 1.031949e+00 0.000000e+00
4.800000e-01 3.926991e-01 2.018746e-02 7.669803e+01 1.031949e+00 0.000000e+00
4.800000e-01 4.712389e-01 2.018746e-02 7.669803e+01 1.031949e+00 0.000000e+00
4.800000e-01 5.497787e-01 2.018746e-02 7.669803e+01 1.031949e+00 0.000000e+00
4.800000e-01 6.283185e-01 2.018746e-02 7.669803e+01 1.031949e+00 0.000000e+00
4.800000e-01 7.068583e-01 2.018746e-02 7.669803e+01 1.031949e+00 0.000000e+00
4.800000e-01 7.853982e-01 2.018746e-02 7.669803e+01 1.031949e+00 0.000000e+00
4.800000e-01 8.639380e-01 2.018746e-02 7.669803e+01 1.031949e+00 0.000000e+00
4.800000e-01 9.424778e-01 2.018746e-02 7.669803e+01 1.031949e+00 0.000000e+00
4.800000e-01 1.021018e+00 2.018746e-02 7.669803e+01 1.031949e+00 0.000000e+00
4.800000e-01 1.099557e+00 2.018746e-02 7.669803e+01 1.031949e+00 0.000000e+00
4.800000e-01 1.178097e+00 2.018746e-02 7.669803e+01 1.031949e+00 0.000000e+00
4.800000e-01 1.256637e+00 2.018746e-02 7.669803e+01 1.031949e+00 0.000000e+00
4.800000e-01 1.335177e+00 2.018746e-02 7.669803e+01 1.031949e+00 0.000000e+00
4.800000e-01 1.413717e+00 2.018746e-02 7.669803e+01 1.031949e+00 0.000000e+00
4.800000e-01 1.492257e+00 2.018746e-02 7.669803e+01 1.031949e+00 0.000000e+00
4.800000e-01 1.570796e+00 2.018746e-02 7.669803e+01 1.031949e+00 0.000000e+00
6.400000e-01 0.000000e+00 2.316404e-02 7.666410e+01 1.357067e+00 0.000000e+00
6.400000e-01 7.853982e-02 2.316404e-02 7.666410e+01 1.357067e+00 0.000000e+00
6.400000e-01 1.570796e-01 2.316404e-02 7.666410e+01 1.357067e+00 0.000000e+00
6.400000e-01 2.356194e-01 2.316404e-02 7.666410e+01 1.357067e+00 0.000000e+00
6.400000e-01 3.141593e-01 2.316404e-02 7.666410e+01 1.357067e+00 0.000000e+00
6.400000e-01 3.926991e-01 2.316404e-02 7.666410e+01 1.357067e+00 0.000000e+00
6.400000e-01 4.712389e-01 2.316404e-02 7.666410e+01 1.357067e+00 0.000000e+00
6.400000e-01 5.497787e-01 2.316404e-02 7.666410e+01 1.357067e+00 0.000000e+00
6.400000e-01 6.283185e-01 2.316404e-02 7.666410e+01 1.357067e+00 0.000000e+00
6.400000e-01 7.068583e-01 2.316404e-02 7.666410e+01 1.357067e+00 0.000000e+00
6.400000e-01 7.853982e-01 2.316404e-02 7.666410e+01 1.357067e+00 0.000000e+00
6.400000e-01 8.639380e-01 2.316404e-02 7.666410e+01 1.357067e+00 0.000000e+00
6.400000e-01 9.424778e-01 2.316404e-02 7.666410e+01 1.357067e+00 0.000000e+00
6.400000e-01 1.021018e+00 2.316404e-02 7.666410e+01 1.357067e+00 0.000000e+00
6.400000e-01 1.099557e+00 2.316404e-02 7.666410e+01 1.357067e+00 0.000000e+00
6.400000e-01 1.178097e+00 2.316404e-02 7.666410e+01 1.357067e+00 0.000000e+00
6.400000e-01 1.256637e+00 2.316404e-02 7.666410e+01 1.357067e+00 0.000000e+00
6.400000e-01 1.335177e+00 2.316404e-02 7.666410e+01 1.357067e+00 0.000000e+00
6.400000e-01 1.413717e+00 2.316404e-02 7.666410e+01 1.357067e+00 0.000000e+00
6.400000e-01 1.492257e+00 2.316404e-02 7.666410e+01 1.357067e+00 0.000000e+00
6.400000e-01 1.570796e+00 2.316404e-02 7.666410e+01 1.357067e+00 0.000000e+00
8.000000e-01 0.000000e+00 2.588759e-02 7.659455e+01 1.702099e+00 0.000000e+00
8.000000e-01 7.853982e-02 2.588759e-02 7.659455e+01 1.702099e+00 0.000000e+00
8.000000e-01 1.570796e-01 2.588759e-02 7.659455e+01 1.702099e+00 0.000000e+00
8.000000e-01 2.356194e-01 2.588759e-02 7.659455e+01 1.702099e+00 0.000000e+00
8.000000e-01 3.141593e-01 2.588759e-02 7.659455e+01 1.702099e+00 0.000000e+00
8.000000e-01 3.926991e-01 2.588759e-02 7.659455e+01 1.702099e+00 0.000000e+00
8.000000e-01 4.712389e-01 2.588759e-02 7.659455e+01 1.702099e+00 0.000000e+00
8.000000e-01 5.497787e-01 2.588759e-02 7.659455e+01 1.702099e+00 0.000000e+00
8.000000e-01 6.283185e-01 2.588759e-02 7.659455e+01 1.702099e+00 0.000000e+00
8.000000e-01 7.068583e-01 2.588759e-02 7.659455e+01 1.702099e+00 0.000000e+00
8.000000e-01 7.853982e-01 2.588759e-02 7.659455e+01 1.702099e+00 0.000000e+00
8.000000e-01 8.639380e-01 2.588759e-02 7.659455e+01 1.702099e+00 0.000000e+00
8.000000e-01 9.424778e-01 2.588759e-02 7.659455e+01 1.702099e+00 0.000000e+00
8.000000e-01 1.021018e+00 2.588759e-02 7.659455e+01 1.702099e+00 0.000000e+00
8.000000e-01 1.099557e+00 2.588759e-02 7.659455e+01 1.702099e+00 0.000000e+00
8.000000e-01 1.178097e+00 2.588759e-02 7.659455e+01 1.702099e+00 0.000000e+00
8.000000e-01 1.256637e+00 2.588759e-02 7.659455e+01 1.702099e+00 0.000000e+00
8.000000e-01 1.335177e+00 2.588759e-02 7.659455e+01 1.702099e+00 0.000000e+00
8.000000e-01 1.413717e+00 2.588759e-02 7.659455e+01 1.702099e+00 0.000000e+00
8.000000e-01 1.492257e+00 2.588759e-02 7.659455e+01 1.702099e+00 0.000000e+00
8.000000e-01 1.570796e+00 2.588759e-02 7.659455e+01 1.702099e+00 0.000000e+00
9.600000e-01 0.000000e+00 2.802546e-02 7.651210e+01 2.054150e+00 0.000000e+00
9.600000e-01 7.853982e-02 2.802546e-02 7.651210e+01 2.054150e+00 0.000000e+00
9.600000e-01 1.570796e-01 2.802546e-02 7.651210e+01 2.054150e+00 0.000000e+00
9.600000e-01 2.356194e-01 2.802546e-02 7.651210e+01 2.054150e+00 0.000000e+00
9.600000e-01 3.141593e-01 2.802546e-02 7.651210e+01 2.054150e+00 0.000000e+00
9.600000e-01 3.926991e-01 2.802546e-02 7.651210e+01 2.054150e+00 0.000000e+00
9.600000e-01 4.712389e-01 2.802546e-02 7.651210e+01 2.054150e+00 0.000000e+00
9.600000e-01 5.497787e-01 2.802546e-02 7.651210e+01 2.054150e+00 0.000000e+00
9.600000e-01 6.283185e-01 2.802546e-02 7.651210e+01 2.054150e+00 0.000000e+00
9.600000e-01 7.068583e-01 2.802546e-02 7.651210e+01 2.054150e+00 0.000000e+00
9.600000e-01 7.853982e-01 2.802546e-02 7.651210e+01 2.054150e+00 0.000000e+00
9.600000e-01 8.639380e-01 2.802546e-02 7.651210e+01 2.054150e+00 0.000000e+00
9.600000e-01 9.424778e-01 2.802546e-02 7.651210e+01 2.054150e+00 0.000000e+00
9.600000e-01 1.021018e+00 2.802546e-02 7.651210e+01 2.054150e+00 0.000000e+00
9.600000e-01 1.099557e+00 2.802546e-02 7.651210e+01 2.054150e+00 0.000000e+00
9.600000e-01 1.178097e+00 2.802546e-02 7.651210e+01 2.054150e+00 0.000000e+00
9.600000e-01 1.256637e+00 2.802546e-02 7.651210e+01 2.054150e+00 0.000000e+00
9.600000e-01 1.335177e+00 2.802546e-02 7.651210e+01 2.054150e+00 0.000000e+00
9.600000e-01 1.413717e+00 2.802546e-02 7.651210e+01 2.054150e+00 0.000000e+00
9.600000e-01 1.492257e+00 2.802546e-02 7.651210e+01 2.054150e+00 0.000000e+00
9.600000e-01 1.570796e+00 2.802546e-02 7.651210e+01 2.054150e+00 0.000000e+00
1.120000e+00 0.000000e+00 2.939564e-02 7.641442e+01 2.414982e+00 0.000000e+00
1.120000e+00 7.853982e-02 2.939564e-02 7.641442e+01 2.414982e+00 0.000000e+00
1.120000e+00 1.570796e-01 2.939564e-02 7.641442e+01 2.414982e+00 0.000000e+00
1.120000e+00 2.356194e-01 2.939564e-02 7.641442e+01 2.414982e+00 0.000000e+00
1.120000e+00 3.141593e-01 2.939564e-02 7.641442e+01 2.414982e+00 0.000000e+00
1.120000e+00 3.926991e-01 2.939564e-02 7.641442e+01 2.414982e+00 0.000000e+00
1.120000e+00 4.712389e-01 2.939564e-02 7.641442e+01 2.414982e+00 0.000000e+00
1.120000e+00 5.497787e-01 2.939564e-02 7.641442e+01 2.414982e+00 0.000000e+00
1.120000e+00 6.283185e-01 2.939564e-02 7.641442e+01 2.414982e+00 0.000000e+00
1.120000e+00 7.068583e-01 2.939564e-02 7.641442e+01 2.414982e+00 0.000000e+00
1.120000e+00 7.853982e-01 2.939564e-02 7.641442e+01 2.414982e+00 0.000000e+00
1.120000e+00 8.639380e-01 2.939564e-02 7.641442e+01 2.414982e+00 0.000000e+00
1.120000e+00 9.424778e-01 2.939564e-02 7.641442e+01 2.414982e+00 0.000000e+00
1.120000e+00 1.021018e+00 2.939564e-02 7.641442e+01 2.414982e+00 0.000000e+00
1.120000e+00 1.099557e+00 2.939564e-02 7.641442e+01 2.414982e+00 0.000000e+00
1.120000e+00 1.178097e+00 2.939564e-02 7.641442e+01 2.414982e+00 0.000000e+00
1.120000e+00 1.256637e+00 2.939564e-02 7.641442e+01 2.414982e+00 0.000000e+00
1.120000e+00 1.335177e+00 2.939564e-02 7.641442e+01 2.414982e+00 0.000000e+00
1.120000e+00 1.413717e+00 2.939564e-02 7.641442e+01 2.414982e+00 0.000000e+00
1.120000e+00 1.492257e+00 2.939564e-02 7.641442e+01 2.414982e+00 0.000000e+00
1.120000e+00 1.570796e+00 2.939564e-02 7.641442e+01 2.414982e+00 0.000000e+00
1.280000e+00 0.000000e+00 3.000815e-02 7.631174e+01 2.780088e+00 0.000000e+00
1.280000e+00 7.853982e-02 3.000815e-02 7.631174e+01 2.780088e+00 0.000000e+00
1.280000e+00 1.570796e-01 3.000815e-02 7.631174e+01 2.780088e+00 0.000000e+00
1.280000e+00 2.356194e-01 3.000815e-02 7.631174e+01 2.780088e+00 0.000000e+00
1.280000e+00 3.141593e-01 3.000815e-02 7.631174e+01 2.780088e+00 0.000000e+00
1.280000e+00 3.926991e-01 3.000815e-02 7.631174e+01 2.780088e+00 0.000000e+00
1.280000e+00 4.712389e-01 3.000815e-02 7.631174e+01 2.780088e+00 0.000000e+00
1.280000e+00 5.497787e-01 3.000815e-02 7.631174e+01 2.780088e+00 0.000000e+00
1.280000e+00 6.283185e-01 3.000815e-02 7.631174e+01 2.780088e+00 0.000000e+00
1.280000e+00 7.068583e-01 3.000815e-02 7.631174e+01 2.780088e+00 0.000000e+00
1.280000e+00 7.853982e-01 3.000815e-02 7.631174e+01 2.780088e+00 0.000000e+00
1.280000e+00 8.639380e-01 3.000815e-02 7.631174e+01 2.780088e+00 0.000000e+00
1.280000e+00 9.424778e-01 3.000815e-02 7.631174e+01 2.780088e+00 0.000000e+00
1.280000e+00 1.021018e+00 3.000815e-02 7.631174e+01 2.780088e+00 0.000000e+00
1.280000e+00 1.099557e+00 3.000815e-02 7.631174e+01 2.780088e+00 0.000000e+00
1.280000e+00 1.178097e+00 3.000815e-02 7.631174e+01 2.780088e+00 0.000000e+00
1.280000e+00 1.256637e+00 3.000815e-02 7.631174e+01 2.780088e+00 0.000000e+00
1.280000e+00 1.335177e+00 3.000815e-02 7.631174e+01 2.780088e+00 0.000000e+00
1.280000e+00 1.413717e+00 3.000815e-02 7.631174e+01 2.780088e+00 0.000000e+00
1.280000e+00 1.492257e+00 3.000815e-02 7.631174e+01 2.780088e+00 0.000000e+00
1.280000e+00 1.570796e+00 3.000815e-02 7.631174e+01 2.780088e+00 0.000000e+00
1.440000e+00 0.000000e+00 3.018450e-02 7.622052e+01 3.145456e+00 0.000000e+00
1.440000e+00 7.853982e-02 3.018450e-02 7.622052e+01 3.145456e+00 0.000000e+00
1.440000e+00 1.570796e-01 3.018450e-02 7.622052e+01 3.145456e+00 0.000000e+00
1.440000e+00 2.356194e-01 3.018450e-02 7.622052e+01 3.145456e+00 0.000000e+00
1.440000e+00 3.141593e-01 3.018450e-02 7.622052e+01 3.145456e+00 0.000000e+00
1.440000e+00 3.926991e-01 3.018450e-02 7.622052e+01 3.145456e+00 0.000000e+00
1.440000e+00 4.712389e-01 3.018450e-02 7.622052e+01 3.145456e+00 0.000000e+00
1.440000e+00 5.497787e-01 3.018450e-02 7.622052e+01 3.145456e+00 0.000000e+00
1.440000e+00 6.283185e-01 3.018450e-02 7.622052e+01 3.145456e+00 0.000000e+00
1.440000e+00 7.068583e-01 3.018450e-02 7.622052e+01 3.145456e+00 0.000000e+00
1.440000e+00 7.853982e-01 3.018450e-02 7.622052e+01 3.145456e+00 0.000000e+00
1.440000e+00 8.639380e-01 3.018450e-02 7.622052e+01 3.145456e+00 0.000000e+00
1.440000e+00 9.424778e-01 3.018450e-02 7.622052e+01 3.145456e+00 0.000000e+00
1.440000e+00 1.021018e+00 3.018450e-02 7.622052e+01 3.145456e+00 0.000000e+00
1.440000e+00 1.099557e+00 3.018450e-02 7.622052e+01 3.145456e+00 0.000000e+00
1.440000e+00 1.178097e+00 3.018450e-02 7.622052e+01 3.145456e+00 0.000000e+00
1.440000e+00 1.256637e+00 3.018450e-02 7.622052e+01 3.145456e+00 0.000000e+00
1.440000e+00 1.335177e+00 3.018450e-02 7.622052e+01 3.145456e+00 0.000000e+00
1.440000e+00 1.413717e+00 3.018450e-02 7.622052e+01 3.145456e+00 0.000000e+00
1.440000e+00 1.492257e+00 3.018450e-02 7.622052e+01 3.145456e+00 0.000000e+00
1.440000e+00 1.570796e+00 3.018450e-02 7.622052e+01 3.145456e+00 0.000000e+00
1.600000e+00 0.000000e+00 3.031303e-02 7.615265e+01 3.509437e+00 0.000000e+00
1.600000e+00 7.853982e-02 3.031303e-02 7.615265e+01 3.509437e+00 0.000000e+00
1.600000e+00 1.570796e-01 3.031303e-02 7.615265e+01 3.509437e+00 0.000000e+00
1.600000e+00 2.356194e-01 3.031303e-02 7.615265e+01 3.509437e+00 0.000000e+00
1.600000e+00 3.141593e-01 3.031303e-02 7.615265e+01 3.509437e+00 0.000000e+00
1.600000e+00 3.926991e-01 3.031303e-02 7.615265e+01 3.509437e+00 0.000000e+00
1.600000e+00 4.712389e-01 3.031303e-02 7.615265e+01 3.509437e+00 0.000000e+00
1.600000e+00 5.497787e-01 3.031303e-02 7.615265e+01 3.509437e+00 0.000000e+00
1.600000e+00 6.283185e-01 3.031303e-02 7.615265e+01 3.509437e+00 0.000000e+00
1.600000e+00 7.068583e-01 3.031303e-02 7.615265e+01 3.509437e+00 0.000000e+00
1.600000e+00 7.853982e-01 3.031303e-02 7.615265e+01 3.509437e+00 0.000000e+00
1.600000e+00 8.639380e-01 3.031303e-02 7.615265e+01 3.509437e+00 0.000000e+00
1.600000e+00 9.424778e-01 3.031303e-02 7.615265e+01 3.509437e+00 0.000000e+00
1.600000e+00 1.021018e+00 3.031303e-02 7.615265e+01 3.509437e+00 0.000000e+00
1.600000e+00 1.099557e+00 3.031303e-02 7.615265e+01 3.509437e+00 0.000000e+00
1.600000e+00 1.178097e+00 3.031303e-02 7.615265e+01 3.509437e+00 0.000000e+00
1.600000e+00 1.256637e+00 3.031303e-02 7.615265e+01 3.509437e+00 0.000000e+00
1.600000e+00 1.335177e+00 3.031303e-02 7.615265e+01 3.509437e+00 0.000000e+00
1.600000e+00 1.413717e+00 3.031303e-02 7.615265e+01 3.509437e+00 0.000000e+00
1.600000e+00 1.492257e+00 3.031303e-02 7.615265e+01 3.509437e+00 0.000000e+00
1.600000e+00 1.570796e+00 3.031303e-02 7.615265e+01 3.509437e+00 0.000000e+00
1.760000e+00 0.000000e+00 3.073050e-02 7.612888e+01 3.878685e+00 0.000000e+00
1.760000e+00 7.853982e-02 3.073050e-02 7.612888e+01 3.878685e+00 0.000000e+00
1.760000e+00 1.570796e-01 3.073050e-02 7.612888e+01 3.878685e+00 0.000000e+00
1.760000e+00 2.356194e-01 3.073050e-02 7.612888e+01 3.878685e+00 0.000000e+00
1.760000e+00 3.141593e-01 3.073050e-02 7.612888e+01 3.878685e+00 0.000000e+00
1.760000e+00 3.926991e-01 3.073050e-02 7.612888e+01 3.878685e+00 0.000000e+00
1.760000e+00 4.712389e-01 3.073050e-02 7.612888e+01 3.878685e+00 0.000000e+00
1.760000e+00 5.497787e-01 3.073050e-02 7.612888e+01 3.878685e+00 0.000000e+00
1.760000e+00 6.283185e-01 3.073050e-02 7.612888e+01 3.878685e+00 0.000000e+00
1.760000e+00 7.068583e-01 3.073050e-02 7.612888e+01 3.878685e+00 0.000000e+00
1.760000e+00 7.853982e-01 3.073050e-02 7.612888e+01 3.878685e+00 0.000000e+00
1.760000e+00 8.639380e-01 3.073050e-02 7.612888e+01 3.878685e+00 0.000000e+00
1.760000e+00 9.424778e-01 3.073050e-02 7.612888e+01 3.878685e+00 0.000000e+00
1.760000e+00 1.021018e+00 3.073050e-02 7.612888e+01 3.878685e+00 0.000000e+00
1.760000e+00 1.099557e+00 3.073050e-02 7.612888e+01 3.878685e+00 0.000000e+00
1.760000e+00 1.178097e+00 3.073050e-02 7.612888e+01 3.878685e+00 0.000000e+00
1.760000e+00 1.256637e+00 3.073050e-02 7.612888e+01 3.878685e+00 0.000000e+00
1.760000e+00 1.335177e+00 3.073050e-02 7.612888e+01 3.878685e+00 0.000000e+00
1.760000e+00 1.413717e+00 3.073050e-02 7.612888e+01 3.878685e+00 0.000000e+00
1.760000e+00 1.492257e+00 3.073050e-02 7.612888e+01 3.878685e+00 0.000000e+00
1.760000e+00 1.570796e+00 3.073050e-02 7.612888e+01 3.878685e+00 0.000000e+00
1.920000e+00 0.000000e+00 3.215836e-02 7.615847e+01 4.243956e+00 0.000000e+00
1.920000e+00 7.853982e-02 3.215836e-02 7.615847e+01 4.243956e+00 0.000000e+00
1.920000e+00 1.570796e-01 3.215836e-02 7.615847e+01 4.243956e+00 0.000000e+00
1.920000e+00 2.356194e-01 3.215836e-02 7.615847e+01 4.243956e+00 0.000000e+00
1.920000e+00 3.141593e-01 3.215836e-02 7.615847e+01 4.243956e+00 0.000000e+00
1.920000e+00 3.926991e-01 3.215836e-02 7.615847e+01 4.243956e+00 0.000000e+00
1.920000e+00 4.712389e-01 3.215836e-02 7.615847e+01 4.243956e+00 0.000000e+00
1.920000e+00 5.497787e-01 3.215836e-02 7.615847e+01 4.243956e+00 0.000000e+00
1.920000e+00 6.283185e-01 3.215836e-02 7.615847e+01 4.243956e+00 0.000000e+00
1.920000e+00 7.068583e-01 3.215836e-02 7.615847e+01 4.243956e+00 0.000000e+00
1.920000e+00 7.853982e-01 3.215836e-02 7.615847e+01 4.243956e+00 0.000000e+00
1.920000e+00 8.639380e-01 3.215836e-02 7.615847e+01 4.243956e+00 0.000000e+00
1.920000e+00 9.424778e-01 3.215836e-02 7.615847e+01 4.243956e+00 0.000000e+00
1.920000e+00 1.021018e+00 3.215836e-02 7.615847e+01 4.243956e+00 0.000000e+00
1.920000e+00 1.099557e+00 3.215836e-02 7.615847e+01 4.243956e+00 0.000000e+00
1.920000e+00 1.178097e+00 3.215836e-02 7.615847e+01 4.243956e+00 0.000000e+00
1.920000e+00 1.256637e+00 3.215836e-02 7.615847e+01 4.243956e+00 0.000000e+00
1.920000e+00 1.335177e+00 3.215836e-02 7.615847e+01 4.243956e+00 0.000000e+00
1.920000e+00 1.413717e+00 3.215836e-02 7.615847e+01 4.243956e+00 0.000000e+00
1.920000e+00 1.492257e+00 3.215836e-02 7.615847e+01 4.243956e+00 0.000000e+00
1.920000e+00 1.570796e+00 3.215836e-02 7.615847e+01 4.243956e+00 0.000000e+00
2.080000e+00 0.000000e+00 3.637713e-02 7.623658e+01 4.615553e+00 0.000000e+00
2.080000e+00 7.853982e-02 3.637713e-02 7.623658e+01 4.615553e+00 0.000000e+00
2.080000e+00 1.570796e-01 3.637713e-02 7.623658e+01 4.615553e+00 0.000000e+00
2.080000e+00 2.356194e-01 3.637713e-02 7.623658e+01 4.615553e+00 0.000000e+00
2.080000e+00 3.141593e-01 3.637713e-02 7.623658e+01 4.615553e+00 0.000000e+00
2.080000e+00 3.926991e-01 3.637713e-02 7.623658e+01 4.615553e+00 0.000000e+00
2.080000e+00 4.712389e-01 3.637713e-02 7.623658e+01 4.615553e+00 0.000000e+00
2.080000e+00 5.497787e-01 3.637713e-02 7.623658e+01 4.615553e+00 0.000000e+00
2.080000e+00 6.283185e-01 3.637713e-02 7.623658e+01 4.615553e+00 0.000000e+00
2.080000e+00 7.068583e-01 3.637713e-02 7.623658e+01 4.615553e+00 0.000000e+00
2.080000e+00 7.853982e-01 3.637713e-02 7.623658e+01 4.615553e+00 0.000000e+00
2.080000e+00 8.639380e-01 3.637713e-02 7.623658e+01 4.615553e+00 0.000000e+00
2.080000e+00 9.424778e-01 3.637713e-02 7.623658e+01 4.615553e+00 0.000000e+00
2.080000e+00 1.021018e+00 3.637713e-02 7.623658e+01 4.615553e+00 0.000000e+00
2.080000e+00 1.099557e+00 3.637713e-02 7.623658e+01 4.615553e+00 0.000000e+00
2.080000e+00 1.178097e+00 3.637713e-02 7.623658e+01 4.615553e+00 0.000000e+00
2.080000e+00 1.256637e+00 3.637713e-02 7.623658e+01 4.615553e+00 0.000000e+00
2.080000e+00 1.335177e+00 3.637713e-02 7.623658e+01 4.615553e+00 0.000000e+00
2.080000e+00 1.413717e+00 3.637713e-02 7.623658e+01 4.615553e+00 0.000000e+00
2.080000e+00 1.492257e+00 3.637713e-02 7.623658e+01 4.615553e+00 0.000000e+00
2.080000e+00 1.570796e+00 3.637713e-02 7.623658e+01 4.615553e+00 0.000000e+00
2.240000e+00 0.000000e+00 4.562132e-02 7.639476e+01 4.996216e+00 0.000000e+00
2.240000e+00 7.853982e-02 4.562132e-02 7.639476e+01 4.996216e+00 0.000000e+00
2.240000e+00 1.570796e-01 4.562132e-02 7.639476e+01 4.996216e+00 0.000000e+00
2.240000e+00 2.356194e-01 4.562132e-02 7.639476e+01 4.996216e+00 0.000000e+00
2.240000e+00 3.141593e-01 4.562132e-02 7.639476e+01 4.996216e+00 0.000000e+00
2.240000e+00 3.926991e-01 4.562132e-02 7.639476e+01 4.996216e+00 0.000000e+00
2.240000e+00 4.712389e-01 4.562132e-02 7.639476e+01 4.996216e+00 0.000000e+00
2.240000e+00 5.497787e-01 4.562132e-02 7.639476e+01 4.996216e+00 0.000000e+00
2.240000e+00 6.283185e-01 4.562132e-02 7.639476e+01 4.996216e+00 0.000000e+00
2.240000e+00 7.068583e-01 4.562132e-02 7.639476e+01 4.996216e+00 0.000000e+00
2.240000e+00 7.853982e-01 4.562132e-02 7.639476e+01 4.996216e+00 0.000000e+00
2.240000e+00 8.639380e-01 4.562132e-02 7.639476e+01 4.996216e+00 0.000000e+00
2.240000e+00 9.424778e-01 4.562132e-02 7.639476e+01 4.996216e+00 0.000000e+00
2.240000e+00 1.021018e+00 4.562132e-02 7.639476e+01 4.996216e+00 0.000000e+00
2.240000e+00 1.099557e+00 4.562132e-02 7.639476e+01 4.996216e+00 0.000000e+00
2.240000e+00 1.178097e+00 4.562132e-02 7.639476e+01 4.996216e+00 0.000000e+00
2.240000e+00 1.256637e+00 4.562132e-02 7.639476e+01 4.996216e+00 0.000000e+00
2.240000e+00 1.335177e+00 4.562132e-02 7.639476e+01 4.996216e+00 0.000000e+00
2.240000e+00 1.413717e+00 4.562132e-02 7.639476e+01 4.996216e+00 0.000000e+00
2.240000e+00 1.492257e+00 4.562132e-02 7.639476e+01 4.996216e+00 0.000000e+00
2.240000e+00 1.570796e+00 4.562132e-02 7.639476e+01 4.996216e+00 0.000000e+00
2.400000e+00 0.000000e+00 6.197834e-02 7.669699e+01 5.395870e+00 0.000000e+00
2.400000e+00 7.853982e-02 6.197834e-02 7.669699e+01 5.395870e+00 0.000000e+00
2.400000e+00 1.570796e-01 6.197834e-02 7.669699e+01 5.395870e+00 0.000000e+00
2.400000e+00 2.356194e-01 6.197834e-02 7.669699e+01 5.395870e+00 0.000000e+00
2.400000e+00 3.141593e-01 6.197834e-02 7.669699e+01 5.395870e+00 0.000000e+00
2.400000e+00 3.926991e-01 6.197834e-02 7.669699e+01 5.395870e+00 0.000000e+00
2.400000e+00 4.712389e-01 6.197834e-02 7.669699e+01 5.395870e+00 0.000000e+00
2.400000e+00 5.497787e-01 6.197834e-02 7.669699e+01 5.395870e+00 0.000000e+00
2.400000e+00 6.283185e-01 6.197834e-02 7.669699e+01 5.395870e+00 0.000000e+00
2.400000e+00 7.068583e-01 6.197834e-02 7.669699e+01 5.395870e+00 0.000000e+00
2.400000e+00 7.853982e-01 6.197834e-02 7.669699e+01 5.395870e+00 0.000000e+00
2.400000e+00 8.639380e-01 6.197834e-02 7.669699e+01 5.395870e+00 0.000000e+00
2.400000e+00 9.424778e-01 6.197834e-02 7.669699e+01 5.395870e+00 0.000000e+00
2.400000e+00 1.021018e+00 6.197834e-02 7.669699e+01 5.395870e+00 0.000000e+00
2.400000e+00 1.099557e+00 6.197834e-02 7.669699e+01 5.395870e+00 0.000000e+00
2.400000e+00 1.178097e+00 6.197834e-02 7.669699e+01 5.395870e+00 0.000000e+00
2.400000e+00 1.256637e+00 6.197834e-02 7.669699e+01 5.395870e+00 0.000000e+00
2.400000e+00 1.335177e+00 6.197834e-02 7.669699e+01 5.395870e+00 0.000000e+00
2.400000e+00 1.413717e+00 6.197834e-02 7.669699e+01 5.395870e+00 0.000000e+00
2.400000e+00 1.492257e+00 6.197834e-02 7.669699e+01 5.395870e+00 0.000000e+00
2.400000e+00 1.570796e+00 6.197834e-02 7.669699e+01 5.395870e+00 0.000000e+00
2.560000e+00 0.000000e+00 8.664597e-02 7.726457e+01 5.827355e+00 0.000000e+00
2.560000e+00 7.853982e-02 8.664597e-02 7.726457e+01 5.827355e+00 0.000000e+00
2.560000e+00 1.570796e-01 8.664597e-02 7.726457e+01 5.827355e+00 0.000000e+00
2.560000e+00 2.356194e-01 8.664597e-02 7.726457e+01 5.827355e+00 0.000000e+00
2.560000e+00 3.141593e-01 8.664597e-02 7.726457e+01 5.827355e+00 0.000000e+00
2.560000e+00 3.926991e-01 8.664597e-02 7.726457e+01 5.827355e+00 0.000000e+00
2.560000e+00 4.712389e-01 8.664597e-02 7.726457e+01 5.827355e+00 0.000000e+00
2.560000e+00 5.497787e-01 8.664597e-02 7.726457e+01 5.827355e+00 0.000000e+00
2.560000e+00 6.283185e-01 8.664597e-02 7.726457e+01 5.827355e+00 0.000000e+00
2.560000e+00 7.068583e-01 8.664597e-02 7.726457e+01 5.827355e+00 0.000000e+00
2.560000e+00 7.853982e-01 8.664597e-02 7.726457e+01 5.827355e+00 0.000000e+00
2.560000e+00 8.639380e-01 8.664597e-02 7.726457e+01 5.827355e+00 0.000000e+00
2.560000e+00 9.424778e-01 8.664597e-02 7.726457e+01 5.827355e+00 0.000000e+00
2.560000e+00 1.021018e+00 8.664597e-02 7.726457e+01 5.827355e+00 0.000000e+00
2.560000e+00 1.099557e+00 8.664597e-02 7.726457e+01 5.827355e+00 0.000000e+00
2.560000e+00 1.178097e+00 8.664597e-02 7.726457e+01 5.827355e+00 0.000000e+00
2.560000e+00 1.256637e+00 8.664597e-02 7.726457e+01 5.827355e+00 0.000000e+00
2.560000e+00 1.335177e+00 8.664597e-02 7.726457e+01 5.827355e+00 0.000000e+00
2.560000e+00 1.413717e+00 8.664597e-02 7.726457e+01 5.827355e+00 0.000000e+00
2.560000e+00 1.492257e+00 8.664597e-02 7.726457e+01 5.827355e+00 0.000000e+00
2.560000e+00 1.570796e+00 8.664597e-02 7.726457e+01 5.827355e+00 0.000000e+00
2.720000e+00 0.000000e+00 1.196542e-01 7.829518e+01 6.309277e+00 0.000000e+00
2.720000e+00 7.853982e-02 1.196542e-01 7.829518e+01 6.309277e+00 0.000000e+00
2.720000e+00 1.570796e-01 1.196542e-01 7.829518e+01 6.309277e+00 0.000000e+00
2.720000e+00 2.356194e-01 1.196542e-01 7.829518e+01 6.309277e+00 0.000000e+00
2.720000e+00 3.141593e-01 1.196542e-01 7.829518e+01 6.309277e+00 0.000000e+00
2.720000e+00 3.926991e-01 1.196542e-01 7.829518e+01 6.309277e+00 0.000000e+00
2.720000e+00 4.712389e-01 1.196542e-01 7.829518e+01 6.309277e+00 0.000000e+00
2.720000e+00 5.497787e-01 1.196542e-01 7.829518e+01 6.309277e+00 0.000000e+00
2.720000e+00 6.283185e-01 1.196542e-01 7.829518e+01 6.309277e+00 0.000000e+00
2.720000e+00 7.068583e-01 1.196542e-01 7.829518e+01 6.309277e+00 0.000000e+00
2.720000e+00 7.853982e-01 1.196542e-01 7.829518e+01 6.309277e+00 0.000000e+00
2.720000e+00 8.639380e-01 1.196542e-01 7.829518e+01 6.309277e+00 0.000000e+00
2.720000e+00 9.424778e-01 1.196542e-01 7.829518e+01 6.309277e+00 0.000000e+00
2.720000e+00 1.021018e+00 1.196542e-01 7.829518e+01 6.309277e+00 0.000000e+00
2.720000e+00 1.099557e+00 1.196542e-01 7.829518e+01 6.309277e+00 0.000000e+00
2.720000e+00 1.178097e+00 1.196542e-01 7.829518e+01 6.309277e+00 0.000000e+00
2.720000e+00 1.256637e+00 1.196542e-01 7.829518e+01 6.309277e+00 0.000000e+00
2.720000e+00 1.335177e+00 1.196542e-01 7.829518e+01 6.309277e+00 0.000000e+00
2.720000e+00 1.413717e+00 1.196542e-01 7.829518e+01 6.309277e+00 0.000000e+00
2.720000e+00 1.492257e+00 1.196542e-01 7.829518e+01 6.309277e+00 0.000000e+00
2.720000e+00 1.570796e+00 1.196542e-01 7.829518e+01 6.309277e+00 0.000000e+00
2.880000e+00 0.000000e+00 1.605532e-01 8.010068e+01 6.872529e+00 0.000000e+00
2.880000e+00 7.853982e-02 1.605532e-01 8.010068e+01 6.872529e+00 0.000000e+00
2.880000e+00 1.570796e-01 1.605532e-01 8.010068e+01 6.872529e+00 0.000000e+00
2.880000e+00 2.356194e-01 1.605532e-01 8.010068e+01 6.872529e+00 0.000000e+00
2.880000e+00 3.141593e-01 1.605532e-01 8.010068e+01 6.872529e+00 0.000000e+00
2.880000e+00 3.926991e-01 1.605532e-01 8.010068e+01 6.872529e+00 0.000000e+00
2.880000e+00 4.712389e-01 1.605532e-01 8.010068e+01 6.872529e+00 0.000000e+00
2.880000e+00 5.497787e-01 1.605532e-01 8.010068e+01 6.872529e+00 0.000000e+00
2.880000e+00 6.283185e-01 1.605532e-01 8.010068e+01 6.872529e+00 0.000000e+00
2.880000e+00 7.068583e-01 1.605532e-01 8.010068e+01 6.872529e+00 0.000000e+00
2.880000e+00 7.853982e-01 1.605532e-01 8.010068e+01 6.872529e+00 0.000000e+00
2.880000e+00 8.639380e-01 1.605532e-01 8.010068e+01 6.872529e+00 0.000000e+00
2.880000e+00 9.424778e-01 1.605532e-01 8.010068e+01 6.872529e+00 0.000000e+00
2.880000e+00 1.021018e+00 1.605532e-01 8.010068e+01 6.872529e+00 0.000000e+00
2.880000e+00 1.099557e+00 1.605532e-01 8.010068e+01 6.872529e+00 0.000000e+00
2.880000e+00 1.178097e+00 1.605532e-01 8.010068e+01 6.872529e+00 0.000000e+00
2.880000e+00 1.256637e+00 1.605532e-01 8.010068e+01 6.872529e+00 0.000000e+00
2.880000e+00 1.335177e+00 1.605532e-01 8.010068e+01 6.872529e+00 0.000000e+00
2.880000e+00 1.413717e+00 1.605532e-01 8.010068e+01 6.872529e+00 0.000000e+00
2.880000e+00 1.492257e+00 1.605532e-01 8.010068e+01 6.872529e+00 0.000000e+00
2.880000e+00 1.570796e+00 1.605532e-01 8.010068e+01 6.872529e+00 0.000000e+00
3.040000e+00 0.000000e+00 2.093519e-01 8.288359e+01 7.507835e+00 0.000000e+00
3.040000e+00 7.853982e-02 2.093519e-01 8.288359e+01 7.507835e+00 0.000000e+00
3.040000e+00 1.570796e-01 2.093519e-01 8.288359e+01 7.507835e+00 0.000000e+00
3.040000e+00 2.356194e-01 2.093519e-01 8.288359e+01 7.507835e+00 0.000000e+00
3.040000e+00 3.141593e-01 2.093519e-01 8.288359e+01 7.507835e+00 0.000000e+00
3.040000e+00 3.926991e-01 2.093519e-01 8.288359e+01 7.507835e+00 0.000000e+00
3.040000e+00 4.712389e-01 2.093519e-01 8.288359e+01 7.507835e+00 0.000000e+00
3.040000e+00 5.497787e-01 2.093519e-01 8.288359e+01 7.507835e+00 0.000000e+00
3.040000e+00 6.283185e-01 2.093519e-01 8.288359e+01 7.507835e+00 0.000000e+00
3.040000e+00 7.068583e-01 2.093519e-01 8.288359e+01 7.507835e+00 0.000000e+00
3.040000e+00 7.853982e-01 2.093519e-01 8.288359e+01 7.507835e+00 0.000000e+00
3.040000e+00 8.639380e-01 2.093519e-01 8.288359e+01 7.507835e+00 0.000000e+00
3.040000e+00 9.424778e-01 2.093519e-01 8.288359e+01 7.507835e+00 0.000000e+00
3.040000e+00 1.021018e+00 2.093519e-01 8.288359e+01 7.507835e+00 0.000000e+00
3.040000e+00 1.099557e+00 2.093519e-01 8.288359e+01 7.507835e+00 0.000000e+00
3.040000e+00 1.178097e+00 2.093519e-01 8.288359e+01 7.507835e+00 0.000000e+00
3.040000e+00 1.256637e+00 2.093519e-01 8.288359e+01 7.507835e+00 0.000000e+00
3.040000e+00 1.335177e+00 2.093519e-01 8.288359e+01 7.507835e+00 0.000000e+00
3.040000e+00 1.413717e+00 2.093519e-01 8.288359e+01 7.507835e+00 0.000000e+00
3.040000e+00 1.492257e+00 2.093519e-01 8.288359e+01 7.507835e+00 0.000000e+00
3.040000e+00 1.570796e+00 2.093519e-01 8.288359e+01 7.507835e+00 0.000000e+00
3.200000e+00 0.000000e+00 2.664700e-01 8.621655e+01 8.100914e+00 0.000000e+00
3.200000e+00 7.853982e-02 2.664700e-01 8.621655e+01 8.100914e+00 0.000000e+00
3.200000e+00 1.570796e-01 2.664700e-01 8.621655e+01 8.100914e+00 0.000000e+00
3.200000e+00 2.356194e-01 2.664700e-01 8.621655e+01 8.100914e+00 0.000000e+00
3.200000e+00 3.141593e-01 2.664700e-01 8.621655e+01 8.100914e+00 0.000000e+00
3.200000e+00 3.926991e-01 2.664700e-01 8.621655e+01 8.100914e+00 0.000000e+00
3.200000e+00 4.712389e-01 2.664700e-01 8.621655e+01 8.100914e+00 0.000000e+00
3.200000e+00 5.497787e-01 2.664700e-01 8.621655e+01 8.100914e+00 0.000000e+00
3.200000e+00 6.283185e-01 2.664700e-01 8.621655e+01 8.100914e+00 0.000000e+00
3.200000e+00 7.068583e-01 2.664700e-01 8.621655e+01 8.100914e+00 0.000000e+00
3.200000e+00 7.853982e-01 2.664700e-01 8.621655e+01 8.100914e+00 0.000000e+00
3.200000e+00 8.639380e-01 2.664700e-01 8.621655e+01 8.100914e+00 0.000000e+00
3.200000e+00 9.424778e-01 2.664700e-01 8.621655e+01 8.100914e+00 0.000000e+00
3.200000e+00 1.021018e+00 2.664700e-01 8.621655e+01 8.100914e+00 0.000000e+00
3.200000e+00 1.099557e+00 2.664700e-01 8.621655e+01 8.100914e+00 0.000000e+00
3.200000e+00 1.178097e+00 2.664700e-01 8.621655e+01 8.100914e+00 0.000000e+00
3.200000e+00 1.256637e+00 2.664700e-01 8.621655e+01 8.100914e+00 0.000000e+00
3.200000e+00 1.335177e+00 2.664700e-01 8.621655e+01 8.100914e+00 0.000000e+00
3.200000e+00 1.413717e+00 2.664700e-01 8.621655e+01 8.100914e+00 0.000000e+00
3.200000e+00 1.492257e+00 2.664700e-01 8.621655e+01 8.100914e+00 0.000000e+00
3.200000e+00 1.570796e+00 2.664700e-01 8.621655e+01 8.100914e+00 0.000000e+00
3.360000e+00 0.000000e+00 3.323011e-01 8.909658e+01 8.502882e+00 0.000000e+00
3.360000e+00 7.853982e-02 3.323011e-01 8.909658e+01 8.502882e+00 0.000000e+00
3.360000e+00 1.570796e-01 3.323011e-01 8.909658e+01 8.502882e+00 0.000000e+00
3.360000e+00 2.356194e-01 3.323011e-01 8.909658e+01 8.502882e+00 0.000000e+00
3.360000e+00 3.141593e-01 3.323011e-01 8.909658e+01 8.502882e+00 0.000000e+00
3.360000e+00 3.926991e-01 3.323011e-01 8.909658e+01 8.502882e+00 0.000000e+00
3.360000e+00 4.712389e-01 3.323011e-01 8.909658e+01 8.502882e+00 0.000000e+00
3.360000e+00 5.497787e-01 3.323011e-01 8.909658e+01 8.502882e+00 0.000000e+00
3.360000e+00 6.283185e-01 3.323011e-01 8.909658e+01 8.502882e+00 0.000000e+00
3.360000e+00 7.068583e-01 3.323011e-01 8.909658e+01 8.502882e+00 0.000000e+00
3.360000e+00 7.853982e-01 3.323011e-01 8.909658e+01 8.502882e+00 0.000000e+00
3.360000e+00 8.639380e-01 3.323011e-01 8.909658e+01 8.502882e+00 0.000000e+00
3.360000e+00 9.424778e-01 3.323011e-01 8.909658e+01 8.502882e+00 0.000000e+00
3.360000e+00 1.021018e+00 3.323011e-01 8.909658e+01 8.502882e+00 0.000000e+00
3.360000e+00 1.099557e+00 3.323011e-01 8.909658e+01 8.502882e+00 0.000000e+00
3.360000e+00 1.178097e+00 3.323011e-01 8.909658e+01 8.502882e+00 0.000000e+00
3.360000e+00 1.256637e+00 3.323011e-01 8.909658e+01 8.502882e+00 0.000000e+00
3.360000e+00 1.335177e+00 3.323011e-01 8.909658e+01 8.502882e+00 0.000000e+00
3.360000e+00 1.413717e+00 3.323011e-01 8.909658e+01 8.502882e+00 0.000000e+00
3.360000e+00 1.492257e+00 3.323011e-01 8.909658e+01 8.502882e+00 0.000000e+00
3.360000e+00 1.570796e+00 3.323011e-01 8.909658e+01 8.502882e+00 0.000000e+00
3.520000e+00 0.000000e+00 4.091688e-01 9.133582e+01 8.735131e+00 0.000000e+00
3.520000e+00 7.853982e-02 4.091688e-01 9.133582e+01 8.735131e+00 0.000000e+00
3.520000e+00 1.570796e-01 4.091688e-01 9.133582e+01 8.735131e+00 0.000000e+00
3.520000e+00 2.356194e-01 4.091688e-01 9.133582e+01 8.735131e+00 0.000000e+00
3.520000e+00 3.141593e-01 4.091688e-01 9.133582e+01 8.735131e+00 0.000000e+00
3.520000e+00 3.926991e-01 4.091688e-01 9.133582e+01 8.735131e+00 0.000000e+00
3.520000e+00 4.712389e-01 4.091688e-01 9.133582e+01 8.735131e+00 0.000000e+00
3.520000e+00 5.497787e-01 4.091688e-01 9.133582e+01 8.735131e+00 0.000000e+00
3.520000e+00 6.283185e-01 4.091688e-01 9.133582e+01 8.735131e+00 0.000000e+00
3.520000e+00 7.068583e-01 4.091688e-01 9.133582e+01 8.735131e+00 0.000000e+00
3.520000e+00 7.853982e-01 4.091688e-01 9.133582e+01 8.735131e+00 0.000000e+00
3.520000e+00 8.639380e-01 4.091688e-01 9.133582e+01 8.735131e+00 0.000000e+00
3.520000e+00 9.424778e-01 4.091688e-01 9.133582e+01 8.735131e+00 0.000000e+00
3.520000e+00 1.021018e+00 4.091688e-01 9.133582e+01 8.735131e+00 0.000000e+00
3.520000e+00 1.099557e+00 4.091688e-01 9.133582e+01 8.735131e+00 0.000000e+00
3.520000e+00 1.178097e+00 4.091688e-01 9.133582e+01 8.735131e+00 0.000000e+00
3.520000e+00 1.256637e+00 4.091688e-01 9.133582e+01 8.735131e+00 0.000000e+00
3.520000e+00 1.335177e+00 4.091688e-01 9.133582e+01 8.735131e+00 0.000000e+00
3.520000e+00 1.413717e+00 4.091688e-01 9.133582e+01 8.735131e+00 0.000000e+00
3.520000e+00 1.492257e+00 4.091688e-01 9.133582e+01 8.735131e+00 0.000000e+00
3.520000e+00 1.570796e+00 4.091688e-01 9.133582e+01 8.735131e+00 0.000000e+00
3.680000e+00 0.000000e+00 5.064047e-01 9.489139e+01 9.059526e+00 0.000000e+00
3.680000e+00 7.853982e-02 5.064047e-01 9.489139e+01 9.059526e+00 0.000000e+00
3.680000e+00 1.570796e-01 5.064047e-01 9.489139e+01 9.059526e+00 0.000000e+00
3.680000e+00 2.356194e-01 5.064047e-01 9.489139e+01 9.059526e+00 0.000000e+00
3.680000e+00 3.141593e-01 5.064047e-01 9.489139e+01 9.059526e+00 0.000000e+00
3.680000e+00 3.926991e-01 5.064047e-01 9.489139e+01 9.059526e+00 0.000000e+00
3.680000e+00 4.712389e-01 5.064047e-01 9.489139e+01 9.059526e+00 0.000000e+00
3.680000e+00 5.497787e-01 5.064047e-01 9.489139e+01 9.059526e+00 0.000000e+00
3.680000e+00 6.283185e-01 5.064047e-01 9.489139e+01 9.059526e+00 0.000000e+00
3.680000e+00 7.068583e-01 5.064047e-01 9.489139e+01 9.059526e+00 0.000000e+00
3.680000e+00 7.853982e-01 5.064047e-01 9.489139e+01 9.059526e+00 0.000000e+00
3.680000e+00 8.639380e-01 5.064047e-01 9.489139e+01 9.059526e+00 0.000000e+00
3.680000e+00 9.424778e-01 5.064047e-01 9.489139e+01 9.059526e+00 0.000000e+00
3.680000e+00 1.021018e+00 5.064047e-01 9.489139e+01 9.059526e+00 0.000000e+00
3.680000e+00 1.099557e+00 5.064047e-01 9.489139e+01 9.059526e+00 0.000000e+00
3.680000e+00 1.178097e+00 5.064047e-01 9.489139e+01 9.059526e+00 0.000000e+00
3.680000e+00 1.256637e+00 5.064047e-01 9.489139e+01 9.059526e+00 0.000000e+00
3.680000e+00 1.335177e+00 5.064047e-01 9.489139e+01 9.059526e+00 0.000000e+00
3.680000e+00 1.413717e+00 5.064047e-01 9.489139e+01 9.059526e+00 0.000000e+00
3.680000e+00 1.492257e+00 5.064047e-01 9.489139e+01 9.059526e+00 0.000000e+00
3.680000e+00 1.570796e+00 5.064047e-01 9.489139e+01 9.059526e+00 0.000000e+00
3.840000e+00 0.000000e+00 6.410650e-01 1.022728e+02 9.672863e+00 0.000000e+00
3.840000e+00 7.853982e-02 6.410650e-01 1.022728e+02 9.672863e+00 0.000000e+00
3.840000e+00 1.570796e-01 6.410650e-01 1.022728e+02 9.672863e+00 0.000000e+00
3.840000e+00 2.356194e-01 6.410650e-01 1.022728e+02 9.672863e+00 0.000000e+00
3.840000e+00 3.141593e-01 6.410650e-01 1.022728e+02 9.672863e+00 0.000000e+00
3.840000e+00 3.926991e-01 6.410650e-01 1.022728e+02 9.672863e+00 0.000000e+00
3.840000e+00 4.712389e-01 6.410650e-01 1.022728e+02 9.672863e+00 0.000000e+00
3.840000e+00 5.497787e-01 6.410650e-01 1.022728e+02 9.672863e+00 0.000000e+00
3.840000e+00 6.283185e-01 6.410650e-01 1.022728e+02 9.672863e+00 0.000000e+00
3.840000e+00 7.068583e-01 6.410650e-01 1.022728e+02 9.672863e+00 0.000000e+00
3.840000e+00 7.853982e-01 6.410650e-01 1.022728e+02 9.672863e+00 0.000000e+00
3.840000e+00 8.639380e-01 6.410650e-01 1.022728e+02 9.672863e+00 0.000000e+00
3.840000e+00 9.424778e-01 6.410650e-01 1.022728e+02 9.672863e+00 0.000000e+00
3.840000e+00 1.021018e+00 6.410650e-01 1.022728e+02 9.672863e+00 0.000000e+00
3.840000e+00 1.099557e+00 6.410650e-01 1.022728e+02 9.672863e+00 0.000000e+00
3.840000e+00 1.178097e+00 6.410650e-01 1.022728e+02 9.672863e+00 0.000000e+00
3.840000e+00 1.256637e+00 6.410650e-01 1.022728e+02 9.672863e+00 0.000000e+00
3.840000e+00 1.335177e+00 6.410650e-01 1.022728e+02 9.672863e+00 0.000000e+00
3.840000e+00 1.413717e+00 6.410650e-01 1.022728e+02 9.672863e+00 0.000000e+00
3.840000e+00 1.492257e+00 6.410650e-01 1.022728e+02 9.672863e+00 0.000000e+00
3.840000e+00 1.570796e+00 6.410650e-01 1.022728e+02 9.672863e+00 0.000000e+00
4.000000e+00 0.000000e+00 8.311860e-01 1.137358e+02 1.043971e+01 0.000000e+00
4.000000e+00 7.853982e-02 8.311860e-01 1.137358e+02 1.043971e+01 0.000000e+00
4.000000e+00 1.570796e-01 8.311860e-01 1.137358e+02 1.043971e+01 0.000000e+00
4.000000e+00 2.356194e-01 8.311860e-01 1.137358e+02 1.043971e+01 0.000000e+00
4.000000e+00 3.141593e-01 8.311860e-01 1.137358e+02 1.043971e+01 0.000000e+00
4.000000e+00 3.926991e-01 8.311860e-01 1.137358e+02 1.043971e+01 0.000000e+00
4.000000e+00 4.712389e-01 8.311860e-01 1.137358e+02 1.043971e+01 0.000000e+00
4.000000e+00 5.497787e-01 8.311860e-01 1.137358e+02 1.043971e+01 0.000000e+00
4.000000e+00 6.283185e-01 8.311860e-01 1.137358e+02 1.043971e+01 0.000000e+00
4.000000e+00 7.068583e-01 8.311860e-01 1.137358e+02 1.043971e+01 0.000000e+00
4.000000e+00 7.853982e-01 8.311860e-01 1.137358e+02 1.043971e+01 0.000000e+00
4.000000e+00 8.639380e-01 8.311860e-01 1.137358e+02 1.043971e+01 0.000000e+00
4.000000e+00 9.424778e-01 8.311860e-01 1.137358e+02 1.043971e+01 0.000000e+00
4.000000e+00 1.021018e+00 8.311860e-01 1.137358e+02 1.043971e+01 0.000000e+00
4.000000e+00 1.099557e+00 8.311860e-01 1.137358e+02 1.043971e+01 0.000000e+00
4.000000e+00 1.178097e+00 8.311860e-01 1.137358e+02 1.043971e+01 0.000000e+00
4.000000e+00 1.256637e+00 8.311860e-01 1.137358e+02 1.043971e+01 0.000000e+00
4.000000e+00 1.335177e+00 8.311860e-01 1.137358e+02 1.043971e+01 0.000000e+00
4.000000e+00 1.413717e+00 8.311860e-01 1.137358e+02 1.043971e+01 0.000000e+00
4.000000e+00 1.492257e+00 8.311860e-01 1.137358e+02 1.043971e+01 0.000000e+00
4.000000e+00 1.570796e+00 8.311860e-01 1.137358e+02 1.043971e+01 0.000000e+00
4.160000e+00 0.000000e+00 1.110285e+00 1.306107e+02 1.132622e+01 0.000000e+00
4.160000e+00 7.853982e-02 1.110285e+00 1.306107e+02 1.132622e+01 0.000000e+00
4.160000e+00 1.570796e-01 1.110285e+00 1.306107e+02 1.132622e+01 0.000000e+00
4.160000e+00 2.356194e-01 1.110285e+00 1.306107e+02 1.132622e+01 0.000000e+00
4.160000e+00 3.141593e-01 1.110285e+00 1.306107e+02 1.132622e+01 0.000000e+00
4.160000e+00 3.926991e-01 1.110285e+00 1.306107e+02 1.132622e+01 0.000000e+00
4.160000e+00 4.712389e-01 1.110285e+00 1.306107e+02 1.132622e+01 0.000000e+00
4.160000e+00 5.497787e-01 1.110285e+00 1.306107e+02 1.132622e+01 0.000000e+00
4.160000e+00 6.283185e-01 1.110285e+00 1.306107e+02 1.132622e+01 0.000000e+00
4.160000e+00 7.068583e-01 1.110285e+00 1.306107e+02 1.132622e+01 0.000000e+00
4.160000e+00 7.853982e-01 1.110285e+00 1.306107e+02 1.132622e+01 0.000000e+00
4.160000e+00 8.639380e-01 1.110285e+00 1.306107e+02 1.132622e+01 0.000000e+00
4.160000e+00 9.424778e-01 1.110285e+00 1.306107e+02 1.132622e+01 0.000000e+00
4.160000e+00 1.021018e+00 1.110285e+00 1.306107e+02 1.132622e+01 0.000000e+00
4.160000e+00 1.099557e+00 1.110285e+00 1.306107e+02 1.132622e+01 0.000000e+00
4.160000e+00 1.178097e+00 1.110285e+00 1.306107e+02 1.132622e+01 0.000000e+00
4.160000e+00 1.256637e+00 1.110285e+00 1.306107e+02 1.132622e+01 0.000000e+00
4.160000e+00 1.335177e+00 1.110285e+00 1.306107e+02 1.132622e+01 0.000000e+00
4.160000e+00 1.413717e+00 1.110285e+00 1.306107e+02 1.132622e+01 0.000000e+00
4.160000e+00 1.492257e+00 1.110285e+00 1.306107e+02 1.132622e+01 0.000000e+00
4.160000e+00 1.570796e+00 1.110285e+00 1.306107e+02 1.132622e+01 0.000000e+00
4.320000e+00 0.000000e+00 1.572135e+00 1.614471e+02 1.260083e+01 0.000000e+00
4.320000e+00 7.853982e-02 1.572135e+00 1.614471e+02 1.260083e+01 0.000000e+00
4.320000e+00 1.570796e-01 1.572135e+00 1.614471e+02 1.260083e+01 0.000000e+00
4.320000e+00 2.356194e-01 1.572135e+00 1.614471e+02 1.260083e+01 0.000000e+00
4.320000e+00 3.141593e-01 1.572135e+00 1.614471e+02 1.260083e+01 0.000000e+00
4.320000e+00 3.926991e-01 1.572135e+00 1.614471e+02 1.260083e+01 0.000000e+00
4.320000e+00 4.712389e-01 1.572135e+00 1.614471e+02 1.260083e+01 0.000000e+00
4.320000e+00 5.497787e-01 1.572135e+00 1.614471e+02 1.260083e+01 0.000000e+00
4.320000e+00 6.283185e-01 1.572135e+00 1.614471e+02 1.260083e+01 0.000000e+00
4.320000e+00 7.068583e-01 1.572135e+00 1.614471e+02 1.260083e+01 0.000000e+00
4.320000e+00 7.853982e-01 1.572135e+00 1.614471e+02 1.260083e+01 0.000000e+00
4.320000e+00 8.639380e-01 1.572135e+00 1.614471e+02 1.260083e+01 0.000000e+00
4.320000e+00 9.424778e-01 1.572135e+00 1.614471e+02 1.260083e+01 0.000000e+00
4.320000e+00 1.021018e+00 1.572135e+00 1.614471e+02 1.260083e+01 0.000000e+00
4.320000e+00 1.099557e+00 1.572135e+00 1.614471e+02 1.260083e+01 0.000000e+00
4.320000e+00 1.178097e+00 1.572135e+00 1.614471e+02 1.260083e+01 0.000000e+00
4.320000e+00 1.256637e+00 1.572135e+00 1.614471e+02 1.260083e+01 0.000000e+00
4.320000e+00 1.335177e+00 1.572135e+00 1.614471e+02 1.260083e+01 0.000000e+00
4.320000e+00 1.413717e+00 1.572135e+00 1.614471e+02 1.260083e+01 0.000000e+00
4.320000e+00 1.492257e+00 1.572135e+00 1.614471e+02 1.260083e+01 0.000000e+00
4.320000e+00 1.570796e+00 1.572135e+00 1.614471e+02 1.260083e+01 0.000000e+00
4.480000e+00 0.000000e+00 2.197645e+00 1.927332e+02 1.332527e+01 0.000000e+00
4.480000e+00 7.853982e-02 2.197645e+00 1.927332e+02 1.332527e+01 0.000000e+00
4.480000e+00 1.570796e-01 2.197645e+00 1.927332e+02 1.332527e+01 0.000000e+00
4.480000e+00 2.356194e-01 2.197645e+00 1.927332e+02 1.332527e+01 0.000000e+00
4.480000e+00 3.141593e-01 2.197645e+00 1.927332e+02 1.332527e+01 0.000000e+00
4.480000e+00 3.926991e-01 2.197645e+00 1.927332e+02 1.332527e+01 0.000000e+00
4.480000e+00 4.712389e-01 2.197645e+00 1.927332e+02 1.332527e+01 0.000000e+00
4.480000e+00 5.497787e-01 2.197645e+00 1.927332e+02 1.332527e+01 0.000000e+00
4.480000e+00 6.283185e-01 2.197645e+00 1.927332e+02 1.332527e+01 0.000000e+00
4.480000e+00 7.068583e-01 2.197645e+00 1.927332e+02 1.332527e+01 0.000000e+00
4.480000e+00 7.853982e-01 2.197645e+00 1.927332e+02 1.332527e+01 0.000000e+00
4.480000e+00 8.639380e-01 2.197645e+00 1.927332e+02 1.332527e+01 0.000000e+00
4.480000e+00 9.424778e-01 2.197645e+00 1.927332e+02 1.332527e+01 0.000000e+00
4.480000e+00 1.021018e+00 2.197645e+00 1.927332e+02 1.332527e+01 0.000000e+00
4.480000e+00 1.099557e+00 2.197645e+00 1.927332e+02 1.332527e+01 0.000000e+00
4.480000e+00 1.178097e+00 2.197645e+00 1.927332e+02 1.332527e+01 0.000000e+00
4.480000e+00 1.256637e+00 2.197645e+00 1.927332e+02 1.332527e+01 0.000000e+00
4.480000e+00 1.335177e+00 2.197645e+00 1.927332e+02 1.332527e+01 0.000000e+00
4.480000e+00 1.413717e+00 2.197645e+00 1.927332e+02 1.332527e+01 0.000000e+00
4.480000e+00 1.492257e+00 2.197645e+00 1.927332e+02 1.332527e+01 0.000000e+00
4.480000e+00 1.570796e+00 2.197645e+00 1.927332e+02 1.332527e+01 0.000000e+00
4.640000e+00 0.000000e+00 2.555036e+00 1.889986e+02 1.261151e+01 0.000000e+00
4.640000e+00 7.853982e-02 2.555036e+00 1.889986e+02 1.261151e+01 0.000000e+00
4.640000e+00 1.570796e-01 2.555036e+00 1.889986e+02 1.261151e+01 0.000000e+00
4.640000e+00 2.356194e-01 2.555036e+00 1.889986e+02 1.261151e+01 0.000000e+00
4.640000e+00 3.141593e-01 2.555036e+00 1.889986e+02 1.261151e+01 0.000000e+00
4.640000e+00 3.926991e-01 2.555036e+00 1.889986e+02 1.261151e+01 0.000000e+00
4.640000e+00 4.712389e-01 2.555036e+00 1.889986e+02 1.261151e+01 0.000000e+00
4.640000e+00 5.497787e-01 2.555036e+00 1.889986e+02 1.261151e+01 0.000000e+00
4.640000e+00 6.283185e-01 2.555036e+00 1.889986e+02 1.261151e+01 0.000000e+00
4.640000e+00 7.068583e-01 2.555036e+00 1.889986e+02 1.261151e+01 0.000000e+00
4.640000e+00 7.853982e-01 2.555036e+00 1.889986e+02 1.261151e+01 0.000000e+00
4.640000e+00 8.639380e-01 2.555036e+00 1.889986e+02 1.261151e+01 0.000000e+00
4.640000e+00 9.424778e-01 2.555036e+00 1.889986e+02 1.261151e+01 0.000000e+00
4.640000e+00 1.021018e+00 2.555036e+00 1.889986e+02 1.261151e+01 0.000000e+00
4.640000e+00 1.099557e+00 2.555036e+00 1.889986e+02 1.261151e+01 0.000000e+00
4.640000e+00 1.178097e+00 2.555036e+00 1.889986e+02 1.261151e+01 0.000000e+00
4.640000e+00 1.256637e+00 2.555036e+00 1.889986e+02 1.261151e+01 0.000000e+00
4.640000e+00 1.335177e+00 2.555036e+00 1.889986e+02 1.261151e+01 0.000000e+00
4.640000e+00 1.413717e+00 2.555036e+00 1.889986e+02 1.261151e+01 0.000000e+00
4.640000e+00 1.492257e+00 2.555036e+00 1.889986e+02 1.261151e+01 0.000000e+00
4.640000e+00 1.570796e+00 2.555036e+00 1.889986e+02 1.261151e+01 0.000000e+00
4.800000e+00 0.000000e+00 2.097489e+00 9.339987e+01 8.227930e+00 0.000000e+00
4.800000e+00 7.853982e-02 2.097489e+00 9.339987e+01 8.227930e+00 0.000000e+00
4.800000e+00 1.570796e-01 2.097489e+00 9.339987e+01 8.227930e+00 0.000000e+00
4.800000e+00 2.356194e-01 2.097489e+00 9.339987e+01 8.227930e+00 0.000000e+00
4.800000e+00 3.141593e-01 2.097489e+00 9.339987e+01 8.227930e+00 0.000000e+00
4.800000e+00 3.926991e-01 2.097489e+00 9.339987e+01 8.227930e+00 0.000000e+00
4.800000e+00 4.712389e-01 2.097489e+00 9.339987e+01 8.227930e+00 0.000000e+00
4.800000e+00 5.497787e-01 2.097489e+00 9.339987e+01 8.227930e+00 0.000000e+00
4.800000e+00 6.283185e-01 2.097489e+00 9.339987e+01 8.227930e+00 0.000000e+00
4.800000e+00 7.068583e-01 2.097489e+00 9.339987e+01 8.227930e+00 0.000000e+00
4.800000e+00 7.853982e-01 2.097489e+00 9.339987e+01 8.227930e+00 0.000000e+00
4.800000e+00 8.639380e-01 2.097489e+00 9.339987e+01 8.227930e+00 0.000000e+00
4.800000e+00 9.424778e-01 2.097489e+00 9.339987e+01 8.227930e+00 0.000000e+00
4.800000e+00 1.021018e+00 2.097489e+00 9.339987e+01 8.227930e+00 0.000000e+00
4.800000e+00 1.099557e+00 2.097489e+00 9.339987e+01 8.227930e+00 0.000000e+00
4.800000e+00 1.178097e+00 2.097489e+00 9.339987e+01 8.227930e+00 0.000000e+00
4.800000e+00 1.256637e+00 2.097489e+00 9.339987e+01 8.227930e+00 0.000000e+00
4.800000e+00 1.335177e+00 2.097489e+00 9.339987e+01 8.227930e+00 0.000000e+00
4.800000e+00 1.413717e+00 2.097489e+00 9.339987e+01 8.227930e+00 0.000000e+00
4.800000e+00 1.492257e+00 2.097489e+00 9.339987e+01 8.227930e+00 0.000000e+00
4.800000e+00 1.570796e+00 2.097489e+00 9.339987e+01 8.227930e+00 0.000000e+00
4.960000e+00 0.000000e+00 1.137026e+00 3.707805e+00 8.386910e-01 0.000000e+00
4.960000e+00 7.853982e-02 1.137026e+00 3.707805e+00 8.386910e-01 0.000000e+00
4.960000e+00 1.570796e-01 1.137026e+00 3.707805e+00 8.386910e-01 0.000000e+00
4.960000e+00 2.356194e-01 1.137026e+00 3.707805e+00 8.386910e-01 0.000000e+00
4.960000e+00 3.141593e-01 1.137026e+00 3.707805e+00 8.386910e-01 0.000000e+00
4.960000e+00 3.926991e-01 1.137026e+00 3.707805e+00 8.386910e-01 0.000000e+00
4.960000e+00 4.712389e-01 1.137026e+00 3.707805e+00 8.386910e-01 0.000000e+00
4.960000e+00 5.497787e-01 1.137026e+00 3.707805e+00 8.386910e-01 0.000000e+00
4.960000e+00 6.283185e-01 1.137026e+00 3.707805e+00 8.386910e-01 0.000000e+00
4.960000e+00 7.068583e-01 1.137026e+00 3.707805e+00 8.386910e-01 0.000000e+00
4.960000e+00 7.853982e-01 1.137026e+00 3.707805e+00 8.386910e-01 0.000000e+00
4.960000e+00 8.639380e-01 1.137026e+00 3.707805e+00 8.386910e-01 0.000000e+00
4.960000e+00 9.424778e-01 1.137026e+00 3.707805e+00 8.386910e-01 0.000000e+00
4.960000e+00 1.021018e+00 1.137026e+00 3.707805e+00 8.386910e-01 0.000000e+00
4.960000e+00 1.099557e+00 1.137026e+00 3.707805e+00 8.386910e-01 0.000000e+00
4.960000e+00 1.178097e+00 1.137026e+00 3.707805e+00 8.386910e-01 0.000000e+00
4.960000e+00 1.256637e+00 1.137026e+00 3.707805e+00 8.386910e-01 0.000000e+00
4.960000e+00 1.335177e+00 1.137026e+00 3.707805e+00 8.386910e-01 0.000000e+00
4.960000e+00 1.413717e+00 1.137026e+00 3.707805e+00 8.386910e-01 0.000000e+00
4.960000e+00 1.492257e+00 1.137026e+00 3.707805e+00 8.386910e-01 0.000000e+00
4.960000e+00 1.570796e+00 1.137026e+00 3.707805e+00 8.386910e-01 0.000000e+00
5.120000e+00 0.000000e+00 1.000000e+00 1.000000e-05 -1.860184e-19 0.000000e+00
5.120000e+00 7.853982e-02 1.000000e+00 1.000000e-05 -1.860184e-19 0.000000e+00
5.120000e+00 1.570796e-01 1.000000e+00 1.000000e-05 -1.860184e-19 0.000000e+00
5.120000e+00 2.356194e-01 1.000000e+00 1.000000e-05 -1.860184e-19 0.000000e+00
5.120000e+00 3.141593e-01 1.000000e+00 1.000000e-05 -1.860184e-19 0.000000e+00
5.120000e+00 3.926991e-01 1.000000e+00 1.000000e-05 -1.860184e-19 0.000000e+00
5.120000e+00 4.712389e-01 1.000000e+00 1.000000e-05 -1.860184e-19 0.000000e+00
5.120000e+00 5.497787e-01 1.000000e+00 1.000000e-05 -1.860184e-19 0.000000e+00
5.120000e+00 6.283185e-01 1.000000e+00 1.000000e-05 -1.860184e-19 0.000000e+00
5.120000e+00 7.068583e-01 1.000000e+00 1.000000e-05 -1.860184e-19 0.000000e+00
5.120000e+00 7.853982e-01 1.000000e+00 1.000000e-05 -1.860184e-19 0.000000e+00
5.120000e+00 8.639380e-01 1.000000e+00 1.000000e-05 -1.860184e-19 0.000000e+00
5.120000e+00 9.424778e-01 1.000000e+00 1.000000e-05 -1.860184e-19 0.000000e+00
5.120000e+00 1.021018e+00 1.000000e+00 1.000000e-05 -1.860184e-19 0.000000e+00
5.120000e+00 1.099557e+00 1.000000e+00 1.000000e-05 -1.860184e-19 0.000000e+00
5.120000e+00 1.178097e+00 1.000000e+00 1.000000e-05 -1.860184e-19 0.000000e+00
5.120000e+00 1.256637e+00 1.000000e+00 1.000000e-05 -1.860184e-19 0.000000e+00
5.120000e+00 1.335177e+00 1.000000e+00 1.000000e-05 -1.860184e-19 0.000000e+00
5.120000e+00 1.413717e+00 1.000000e+00 1.000000e-05 -1.860184e-19 0.000000e+00
5.120000e+00 1.492257e+00 1.000000e+00 1.000000e-05 -1.860184e-19 0.000000e+00
5.120000e+00 1.570796e+00 1.000000e+00 1.000000e-05 -1.860184e-19 0.000000e+00
5.280000e+00 0.000000e+00 1.000000e+00 1.000000e-05 0.000000e+00 0.000000e+00
5.280000e+00 7.853982e-02 1.000000e+00 1.000000e-05 0.000000e+00 0.000000e+00
5.280000e+00 1.570796e-01 1.000000e+00 1.000000e-05 0.000000e+00 0.000000e+00
5.280000e+00 2.356194e-01 1.000000e+00 1.000000e-05 0.000000e+00 0.000000e+00
5.280000e+00 3.141593e-01 1.000000e+00 1.000000e-05 0.000000e+00 0.000000e+00
5.280000e+00 3.926991e-01 1.000000e+00 1.000000e-05 0.000000e+00 0.000000e+00
5.280000e+00 4.712389e-01 1.000000e+00 1.000000e-05 0.000000e+00 0.000000e+00
5.280000e+00 5.497787e-01 1.000000e+00 1.000000e-05 0.000000e+00 0.000000e+00
5.280000e+00 6.283185e-01 1.000000e+00 1.000000e-05 0.000000e+00 0.000000e+00
5.280000e+00 7.068583e-01 1.000000e+00 1.000000e-05 0.000000e+00 0.000000e+00
5.280000e+00 7.853982e-01 1.000000e+00 1.000000e-05 0.000000e+00 0.000000e+00
5.280000e+00 8.639380e-01 1.000000e+00 1.000000e-05 0.000000e+00 0.000000e+00
5.280000e+00 9.424778e-01 1.000000e+00 1.000000e-05 0.000000e+00 0.000000e+00
5.280000e+00 1.021018e+00 1.000000e+00 1.000000e-05 0.000000e+00 0.000000e+00
5.280000e+00 1.099557e+00 1.000000e+00 1.000000e-05 0.000000e+00 0.000000e+00
5.280000e+00 1.178097e+00 1.000000e+00 1.000000e-05 0.000000e+00 0.000000e+00
5.280000e+00 1.256637e+00 1.000000e+00 1.000000e-05 0.000000e+00 0.000000e+00
5.280000e+00 1.335177e+00 1.000000e+00 1.000000e-05 0.000000e+00 0.000000e+00
5.280000e+00 1.413717e+00 1.000000e+00 1.000000e-05 0.000000e+00 0.000000e+00
5.280000e+00 1.492257e+00 1.000000e+00 1.000000e-05 0.000000e+00 0.000000e+00
5.280000e+00 1.570796e+00 1.000000e+00 1.000000e-05 0.000000e+00 0.000000e+00
5.440000e+00 0.000000e+00 1.000000e+00 1.000000e-05 0.000000e+00 0.000000e+00
5.440000e+00 7.853982e-02 1.000000e+00 1.000000e-05 0.000000e+00 0.000000e+00
5.440000e+00 1.570796e-01 1.000000e+00 1.000000e-05 0.000000e+00 0.000000e+00
5.440000e+00 2.356194e-01 1.000000e+00 1.000000e-05 0.000000e+00 0.000000e+00
5.440000e+00 3.141593e-01 1.000000e+00 1.000000e-05 0.000000e+00 0.000000e+00
5.440000e+00 3.926991e-01 1.000000e+00 1.000000e-05 0.000000e+00 0.000000e+00
5.440000e+00 4.712389e-01 1.000000e+00 1.000000e-05 0.000000e+00 0.000000e+00
5.440000e+00 5.497787e-01 1.000000e+00 1.000000e-05 0.000000e+00 0.000000e+00
5.440000e+00 6.283185e-01 1.000000e+00 1.000000e-05 0.000000e+00 0.000000e+00
5.440000e+00 7.068583e-01 1.000000e+00 1.000000e-05 0.000000e+00 0.000000e+00
5.440000e+00 7.853982e-01 1.000000e+00 1.000000e-05 0.000000e+00 0.000000e+00
5.440000e+00 8.639380e-01 1.000000e+00 1.000000e-05 0.000000e+00 0.000000e+00
5.440000e+00 9.424778e-01 1.000000e+00 1.000000e-05 0.000000e+00 0.000000e+00
5.440000e+00 1.021018e+00 1.000000e+00 1.000000e-05 0.000000e+00 0.000000e+00
5.440000e+00 1.099557e+00 1.000000e+00 1.000000e-05 0.000000e+00 0.000000e+00
5.440000e+00 1.178097e+00 1.000000e+00 1.000000e-05 0.000000e+00 0.000000e+00
5.440000e+00 1.256637e+00 1.000000e+00 1.000000e-05 0.000000e+00 0.000000e+00
5.440000e+00 1.335177e+00 1.000000e+00 1.000000e-05 0.000000e+00 0.000000e+00
5.440000e+00 1.413717e+00 1.000000e+00 1.000000e-05 0.000000e+00 0.000000e+00
5.440000e+00 1.492257e+00 1.000000e+00 1.000000e-05 0.000000e+00 0.000000e+00
5.440000e+00 1.570796e+00 1.000000e+00 1.000000e-05 0.000000e+00 0.000000e+00
5.600000e+00 0.000000e+00 1.000000e+00 1.000000e-05 0.000000e+00 0.000000e+00
5.600000e+00 7.853982e-02 1.000000e+00 1.000000e-05 0.000000e+00 0.000000e+00
5.600000e+00 1.570796e-01 1.000000e+00 1.000000e-05 0.000000e+00 0.000000e+00
5.600000e+00 2.356194e-01 1.000000e+00 1.000000e-05 0.000000e+00 0.000000e+00
5.600000e+00 3.141593e-01 1.000000e+00 1.000000e-05 0.000000e+00 0.000000e+00
5.600000e+00 3.926991e-01 1.000000e+00 1.000000e-05 0.000000e+00 0.000000e+00
5.600000e+00 4.712389e-01 1.000000e+00 1.000000e-05 0.000000e+00 0.000000e+00
5.600000e+00 5.497787e-01 1.000000e+00 1.000000e-05 0.000000e+00 0.000000e+00
5.600000e+00 6.283185e-01 1.000000e+00 1.000000e-05 0.000000e+00 0.000000e+00
5.600000e+00 7.068583e-01 1.000000e+00 1.000000e-05 0.000000e+00 0.000000e+00
5.600000e+00 7.853982e-01 1.000000e+00 1.000000e-05 0.000000e+00 0.000000e+00
5.600000e+00 8.639380e-01 1.000000e+00 1.000000e-05 0.000000e+00 0.000000e+00
5.600000e+00 9.424778e-01 1.000000e+00 1.000000e-05 0.000000e+00 0.000000e+00
5.600000e+00 1.021018e+00 1.000000e+00 1.000000e-05 0.000000e+00 0.000000e+00
5.600000e+00 1.099557e+00 1.000000e+00 1.000000e-05 0.000000e+00 0.000000e+00
5.600000e+00 1.178097e+00 1.000000e+00 1.000000e-05 0.000000e+00 0.000000e+00
5.600000e+00 1.256637e+00 1.000000e+00 1.000000e-05 0.000000e+00 0.000000e+00
5.600000e+00 1.335177e+00 1.000000e+00 1.000000e-05 0.000000e+00 0.000000e+00
5.600000e+00 1.413717e+00 1.000000e+00 1.000000e-05 0.000000e+00 0.000000e+00
5.600000e+00 1.492257e+00 1.000000e+00 1.000000e-05 0.000000e+00 0.000000e+00
5.600000e+00 1.570796e+00 1.000000e+00 1.000000e-05 0.000000e+00 0.000000e+00
5.760000e+00 0.000000e+00 1.000000e+00 1.000000e-05 0.000000e+00 0.000000e+00
5.760000e+00 7.853982e-02 1.000000e+00 1.000000e-05 0.000000e+00 0.000000e+00
5.760000e+00 1.570796e-01 1.000000e+00 1.000000e-05 0.000000e+00 0.000000e+00
5.760000e+00 2.356194e-01 1.000000e+00 1.000000e-05 0.000000e+00 0.000000e+00
5.760000e+00 3.141593e-01 1.000000e+00 1.000000e-05 0.000000e+00 0.000000e+00
5.760000e+00 3.926991e-01 1.000000e+00 1.000000e-05 0.000000e+00 0.000000e+00
5.760000e+00 4.712389e-01 1.000000e+00 1.000000e-05 0.000000e+00 0.000000e+00
5.760000e+00 5.497787e-01 1.000000e+00 1.000000e-05 0.000000e+00 0.000000e+00
5.760000e+00 6.283185e-01 1.000000e+00 1.000000e-05 0.000000e+00 0.000000e+00
5.760000e+00 7.068583e-01 1.000000e+00 1.000000e-05 0.000000e+00 0.000000e+00
5.760000e+00 7.853982e-01 1.000000e+00 1.000000e-05 0.000000e+00 0.000000e+00
5.760000e+00 8.639380e-01 1.000000e+00 1.000000e-05 0.000000e+00 0.000000e+00
5.760000e+00 9.424778e-01 1.000000e+00 1.000000e-05 0.000000e+00 0.000000e+00
5.760000e+00 1.021018e+00 1.000000e+00 1.000000e-05 0.000000e+00 0.000000e+00
5.760000e+00 1.099557e+00 1.000000e+00 1.000000e-05 0.000000e+00 0.000000e+00
5.760000e+00 1.178097e+00 1.000000e+00 1.000000e-05 0.000000e+00 0.000000e+00
5.760000e+00 1.256637e+00 1.000000e+00 1.000000e-05 0.000000e+00 0.000000e+00
5.760000e+00 1.335177e+00 1.000000e+00 1.000000e-05 0.000000e+00 0.000000e+00
5.760000e+00 1.413717e+00 1.000000e+00 1.000000e-05 0.000000e+00 0.000000e+00
5.760000e+00 1.492257e+00 1.000000e+00 1.000000e-05 0.000000e+00 0.000000e+00
5.760000e+00 1.570796e+00 1.000000e+00 1.000000e-05 0.000000e+00 0.000000e+00
5.920000e+00 0.000000e+00 1.000000e+00 1.000000e-05 0.000000e+00 0.000000e+00
5.920000e+00 7.853982e-02 1.000000e+00 1.000000e-05 0.000000e+00 0.000000e+00
5.920000e+00 1.570796e-01 1.000000e+00 1.000000e-05 0.000000e+00 0.000000e+00
5.920000e+00 2.356194e-01 1.000000e+00 1.000000e-05 0.000000e+00 0.000000e+00
5.920000e+00 3.141593e-01 1.000000e+00 1.000000e-05 0.000000e+00 0.000000e+00
5.920000e+00 3.926991e-01 1.000000e+00 1.000000e-05 0.000000e+00 0.000000e+00
5.920000e+00 4.712389e-01 1.000000e+00 1.000000e-05 0.000000e+00 0.000000e+00
5.920000e+00 5.497787e-01 1.000000e+00 1.000000e-05 0.000000e+00 0.000000e+00
5.920000e+00 6.283185e-01 1.000000e+00 1.000000e-05 0.000000e+00 0.000000e+00
5.920000e+00 7.068583e-01 1.000000e+00 1.000000e-05 0.000000e+00 0.000000e+00
5.920000e+00 7.853982e-01 1.000000e+00 1.000000e-05 0.000000e+00 0.000000e+00
5.920000e+00 8.639380e-01 1.000000e+00 1.000000e-05 0.000000e+00 0.000000e+00
5.920000e+00 9.424778e-01 1.000000e+00 1.000000e-05 0.000000e+00 0.000000e+00
5.920000e+00 1.021018e+00 1.000000e+00 1.000000e-05 0.000000e+00 0.000000e+00
5.920000e+00 1.099557e+00 1.000000e+00 1.000000e-05 0.000000e+00 0.000000e+00
5.920000e+00 1.178097e+00 1.000000e+00 1.000000e-05 0.000000e+00 0.000000e+00
5.920000e+00 1.256637e+00 1.000000e+00 1.000000e-05 0.000000e+00 0.000000e+00
5.920000e+00 1.335177e+00 1.000000e+00 1.000000e-05 0.000000e+00 0.000000e+00
5.920000e+00 1.413717e+00 1.000000e+00 1.000000e-05 0.000000e+00 0.000000e+00
5.920000e+00 1.492257e+00 1.000000e+00 1.000000e-05 0.000000e+00 0.000000e+00
5.920000e+00 1.570796e+00 1.000000e+00 1.000000e-05 0.000000e+00 0.000000e+00
6.080000e+00 0.000000e+00 1.000000e+00 1.000000e-05 0.000000e+00 0.000000e+00
6.080000e+00 7.853982e-02 1.000000e+00 1.000000e-05 0.000000e+00 0.000000e+00
6.080000e+00 1.570796e-01 1.000000e+00 1.000000e-05 0.000000e+00 0.000000e+00
6.080000e+00 2.356194e-01 1.000000e+00 1.000000e-05 0.000000e+00 0.000000e+00
6.080000e+00 3.141593e-01 1.000000e+00 1.000000e-05 0.000000e+00 0.000000e+00
6.080000e+00 3.926991e-01 1.000000e+00 1.000000e-05 0.000000e+00 0.000000e+00
6.080000e+00 4.712389e-01 1.000000e+00 1.000000e-05 0.000000e+00 0.000000e+00
6.080000e+00 5.497787e-01 1.000000e+00 1.000000e-05 0.000000e+00 0.000000e+00
6.080000e+00 6.283185e-01 1.000000e+00 1.000000e-05 0.000000e+00 0.000000e+00
6.080000e+00 7.068583e-01 1.000000e+00 1.000000e-05 0.000000e+00 0.000000e+00
6.080000e+00 7.853982e-01 1.000000e+00 1.000000e-05 0.000000e+00 0.000000e+00
6.080000e+00 8.639380e-01 1.000000e+00 1.000000e-05 0.000000e+00 0.000000e+00
6.080000e+00 9.424778e-01 1.000000e+00 1.000000e-05 0.000000e+00 0.000000e+00
6.080000e+00 1.021018e+00 1.000000e+00 1.000000e-05 0.000000e+00 0.000000e+00
6.080000e+00 1.099557e+00 1.000000e+00 1.000000e-05 0.000000e+00 0.000000e+00
6.080000e+00 1.178097e+00 1.000000e+00 1.000000e-05 0.000000e+00 0.000000e+00
6.080000e+00 1.256637e+00 1.000000e+00 1.000000e-05 0.000000e+00 0.000000e+00
6.080000e+00 1.335177e+00 1.000000e+00 1.000000e-05 0.000000e+00 0.000000e+00
6.080000e+00 1.413717e+00 1.000000e+00 1.000000e-05 0.000000e+00 0.000000e+00
6.080000e+00 1.492257e+00 1.000000e+00 1.000000e-05 0.000000e+00 0.000000e+00
6.080000e+00 1.570796e+00 1.000000e+00 1.000000e-05 0.000000e+00 0.000000e+00
6.240000e+00 0.000000e+00 1.000000e+00 1.000000e-05 0.000000e+00 0.000000e+00
6.240000e+00 7.853982e-02 1.000000e+00 1.000000e-05 0.000000e+00 0.000000e+00
6.240000e+00 1.570796e-01 1.000000e+00 1.000000e-05 0.000000e+00 0.000000e+00
6.240000e+00 2.356194e-01 1.000000e+00 1.000000e-05 0.000000e+00 0.000000e+00
6.240000e+00 3.141593e-01 1.000000e+00 1.000000e-05 0.000000e+00 0.000000e+00
6.240000e+00 3.926991e-01 1.000000e+00 1.000000e-05 0.000000e+00 0.000000e+00
6.240000e+00 4.712389e-01 1.000000e+00 1.000000e-05 0.000000e+00 0.000000e+00
6.240000e+00 5.497787e-01 1.000000e+00 1.000000e-05 0.000000e+00 0.000000e+00
6.240000e+00 6.283185e-01 1.000000e+00 1.000000e-05 0.000000e+00 0.000000e+00
6.240000e+00 7.068583e-01 1.000000e+00 1.000000e-05 0.000000e+00 0.000000e+00
6.240000e+00 7.853982e-01 1.000000e+00 1.000000e-05 0.000000e+00 0.000000e+00
6.240000e+00 8.639380e-01 1.000000e+00 1.000000e-05 0.000000e+00 0.000000e+00
6.240000e+00 9.424778e-01 1.000000e+00 1.000000e-05 0.000000e+00 0.000000e+00
6.240000e+00 1.021018e+00 1.000000e+00 1.000000e-05 0.000000e+00 0.000000e+00
6.240000e+00 1.099557e+00 1.000000e+00 1.000000e-05 0.000000e+00 0.000000e+00
6.240000e+00 1.178097e+00 1.000000e+00 1.000000e-05 0.000000e+00 0.000000e+00
6.240000e+00 1.256637e+00 1.000000e+00 1.000000e-05 0.000000e+00 0.000000e+00
6.240000e+00 1.335177e+00 1.000000e+00 1.000000e-05 0.000000e+00 0.000000e+00
6.240000e+00 1.413717e+00 1.000000e+00 1.000000e-05 0.000000e+00 0.000000e+00
6.240000e+00 1.492257e+00 1.000000e+00 1.000000e-05 0.000000e+00 0.000000e+00
6.240000e+00 1.570796e+00 1.000000e+00 1.000000e-05 0.000000e+00 0.000000e+00
6.400000e+00 0.000000e+00 1.000000e+00 1.000000e-05 0.000000e+00 0.000000e+00
6.400000e+00 7.853982e-02 1.000000e+00 1.000000e-05 0.000000e+00 0.000000e+00
6.400000e+00 1.570796e-01 1.000000e+00 1.000000e-05 0.000000e+00 0.000000e+00
6.400000e+00 2.356194e-01 1.000000e+00 1.000000e-05 0.000000e+00 0.000000e+00
6.400000e+00 3.141593e-01 1.000000e+00 1.000000e-05 0.000000e+00 0.000000e+00
6.400000e+00 3.926991e-01 1.000000e+00 1.000000e-05 0.000000e+00 0.000000e+00
6.400000e+00 4.712389e-01 1.000000e+00 1.000000e-05 0.000000e+00 0.000000e+00
6.400000e+00 5.497787e-01 1.000000e+00 1.000000e-05 0.000000e+00 0.000000e+00
6.400000e+00 6.283185e-01 1.000000e+00 1.000000e-05 0.000000e+00 0.000000e+00
6.400000e+00 7.068583e-01 1.000000e+00 1.000000e-05 0.000000e+00 0.000000e+00
6.400000e+00 7.853982e-01 1.000000e+00 1.000000e-05 0.000000e+00 0.000000e+00
6.400000e+00 8.639380e-01 1.000000e+00 1.000000e-05 0.000000e+00 0.000000e+00
6.400000e+00 9.424778e-01 1.000000e+00 1.000000e-05 0.000000e+00 0.000000e+00
6.400000e+00 1.021018e+00 1.000000e+00 1.000000e-05 0.000000e+00 0.000000e+00
6.400000e+00 1.099557e+00 1.000000e+00 1.000000e-05 0.000000e+00 0.000000e+00
6.400000e+00 1.178097e+00 1.000000e+00 1.000000e-05 0.000000e+00 0.000000e+00
6.400000e+00 1.256637e+00 1.000000e+00 1.000000e-05 0.000000e+00 0.000000e+00
6.400000e+00 1.335177e+00 1.000000e+00 1.000000e-05 0.000000e+00 0.000000e+00
6.400000e+00 1.413717e+00 1.000000e+00 1.000000e-05 0.000000e+00 0.000000e+00
6.400000e+00 1.492257e+00 1.000000e+00 1.000000e-05 0.000000e+00 0.000000e+00
6.400000e+00 1.570796e+00 1.000000e+00 1.000000e-05 0.000000e+00 0.000000e+00
6.560000e+00 0.000000e+00 1.000000e+00 1.000000e-05 0.000000e+00 0.000000e+00
6.560000e+00 7.853982e-02 1.000000e+00 1.000000e-05 0.000000e+00 0.000000e+00
6.560000e+00 1.570796e-01 1.000000e+00 1.000000e-05 0.000000e+00 0.000000e+00
6.560000e+00 2.356194e-01 1.000000e+00 1.000000e-05 0.000000e+00 0.000000e+00
6.560000e+00 3.141593e-01 1.000000e+00 1.000000e-05 0.000000e+00 0.000000e+00
6.560000e+00 3.926991e-01 1.000000e+00 1.000000e-05 0.000000e+00 0.000000e+00
6.560000e+00 4.712389e-01 1.000000e+00 1.000000e-05 0.000000e+00 0.000000e+00
6.560000e+00 5.497787e-01 1.000000e+00 1.000000e-05 0.000000e+00 0.000000e+00
6.560000e+00 6.283185e-01 1.000000e+00 1.000000e-05 0.000000e+00 0.000000e+00
6.560000e+00 7.068583e-01 1.000000e+00 1.000000e-05 0.000000e+00 0.000000e+00
6.560000e+00 7.853982e-01 1.000000e+00 1.000000e-05 0.000000e+00 0.000000e+00
6.560000e+00 8.639380e-01 1.000000e+00 1.000000e-05 0.000000e+00 0.000000e+00
6.560000e+00 9.424778e-01 1.000000e+00 1.000000e-05 0.000000e+00 0.000000e+00
6.560000e+00 1.021018e+00 1.000000e+00 1.000000e-05 0.000000e+00 0.000000e+00
6.560000e+00 1.099557e+00 1.000000e+00 1.000000e-05 0.000000e+00 0.000000e+00
6.560000e+00 1.178097e+00 1.000000e+00 1.000000e-05 0.000000e+00 0.000000e+00
6.560000e+00 1.256637e+00 1.000000e+00 1.000000e-05 0.000000e+00 0.000000e+00
6.560000e+00 1.335177e+00 1.000000e+00 1.000000e-05 0.000000e+00 0.000000e+00
6.560000e+00 1.413717e+00 1.000000e+00 1.000000e-05 0.000000e+00 0.000000e+00
6.560000e+00 1.492257e+00 1.000000e+00 1.000000e-05 0.000000e+00 0.000000e+00
6.560000e+00 1.570796e+00 1.000000e+00 1.000000e-05 0.000000e+00 0.000000e+00
6.720000e+00 0.000000e+00 1.000000e+00 1.000000e-05 0.000000e+00 0.000000e+00
6.720000e+00 7.853982e-02 1.000000e+00 1.000000e-05 0.000000e+00 0.000000e+00
6.720000e+00 1.570796e-01 1.000000e+00 1.000000e-05 0.000000e+00 0.000000e+00
6.720000e+00 2.356194e-01 1.000000e+00 1.000000e-05 0.000000e+00 0.000000e+00
6.720000e+00 3.141593e-01 1.000000e+00 1.000000e-05 0.000000e+00 0.000000e+00
6.720000e+00 3.926991e-01 1.000000e+00 1.000000e-05 0.000000e+00 0.000000e+00
6.720000e+00 4.712389e-01 1.000000e+00 1.000000e-05 0.000000e+00 0.000000e+00
6.720000e+00 5.497787e-01 1.000000e+00 1.000000e-05 0.000000e+00 0.000000e+00
6.720000e+00 6.283185e-01 1.000000e+00 1.000000e-05 0.000000e+00 0.000000e+00
6.720000e+00 7.068583e-01 1.000000e+00 1.000000e-05 0.000000e+00 0.000000e+00
6.720000e+00 7.853982e-01 1.000000e+00 1.000000e-05 0.000000e+00 0.000000e+00
6.720000e+00 8.639380e-01 1.000000e+00 1.000000e-05 0.000000e+00 0.000000e+00
6.720000e+00 9.424778e-01 1.000000e+00 1.000000e-05 0.000000e+00 0.000000e+00
6.720000e+00 1.021018e+00 1.000000e+00 1.000000e-05 0.000000e+00 0.000000e+00
6.720000e+00 1.099557e+00 1.000000e+00 1.000000e-05 0.000000e+00 0.000000e+00
6.720000e+00 1.178097e+00 1.000000e+00 1.000000e-05 0.000000e+00 0.000000e+00
6.720000e+00 1.256637e+00 1.000000e+00 1.000000e-05 0.000000e+00 0.000000e+00
6.720000e+00 1.335177e+00 1.000000e+00 1.000000e-05 0.000000e+00 0.000000e+00
6.720000e+00 1.413717e+00 1.000000e+00 1.000000e-05 0.000000e+00 0.000000e+00
6.720000e+00 1.492257e+00 1.000000e+00 1.000000e-05 0.000000e+00 0.000000e+00
6.720000e+00 1.570796e+00 1.000000e+00 1.000000e-05 0.000000e+00 0.000000e+00
6.880000e+00 0.000000e+00 1.000000e+00 1.000000e-05 0.000000e+00 0.000000e+00
6.880000e+00 7.853982e-02 1.000000e+00 1.000000e-05 0.000000e+00 0.000000e+00
6.880000e+00 1.570796e-01 1.000000e+00 1.000000e-05 0.000000e+00 0.000000e+00
6.880000e+00 2.356194e-01 1.000000e+00 1.000000e-05 0.000000e+00 0.000000e+00
6.880000e+00 3.141593e-01 1.000000e+00 1.000000e-05 0.000000e+00 0.000000e+00
6.880000e+00 3.926991e-01 1.000000e+00 1.000000e-05 0.000000e+00 0.000000e+00
6.880000e+00 4.712389e-01 1.000000e+00 1.000000e-05 0.000000e+00 0.000000e+00
6.880000e+00 5.497787e-01 1.000000e+00 1.000000e-05 0.000000e+00 0.000000e+00
6.880000e+00 6.283185e-01 1.000000e+00 1.000000e-05 0.000000e+00 0.000000e+00
6.880000e+00 7.068583e-01 1.000000e+00 1.000000e-05 0.000000e+00 0.000000e+00
6.880000e+00 7.853982e-01 1.000000e+00 1.000000e-05 0.000000e+00 0.000000e+00
6.880000e+00 8.639380e-01 1.000000e+00 1.000000e-05 0.000000e+00 0.000000e+00
6.880000e+00 9.424778e-01 1.000000e+00 1.000000e-05 0.000000e+00 0.000000e+00
6.880000e+00 1.021018e+00 1.000000e+00 1.000000e-05 0.000000e+00 0.000000e+00
6.880000e+00 1.099557e+00 1.000000e+00 1.000000e-05 0.000000e+00 0.000000e+00
6.880000e+00 1.178097e+00 1.000000e+00 1.000000e-05 0.000000e+00 0.000000e+00
6.880000e+00 1.256637e+00 1.000000e+00 1.000000e-05 0.000000e+00 0.000000e+00
6.880000e+00 1.335177e+00 1.000000e+00 1.000000e-05 0.000000e+00 0.000000e+00
6.880000e+00 1.413717e+00 1.000000e+00 1.000000e-05 0.000000e+00 0.000000e+00
6.880000e+00 1.492257e+00 1.000000e+00 1.000000e-05 0.000000e+00 0.000000e+00
6.880000e+00 1.570796e+00 1.000000e+00 1.000000e-05 0.000000e+00 0.000000e+00
7.040000e+00 0.000000e+00 1.000000e+00 1.000000e-05 0.000000e+00 0.000000e+00
7.040000e+00 7.853982e-02 1.000000e+00 1.000000e-05 0.000000e+00 0.000000e+00
7.040000e+00 1.570796e-01 1.000000e+00 1.000000e-05 0.000000e+00 0.000000e+00
7.040000e+00 2.356194e-01 1.000000e+00 1.000000e-05 0.000000e+00 0.000000e+00
7.040000e+00 3.141593e-01 1.000000e+00 1.000000e-05 0.000000e+00 0.000000e+00
7.040000e+00 3.926991e-01 1.000000e+00 1.000000e-05 0.000000e+00 0.000000e+00
7.040000e+00 4.712389e-01 1.000000e+00 1.000000e-05 0.000000e+00 0.000000e+00
7.040000e+00 5.497787e-01 1.000000e+00 1.000000e-05 0.000000e+00 0.000000e+00
7.040000e+00 6.283185e-01 1.000000e+00 1.000000e-05 0.000000e+00 0.000000e+00
7.040000e+00 7.068583e-01 1.000000e+00 1.000000e-05 0.000000e+00 0.000000e+00
7.040000e+00 7.853982e-01 1.000000e+00 1.000000e-05 0.000000e+00 0.000000e+00
7.040000e+00 8.639380e-01 1.000000e+00 1.000000e-05 0.000000e+00 0.000000e+00
7.040000e+00 9.424778e-01 1.000000e+00 1.000000e-05 0.000000e+00 0.000000e+00
7.040000e+00 1.021018e+00 1.000000e+00 1.000000e-05 0.000000e+00 0.000000e+00
7.040000e+00 1.099557e+00 1.000000e+00 1.000000e-05 0.000000e+00 0.000000e+00
7.040000e+00 1.178097e+00 1.000000e+00 1.000000e-05 0.000000e+00 0.000000e+00
7.040000e+00 1.256637e+00 1.000000e+00 1.000000e-05 0.000000e+00 0.000000e+00
7.040000e+00 1.335177e+00 1.000000e+00 1.000000e-05 0.000000e+00 0.000000e+00
7.040000e+00 1.413717e+00 1.000000e+00 1.000000e-05 0.000000e+00 0.000000e+00
7.040000e+00 1.492257e+00 1.000000e+00 1.000000e-05 0.000000e+00 0.000000e+00
7.040000e+00 1.570796e+00 1.000000e+00 1.000000e-05 0.000000e+00 0.000000e+00
7.200000e+00 0.000000e+00 1.000000e+00 1.000000e-05 0.000000e+00 0.000000e+00
7.200000e+00 7.853982e-02 1.000000e+00 1.000000e-05 0.000000e+00 0.000000e+00
7.200000e+00 1.570796e-01 1.000000e+00 1.000000e-05 0.000000e+00 0.000000e+00
7.200000e+00 2.356194e-01 1.000000e+00 1.000000e-05 0.000000e+00 0.000000e+00
7.200000e+00 3.141593e-01 1.000000e+00 1.000000e-05 0.000000e+00 0.000000e+00
7.200000e+00 3.926991e-01 1.000000e+00 1.000000e-05 0.000000e+00 0.000000e+00
7.200000e+00 4.712389e-01 1.000000e+00 1.000000e-05 0.000000e+00 0.000000e+00
7.200000e+00 5.497787e-01 1.000000e+00 1.000000e-05 0.000000e+00 0.000000e+00
7.200000e+00 6.283185e-01 1.000000e+00 1.000000e-05 0.000000e+00 0.000000e+00
7.200000e+00 7.068583e-01 1.000000e+00 1.000000e-05 0.000000e+00 0.000000e+00
7.200000e+00 7.853982e-01 1.000000e+00 1.000000e-05 0.000000e+00 0.000000e+00
7.200000e+00 8.639380e-01 1.000000e+00 1.000000e-05 0.000000e+00 0.000000e+00
7.200000e+00 9.424778e-01 1.000000e+00 1.000000e-05 0.000000e+00 0.000000e+00
7.200000e+00 1.021018e+00 1.000000e+00 1.000000e-05 0.000000e+00 0.000000e+00
7.200000e+00 1.099557e+00 1.000000e+00 1.000000e-05 0.000000e+00 0.000000e+00
7.200000e+00 1.178097e+00 1.000000e+00 1.000000e-05 0.000000e+00 0.000000e+00
7.200000e+00 1.256637e+00 1.000000e+00 1.000000e-05 0.000000e+00 0.000000e+00
7.200000e+00 1.335177e+00 1.000000e+00 1.000000e-05 0.000000e+00 0.000000e+00
7.200000e+00 1.413717e+00 1.000000e+00 1.000000e-05 0.000000e+00 0.000000e+00
7.200000e+00 1.492257e+00 1.000000e+00 1.000000e-05 0.000000e+00 0.000000e+00
7.200000e+00 1.570796e+00 1.000000e+00 1.000000e-05 0.000000e+00 0.000000e+00
7.360000e+00 0.000000e+00 1.000000e+00 1.000000e-05 0.000000e+00 0.000000e+00
7.360000e+00 7.853982e-02 1.000000e+00 1.000000e-05 0.000000e+00 0.000000e+00
7.360000e+00 1.570796e-01 1.000000e+00 1.000000e-05 0.000000e+00 0.000000e+00
7.360000e+00 2.356194e-01 1.000000e+00 1.000000e-05 0.000000e+00 0.000000e+00
7.360000e+00 3.141593e-01 1.000000e+00 1.000000e-05 0.000000e+00 0.000000e+00
7.360000e+00 3.926991e-01 1.000000e+00 1.000000e-05 0.000000e+00 0.000000e+00
7.360000e+00 4.712389e-01 1.000000e+00 1.000000e-05 0.000000e+00 0.000000e+00
7.360000e+00 5.497787e-01 1.000000e+00 1.000000e-05 0.000000e+00 0.000000e+00
7.360000e+00 6.283185e-01 1.000000e+00 1.000000e-05 0.000000e+00 0.000000e+00
7.360000e+00 7.068583e-01 1.000000e+00 1.000000e-05 0.000000e+00 0.000000e+00
7.360000e+00 7.853982e-01 1.000000e+00 1.000000e-05 0.000000e+00 0.000000e+00
7.360000e+00 8.639380e-01 1.000000e+00 1.000000e-05 0.000000e+00 0.000000e+00
7.360000e+00 9.424778e-01 1.000000e+00 1.000000e-05 0.000000e+00 0.000000e+00
7.360000e+00 1.021018e+00 1.000000e+00 1.000000e-05 0.000000e+00 0.000000e+00
7.360000e+00 1.099557e+00 1.000000e+00 1.000000e-05 0.000000e+00 0.000000e+00
7.360000e+00 1.178097e+00 1.000000e+00 1.000000e-05 0.000000e+00 0.000000e+00
7.360000e+00 1.256637e+00 1.000000e+00 1.000000e-05 0.000000e+00 0.000000e+00
7.360000e+00 1.335177e+00 1.000000e+00 1.000000e-05 0.000000e+00 0.000000e+00
7.360000e+00 1.413717e+00 1.000000e+00 1.000000e-05 0.000000e+00 0.000000e+00
7.360000e+00 1.492257e+00 1.000000e+00 1.000000e-05 0.000000e+00 0.000000e+00
7.360000e+00 1.570796e+00 1.000000e+00 1.000000e-05 0.000000e+00 0.000000e+00
7.520000e+00 0.000000e+00 1.000000e+00 1.000000e-05 0.000000e+00 0.000000e+00
7.520000e+00 7.853982e-02 1.000000e+00 1.000000e-05 0.000000e+00 0.000000e+00
7.520000e+00 1.570796e-01 1.000000e+00 1.000000e-05 0.000000e+00 0.000000e+00
7.520000e+00 2.356194e-01 1.000000e+00 1.000000e-05 0.000000e+00 0.000000e+00
7.520000e+00 3.141593e-01 1.000000e+00 1.000000e-05 0.000000e+00 0.000000e+00
7.520000e+00 3.926991e-01 1.000000e+00 1.000000e-05 0.000000e+00 0.000000e+00
7.520000e+00 4.712389e-01 1.000000e+00 1.000000e-05 0.000000e+00 0.000000e+00
7.520000e+00 5.497787e-01 1.000000e+00 1.000000e-05 0.000000e+00 0.000000e+00
7.520000e+00 6.283185e-01 1.000000e+00 1.000000e-05 0.000000e+00 0.000000e+00
7.520000e+00 7.068583e-01 1.000000e+00 1.000000e-05 0.000000e+00 0.000000e+00
7.520000e+00 7.853982e-01 1.000000e+00 1.000000e-05 0.000000e+00 0.000000e+00
7.520000e+00 8.639380e-01 1.000000e+00 1.000000e-05 0.000000e+00 0.000000e+00
7.520000e+00 9.424778e-01 1.000000e+00 1.000000e-05 0.000000e+00 0.000000e+00
7.520000e+00 1.021018e+00 1.000000e+00 1.000000e-05 0.000000e+00 0.000000e+00
7.520000e+00 1.099557e+00 1.000000e+00 1.000000e-05 0.000000e+00 0.000000e+00
7.520000e+00 1.178097e+00 1.000000e+00 1.000000e-05 0.000000e+00 0.000000e+00
7.520000e+00 1.256637e+00 1.000000e+00 1.000000e-05 0.000000e+00 0.000000e+00
7.520000e+00 1.335177e+00 1.000000e+00 1.000000e-05 0.000000e+00 0.000000e+00
7.520000e+00 1.413717e+00 1.000000e+00 1.000000e-05 0.000000e+00 0.000000e+00
7.520000e+00 1.492257e+00 1.000000e+00 1.000000e-05 0.000000e+00 0.000000e+00
7.520000e+00 1.570796e+00 1.000000e+00 1.000000e-05 0.000000e+00 0.000000e+00
7.680000e+00 0.000000e+00 1.000000e+00 1.000000e-05 0.000000e+00 0.000000e+00
7.680000e+00 7.853982e-02 1.000000e+00 1.000000e-05 0.000000e+00 0.000000e+00
7.680000e+00 1.570796e-01 1.000000e+00 1.000000e-05 0.000000e+00 0.000000e+00
7.680000e+00 2.356194e-01 1.000000e+00 1.000000e-05 0.000000e+00 0.000000e+00
7.680000e+00 3.141593e-01 1.000000e+00 1.000000e-05 0.000000e+00 0.000000e+00
7.680000e+00 3.926991e-01 1.000000e+00 1.000000e-05 0.000000e+00 0.000000e+00
7.680000e+00 4.712389e-01 1.000000e+00 1.000000e-05 0.000000e+00 0.000000e+00
7.680000e+00 5.497787e-01 1.000000e+00 1.000000e-05 0.000000e+00 0.000000e+00
7.680000e+00 6.283185e-01 1.000000e+00 1.000000e-05 0.000000e+00 0.000000e+00
7.680000e+00 7.068583e-01 1.000000e+00 1.000000e-05 0.000000e+00 0.000000e+00
7.680000e+00 7.853982e-01 1.000000e+00 1.000000e-05 0.000000e+00 0.000000e+00
7.680000e+00 8.639380e-01 1.000000e+00 1.000000e-05 0.000000e+00 0.000000e+00
7.680000e+00 9.424778e-01 1.000000e+00 1.000000e-05 0.000000e+00 0.000000e+00
7.680000e+00 1.021018e+00 1.000000e+00 1.000000e-05 0.000000e+00 0.000000e+00
7.680000e+00 1.099557e+00 1.000000e+00 1.000000e-05 0.000000e+00 0.000000e+00
7.680000e+00 1.178097e+00 1.000000e+00 1.000000e-05 0.000000e+00 0.000000e+00
7.680000e+00 1.256637e+00 1.000000e+00 1.000000e-05 0.000000e+00 0.000000e+00
7.680000e+00 1.335177e+00 1.000000e+00 1.000000e-05 0.000000e+00 0.000000e+00
7.680000e+00 1.413717e+00 1.000000e+00 1.000000e-05 0.000000e+00 0.000000e+00
7.680000e+00 1.492257e+00 1.000000e+00 1.000000e-05 0.000000e+00 0.000000e+00
7.680000e+00 1.570796e+00 1.000000e+00 1.000000e-05 0.000000e+00 0.000000e+00
7.840000e+00 0.000000e+00 1.000000e+00 1.000000e-05 0.000000e+00 0.000000e+00
7.840000e+00 7.853982e-02 1.000000e+00 1.000000e-05 0.000000e+00 0.000000e+00
7.840000e+00 1.570796e-01 1.000000e+00 1.000000e-05 0.000000e+00 0.000000e+00
7.840000e+00 2.356194e-01 1.000000e+00 1.000000e-05 0.000000e+00 0.000000e+00
7.840000e+00 3.141593e-01 1.000000e+00 1.000000e-05 0.000000e+00 0.000000e+00
7.840000e+00 3.926991e-01 1.000000e+00 1.000000e-05 0.000000e+00 0.000000e+00
7.840000e+00 4.712389e-01 1.000000e+00 1.000000e-05 0.000000e+00 0.000000e+00
7.840000e+00 5.497787e-01 1.000000e+00 1.000000e-05 0.000000e+00 0.000000e+00
7.840000e+00 6.283185e-01 1.000000e+00 1.000000e-05 0.000000e+00 0.000000e+00
7.840000e+00 7.068583e-01 1.000000e+00 1.000000e-05 0.000000e+00 0.000000e+00
7.840000e+00 7.853982e-01 1.000000e+00 1.000000e-05 0.000000e+00 0.000000e+00
7.840000e+00 8.639380e-01 1.000000e+00 1.000000e-05 0.000000e+00 0.000000e+00
7.840000e+00 9.424778e-01 1.000000e+00 1.000000e-05 0.000000e+00 0.000000e+00
7.840000e+00 1.021018e+00 1.000000e+00 1.000000e-05 0.000000e+00 0.000000e+00
7.840000e+00 1.099557e+00 1.000000e+00 1.000000e-05 0.000000e+00 0.000000e+00
7.840000e+00 1.178097e+00 1.000000e+00 1.000000e-05 0.000000e+00 0.000000e+00
7.840000e+00 1.256637e+00 1.000000e+00 1.000000e-05 0.000000e+00 0.000000e+00
7.840000e+00 1.335177e+00 1.000000e+00 1.000000e-05 0.000000e+00 0.000000e+00
7.840000e+00 1.413717e+00 1.000000e+00 1.000000e-05 0.000000e+00 0.000000e+00
7.840000e+00 1.492257e+00 1.000000e+00 1.000000e-05 0.000000e+00 0.000000e+00
7.840000e+00 1.570796e+00 1.000000e+00 1.000000e-05 0.000000e+00 0.000000e+00
8.000000e+00 0.000000e+00 1.000000e+00 1.000000e-05 0.000000e+00 0.000000e+00
8.000000e+00 7.853982e-02 1.000000e+00 1.000000e-05 0.000000e+00 0.000000e+00
8.000000e+00 1.570796e-01 1.000000e+00 1.000000e-05 0.000000e+00 0.000000e+00
8.000000e+00 2.356194e-01 1.000000e+00 1.000000e-05 0.000000e+00 0.000000e+00
8.000000e+00 3.141593e-01 1.000000e+00 1.000000e-05 0.000000e+00 0.000000e+00
8.000000e+00 3.926991e-01 1.000000e+00 1.000000e-05 0.000000e+00 0.000000e+00
8.000000e+00 4.712389e-01 1.000000e+00 1.000000e-05 0.000000e+00 0.000000e+00
8.000000e+00 5.497787e-01 1.000000e+00 1.000000e-05 0.000000e+00 0.000000e+00
8.000000e+00 6.283185e-01 1.000000e+00 1.000000e-05 0.000000e+00 0.000000e+00
8.000000e+00 7.068583e-01 1.000000e+00 1.000000e-05 0.000000e+00 0.000000e+00
8.000000e+00 7.853982e-01 1.000000e+00 1.000000e-05 0.000000e+00 0.000000e+00
8.000000e+00 8.639380e-01 1.000000e+00 1.000000e-05 0.000000e+00 0.000000e+00
8.000000e+00 9.424778e-01 1.000000e+00 1.000000e-05 0.000000e+00 0.000000e+00
8.000000e+00 1.021018e+00 1.000000e+00 1.000000e-05 0.000000e+00 0.000000e+00
8.000000e+00 1.099557e+00 1.000000e+00 1.000000e-05 0.000000e+00 0.000000e+00
8.000000e+00 1.178097e+00 1.000000e+00 1.000000e-05 0.000000e+00 0.000000e+00
8.000000e+00 1.256637e+00 1.000000e+00 1.000000e-05 0.000000e+00 0.000000e+00
8.000000e+00 1.335177e+00 1.000000e+00 1.000000e-05 0.000000e+00 0.000000e+00
8.000000e+00 1.413717e+00 1.000000e+00 1.000000e-05 0.000000e+00 0.000000e+00
8.000000e+00 1.492257e+00 1.000000e+00 1.000000e-05 0.000000e+00 0.000000e+00
8.000000e+00 1.570796e+00 1.000000e+00 1.000000e-05 0.000000e+00 0.000000e+00
