10.0 1.1051141194928027 0.010138520971017357 0.010138520971017357
9.9525 1.105640642441938 0.010230653229151902 0.010230653229151902
9.905 1.106172455983184 0.010324046015286522 0.010324046015286522
9.8575 1.1067096400853351 0.010418722410115582 0.010418722410115582
9.81 1.1072522763333317 0.010514706024582089 0.010514706024582089
9.7625 1.1078004479692007 0.010612021014550908 0.010612021014550908
9.715 1.1083542399342432 0.010710692095957541 0.010710692095957541
9.6675 1.1089137389125134 0.01081074456045011 0.01081074456045011
9.62 1.1094790333756401 0.01091220429154292 0.01091220429154292
9.5725 1.1100502136290302 0.011015097781300864 0.011015097781300864
9.525 1.1106273718595134 0.011119452147574687 0.011119452147574687
9.4775 1.1112106021844748 0.0112252951518079 0.0112252951518079
9.43 1.1118000007025308 0.011332655217437157 0.011332655217437157
9.3825 1.112395665545808 0.011441561448908826 0.011441561448908826
9.335 1.11299769693388 0.01155204365133531 0.01155204365133531
9.2875 1.113606197229426 0.01166413235081593 0.01166413235081593
9.24 1.1142212709956767 0.011777858815448097 0.011777858815448097
9.1925 1.1148430250557118 0.011893255077055676 0.011893255077055676
9.145 1.1154715685536813 0.012010353953662654 0.012010353953662654
9.0975 1.1161070130180215 0.012129189072741426 0.012129189072741426
9.05 1.1167494724267444 0.01224979489526636 0.01224979489526636
9.0025 1.1173990632748771 0.012372206740604626 0.012372206740604626
8.955 1.1180559046441372 0.012496460812277715 0.012496460812277715
8.9075 1.1187201182749276 0.012622594224628685 0.012622594224628685
8.86 1.1193918286407434 0.012750645030431577 0.012750645030431577
8.8125 1.1200711630250855 0.01288065224948122 0.01288065224948122
8.765 1.1207582516009778 0.013012655898203471 0.013012655898203471
8.7175 1.1214532275131925 0.013146697020327544 0.013146697020327544
8.67 1.1221562269632928 0.013282817718664236 0.013282817718664236
8.6225 1.122867389297602 0.013421061188035856 0.013421061188035856
8.575 1.1235868570982206 0.013561471749405633 0.013561471749405633
8.5275 1.1243147762772134 0.013704094885256837 0.013704094885256837
8.48 1.125051296174097 0.013848977276274137 0.013848977276274137
8.4325 1.1257965696567587 0.013996166839382209 0.013996166839382209
8.385 1.1265507532259562 0.014145712767199113 0.014145712767199113
8.3375 1.127314007123538 0.014297665568965116 0.014297665568965116
8.29 1.1280864954445449 0.014452077113009968 0.014452077113009968
8.2425 1.128868386253356 0.014609000670825231 0.014609000670825231
8.195 1.1296598517040446 0.014768490962811229 0.014768490962811229
8.1475 1.1304610681651284 0.014930604205771676 0.014930604205771676
8.1 1.131272216348899 0.015095398162232555 0.015095398162232555
8.0525 1.1320934814455272 0.015262932191665801 0.015262932191665801
8.004999999999999 1.132925053262152 0.01543326730370218 0.01543326730370218
7.9575 1.133767126367167 0.015606466213421986 0.015606466213421986
7.91 1.134619900239937 0.015782593398816873 0.015782593398816873
7.8625 1.1354835794261784 0.015961715160520498 0.015961715160520498
7.8149999999999995 1.1363583736992544 0.016143899683910955 0.016143899683910955
7.7675 1.1372444982276548 0.016329217103693103 0.016329217103693103
7.72 1.1381421737489306 0.01651773957107448 0.01651773957107448
7.672499999999999 1.139051626750377 0.01670954132365434 0.01670954132365434
7.625 1.1399730896567735 0.01690469875815178 0.01690469875815178
7.577500000000001 1.140906801025501 0.017103290506105193 0.017103290506105193
7.529999999999999 1.1418530057493752 0.017305397512682605 0.017305397512682605
7.4825 1.1428119552675555 0.017511103118749597 0.017511103118749597
7.4350000000000005 1.1437839077849032 0.017720493146349485 0.017720493146349485
7.3875 1.1447691285001873 0.017933655987758684 0.017933655987758684
7.34 1.1457678898435535 0.018150682698288907 0.018150682698288907
7.2925 1.1467804717236987 0.018371667093017355 0.018371667093017355
7.245 1.1478071617852132 0.018596705847635762 0.018596705847635762
7.1975 1.148848255676582 0.018825898603619693 0.018825898603619693
7.15 1.1499040573293586 0.019059348077930763 0.019059348077930763
7.1025 1.1509748792490622 0.019297160177476107 0.019297160177476107
7.055 1.1520610428183684 0.019539444118562007 0.019539444118562007
7.0075 1.153162878613205 0.01978631255159211 0.01978631255159211
6.96 1.1542807267323958 0.020037881691274607 0.020037881691274607
6.9125 1.1554149371415294 0.02029427145261799 0.02029427145261799
6.865 1.1565658700317751 0.020555605593011 0.020555605593011
6.8175 1.1577338961944037 0.020822011860699506 0.020822011860699506
6.77 1.158919397411819 0.02109362214999105 0.02109362214999105
6.7225 1.1601227668659508 0.021370572663537497 0.021370572663537497
6.675 1.1613444095649152 0.021653004082066368 0.021653004082066368
6.6274999999999995 1.1625847427888913 0.02194106174195399 0.02194106174195399
6.58 1.1638441965562378 0.02223489582105643 0.02223489582105643
6.5325 1.1651232141109142 0.022534661533239693 0.022534661533239693
6.484999999999999 1.1664222524323553 0.022840519332076998 0.022840519332076998
6.4375 1.1677417827690033 0.023152635124209595 0.023152635124209595
6.390000000000001 1.1690822911967877 0.023471180492897908 0.023471180492897908
6.342499999999999 1.170444279203914 0.02379633293232239 0.02379633293232239
6.295 1.1718282643034146 0.024128276093228034 0.024128276093228034
6.2475000000000005 1.1732347806750067 0.0244672000405439 0.0244672000405439
6.2 1.1746643798378928 0.024813301523648475 0.024813301523648475
6.1525 1.1761176313562567 0.02516678425999443 0.02516678425999443
6.105 1.1775951235793105 0.025527859232851776 0.025527859232851776
6.0575 1.1790974644178758 0.025896745003977453 0.025896745003977453
6.01 1.180625282159611 0.026273668042071183 0.026273668042071183
5.9625 1.1821792263251352 0.026658863067934364 0.026658863067934364
5.915 1.1837599685674494 0.0270525734173081 0.0270525734173081
5.8675 1.1853682036172235 0.027455051422431733 0.027455051422431733
5.82 1.1870046502766833 0.027866558813432307 0.027866558813432307
5.7725 1.188670052465024 0.028287367140730282 0.028287367140730282
5.725 1.1903651803184798 0.028717758219726473 0.028717758219726473
5.6775 1.1920908313483936 0.029158024599122267 0.029158024599122267
5.63 1.1938478316608687 0.029608470054317205 0.029608470054317205
5.5825 1.1956370372418372 0.03006941010742849 0.03006941010742849
5.535 1.1974593353116532 0.030541172575584512 0.030541172575584512
5.4875 1.1993156457536158 0.03102409814926079 0.03102409814926079
5.4399999999999995 1.2012069226211475 0.031518541002551664 0.031518541002551664
5.3925 1.2031341557286992 0.032024869437406636 0.032024869437406636
5.345 1.2050983723318305 0.03254346656400614 0.03254346656400614
5.2975 1.207100638902316 0.03307473101960901 0.03307473101960901
5.25 1.209142063004578 0.03361907772837514 0.03361907772837514
5.2025 1.2112237952802138 0.03417693870485052 0.03417693870485052
5.155 1.2133470315479171 0.03474876390400257 0.03474876390400257
5.1075 1.2155130150266482 0.03533502212090923 0.03533502212090923
5.06 1.2177230386905282 0.03593620194344054 0.03593620194344054
5.0125 1.2199784477646012 0.03655281276152541 0.03655281276152541
4.965 1.222280642371333 0.03718538583687285 0.03718538583687285
4.9174999999999995 1.2246310803385134 0.03783447543731659 0.03783447543731659
4.87 1.2270312801800949 0.038500660040278085 0.038500660040278085
4.8225 1.229482824262445 0.03918454361019795 0.03918454361019795
4.775 1.2319873621695252 0.03988675695517084 0.03988675695517084
4.7275 1.2345466142816417 0.040607959168440524 0.040607959168440524
4.68 1.2371623755836494 0.04134883916086868 0.04134883916086868
4.6325 1.2398365197198478 0.04211011729099211 0.04211011729099211
4.585 1.242571003314297 0.04289254709982792 0.04289254709982792
4.5375 1.2453678705769147 0.04369691715818263 0.04369691715818263
4.49 1.2482292582175076 0.04452405303487331 0.04452405303487331
4.4425 1.2511574006918698 0.04537481939498202 0.04537481939498202
4.395 1.254154635806246 0.04625012223804598 0.04625012223804598
4.3475 1.2572234107088593 0.04715091128694286 0.04715091128694286
4.3 1.2603662882998405 0.048078182539169706 0.048078182539169706
4.2524999999999995 1.2635859540938112 0.04903298099324582 0.04903298099324582
4.205 1.2668852235726025 0.05001640356410439 0.05001640356410439
4.1575 1.270267050069153 0.05102960220258434 0.05102960220258434
4.11 1.2737345332275845 0.0520737872355081 0.0520737872355081
4.0625 1.2772909280888405 0.05315023094434461 0.05315023094434461
4.015 1.2809396548561347 0.05426027140212689 0.05426027140212689
3.9675000000000002 1.2846843093998752 0.05540531659013861 0.05540531659013861
3.92 1.2885286745677453 0.056586848817922496 0.056586848817922496
3.8724999999999996 1.2924767323723434 0.05780642947242018 0.05780642947242018
3.825 1.2965326771362693 0.059065704124553045 0.059065704124553045
3.7775 1.3007009296829162 0.060366408024325864 0.060366408024325864
3.7299999999999995 1.304986152670592 0.061710372018613034 0.061710372018613034
3.6825 1.3093932671780826 0.06309952892920931 0.06309952892920931
3.635 1.3139274706615454 0.06453592043253449 0.06453592043253449
3.5875000000000004 1.3185942564158377 0.06602170448662363 0.06602170448662363
3.54 1.323399434688275 0.06755916335576943 0.06755916335576943
3.4924999999999997 1.3283491556095706 0.06915071228846827 0.06915071228846827
3.4450000000000003 1.333449934125646 0.07079890891023705 0.07079890891023705
3.3975 1.3387086771353878 0.07250646339949003 0.07250646339949003
3.3499999999999996 1.344132713063651 0.074276249522093 0.074276249522093
3.3025 1.349729824126292 0.0761113166085551 0.0761113166085551
3.255 1.3555082815752262 0.07801490256720137 0.07801490256720137
3.2074999999999996 1.3614768842470293 0.07999044803723868 0.07999044803723868
3.16 1.367645000779133 0.0820416117975517 0.0820416117975517
3.1125 1.3740226159039286 0.08417228756054011 0.08417228756054011
3.0649999999999995 1.3806203812840803 0.08638662229555563 0.08638662229555563
3.0175 1.387449671413105 0.08868903624378884 0.08868903624378884
2.9699999999999998 1.3945226451751007 0.09108424480608739 0.09108424480608739
2.9225000000000003 1.4018523137379202 0.09357728250752582 0.09357728250752582
2.875 1.4094526155469103 0.09617352926800997 0.09617352926800997
2.8274999999999997 1.4173384992936962 0.09887873923727318 0.09887873923727318
2.7800000000000002 1.4255260158589962 0.10169907248589584 0.10169907248589584
2.7325 1.4340324203731376 0.10464112988212773 0.10464112988212773
2.6849999999999996 1.4428762857065365 0.10771199152812813 0.10771199152812813
2.6375 1.4520776288993504 0.11091925917971876 0.11091925917971876
2.59 1.4616580522701654 0.1142711031320065 0.1142711031320065
2.5424999999999995 1.47164090121449 0.11777631412063672 0.11777631412063672
2.495 1.4820514410228949 0.12144436086661305 0.12144436086661305
2.4475 1.4929170554255595 0.12528545398351001 0.12528545398351001
2.4000000000000004 1.504267470016574 0.1293106170718664 0.1293106170718664
2.3525 1.5161350042422133 0.13353176594941985 0.13353176594941985
2.3049999999999997 1.528554856270483 0.1379617971110598 0.1379617971110598
2.2575000000000003 1.541565425816818 0.14261468668314087 0.14261468668314087
2.21 1.55520868091065 0.1475056013382176 0.1475056013382176
2.1624999999999996 1.569530575684215 0.1526510228746179 0.1526510228746179
2.115 1.584581527592035 0.15806888844830458 0.15806888844830458
2.0675 1.6004169640817323 0.16377874878174187 0.16377874878174187
2.0199999999999996 1.6170979507038568 0.16980194707787807 0.16980194707787807
1.9725000000000001 1.6346919150587556 0.17616182185173332 0.17616182185173332
1.9250000000000007 1.6532734839457315 0.18288393747605514 0.18288393747605514
1.8774999999999995 1.6729254547499994 0.1899963469445896 0.1899963469445896
1.83 1.6937399266657305 0.19752989221650408 0.19752989221650408
1.7825000000000006 1.7158196230557379 0.20551854855640925 0.20551854855640925
1.7349999999999994 1.7392794434141825 0.21399982057501246 0.21399982057501246
1.6875 1.7642482924562293 0.2230151992686823 0.2230151992686823
1.6400000000000006 1.7908712453774667 0.2326106913339188 0.2326106913339188
1.5924999999999994 1.8193121230696017 0.24283743450197381 0.24283743450197381
1.545 1.84975657007921 0.2537524157407985 0.2537524157407985
1.4975000000000005 1.8824157527583802 0.2654193130935384 0.2654193130935384
1.4499999999999993 1.9175308273115825 0.27790948691592077 0.27790948691592077
1.4024999999999999 1.9553783699714082 0.29130315267806417 0.29130315267806417
1.3550000000000004 1.9962770180908431 0.3056907757713378 0.3056907757713378
1.3074999999999992 2.040595646835675 0.32117473954341497 0.32117473954341497
1.2599999999999998 2.0887635090058363 0.3378713519579877 0.3378713519579877
1.2125000000000004 2.1412829063310483 0.35591327508100923 0.35591327508100923
1.1649999999999991 2.198745155546981 0.3754524867974752 0.3754524867974752
1.1174999999999997 2.261850885719596 0.3966639183018235 0.3966639183018235
1.0700000000000003 2.331436090957132 0.41974995768648804 0.41974995768648804
1.022499999999999 2.4085059205080714 0.4449460748607578 0.4449460748607578
0.9749999999999996 2.494279003131101 0.4725279143083888 0.4725279143083888
0.9275000000000002 2.5902463125163235 0.5028203324363719 0.5028203324363719
0.879999999999999 2.6982504091107953 0.5362090450925663 0.5362090450925663
0.8324999999999996 2.820593711607447 0.5731558293863372 0.5731558293863372
0.7850000000000001 2.960188887774817 0.6142186427992149 0.6142186427992149
0.7375000000000007 3.120771606004613 0.6600786658081855 0.6600786658081855
0.6899999999999995 3.3072077248712146 0.7115772854755436 0.7115772854755436
0.6425000000000001 3.525947170629522 0.7697676693712374 0.7697676693712374
0.5950000000000006 3.7857122915509573 0.8359882914622205 0.8359882914622205
0.5474999999999994 4.098573487632927 0.9119704325709683 0.9119704325709683
0.5 4.481689019564004 1.0000000113292244 1.0000000113292244
