6.900000e-01 0.000000e+00 3.361509e+00 3.361545e+00 -6.293802e-01 0.000000e+00
6.900000e-01 7.853982e-02 3.361509e+00 3.361545e+00 -6.293802e-01 0.000000e+00
6.900000e-01 1.570796e-01 3.361509e+00 3.361545e+00 -6.293802e-01 0.000000e+00
6.900000e-01 2.356194e-01 3.361509e+00 3.361545e+00 -6.293802e-01 0.000000e+00
6.900000e-01 3.141593e-01 3.361509e+00 3.361545e+00 -6.293802e-01 0.000000e+00
6.900000e-01 3.926991e-01 3.361509e+00 3.361545e+00 -6.293802e-01 0.000000e+00
6.900000e-01 4.712389e-01 3.361509e+00 3.361545e+00 -6.293802e-01 0.000000e+00
6.900000e-01 5.497787e-01 3.361509e+00 3.361545e+00 -6.293802e-01 0.000000e+00
6.900000e-01 6.283185e-01 3.361509e+00 3.361545e+00 -6.293802e-01 0.000000e+00
6.900000e-01 7.068583e-01 3.361509e+00 3.361545e+00 -6.293802e-01 0.000000e+00
6.900000e-01 7.853982e-01 3.361509e+00 3.361545e+00 -6.293802e-01 0.000000e+00
6.900000e-01 8.639380e-01 3.361509e+00 3.361545e+00 -6.293802e-01 0.000000e+00
6.900000e-01 9.424778e-01 3.361509e+00 3.361545e+00 -6.293802e-01 0.000000e+00
6.900000e-01 1.021018e+00 3.361509e+00 3.361545e+00 -6.293802e-01 0.000000e+00
6.900000e-01 1.099557e+00 3.361509e+00 3.361545e+00 -6.293802e-01 0.000000e+00
6.900000e-01 1.178097e+00 3.361509e+00 3.361545e+00 -6.293802e-01 0.000000e+00
6.900000e-01 1.256637e+00 3.361509e+00 3.361545e+00 -6.293802e-01 0.000000e+00
6.900000e-01 1.335177e+00 3.361509e+00 3.361545e+00 -6.293802e-01 0.000000e+00
6.900000e-01 1.413717e+00 3.361509e+00 3.361545e+00 -6.293802e-01 0.000000e+00
6.900000e-01 1.492257e+00 3.361509e+00 3.361545e+00 -6.293802e-01 0.000000e+00
6.900000e-01 1.570796e+00 3.361509e+00 3.361545e+00 -6.293802e-01 0.000000e+00
8.800000e-01 0.000000e+00 2.768888e+00 2.768912e+00 -5.213844e-01 0.000000e+00
8.800000e-01 7.853982e-02 2.768888e+00 2.768912e+00 -5.213844e-01 0.000000e+00
8.800000e-01 1.570796e-01 2.768888e+00 2.768912e+00 -5.213844e-01 0.000000e+00
8.800000e-01 2.356194e-01 2.768888e+00 2.768912e+00 -5.213844e-01 0.000000e+00
8.800000e-01 3.141593e-01 2.768888e+00 2.768912e+00 -5.213844e-01 0.000000e+00
8.800000e-01 3.926991e-01 2.768888e+00 2.768912e+00 -5.213844e-01 0.000000e+00
8.800000e-01 4.712389e-01 2.768888e+00 2.768912e+00 -5.213844e-01 0.000000e+00
8.800000e-01 5.497787e-01 2.768888e+00 2.768912e+00 -5.213844e-01 0.000000e+00
8.800000e-01 6.283185e-01 2.768888e+00 2.768912e+00 -5.213844e-01 0.000000e+00
8.800000e-01 7.068583e-01 2.768888e+00 2.768912e+00 -5.213844e-01 0.000000e+00
8.800000e-01 7.853982e-01 2.768888e+00 2.768912e+00 -5.213844e-01 0.000000e+00
8.800000e-01 8.639380e-01 2.768888e+00 2.768912e+00 -5.213844e-01 0.000000e+00
8.800000e-01 9.424778e-01 2.768888e+00 2.768912e+00 -5.213844e-01 0.000000e+00
8.800000e-01 1.021018e+00 2.768888e+00 2.768912e+00 -5.213844e-01 0.000000e+00
8.800000e-01 1.099557e+00 2.768888e+00 2.768912e+00 -5.213844e-01 0.000000e+00
8.800000e-01 1.178097e+00 2.768888e+00 2.768912e+00 -5.213844e-01 0.000000e+00
8.800000e-01 1.256637e+00 2.768888e+00 2.768912e+00 -5.213844e-01 0.000000e+00
8.800000e-01 1.335177e+00 2.768888e+00 2.768912e+00 -5.213844e-01 0.000000e+00
8.800000e-01 1.413717e+00 2.768888e+00 2.768912e+00 -5.213844e-01 0.000000e+00
8.800000e-01 1.492257e+00 2.768888e+00 2.768912e+00 -5.213844e-01 0.000000e+00
8.800000e-01 1.570796e+00 2.768888e+00 2.768912e+00 -5.213844e-01 0.000000e+00
1.070000e+00 0.000000e+00 2.343984e+00 2.344001e+00 -4.041857e-01 0.000000e+00
1.070000e+00 7.853982e-02 2.343984e+00 2.344001e+00 -4.041857e-01 0.000000e+00
1.070000e+00 1.570796e-01 2.343984e+00 2.344001e+00 -4.041857e-01 0.000000e+00
1.070000e+00 2.356194e-01 2.343984e+00 2.344001e+00 -4.041857e-01 0.000000e+00
1.070000e+00 3.141593e-01 2.343984e+00 2.344001e+00 -4.041857e-01 0.000000e+00
1.070000e+00 3.926991e-01 2.343984e+00 2.344001e+00 -4.041857e-01 0.000000e+00
1.070000e+00 4.712389e-01 2.343984e+00 2.344001e+00 -4.041857e-01 0.000000e+00
1.070000e+00 5.497787e-01 2.343984e+00 2.344001e+00 -4.041857e-01 0.000000e+00
1.070000e+00 6.283185e-01 2.343984e+00 2.344001e+00 -4.041857e-01 0.000000e+00
1.070000e+00 7.068583e-01 2.343984e+00 2.344001e+00 -4.041857e-01 0.000000e+00
1.070000e+00 7.853982e-01 2.343984e+00 2.344001e+00 -4.041857e-01 0.000000e+00
1.070000e+00 8.639380e-01 2.343984e+00 2.344001e+00 -4.041857e-01 0.000000e+00
1.070000e+00 9.424778e-01 2.343984e+00 2.344001e+00 -4.041857e-01 0.000000e+00
1.070000e+00 1.021018e+00 2.343984e+00 2.344001e+00 -4.041857e-01 0.000000e+00
1.070000e+00 1.099557e+00 2.343984e+00 2.344001e+00 -4.041857e-01 0.000000e+00
1.070000e+00 1.178097e+00 2.343984e+00 2.344001e+00 -4.041857e-01 0.000000e+00
1.070000e+00 1.256637e+00 2.343984e+00 2.344001e+00 -4.041857e-01 0.000000e+00
1.070000e+00 1.335177e+00 2.343984e+00 2.344001e+00 -4.041857e-01 0.000000e+00
1.070000e+00 1.413717e+00 2.343984e+00 2.344001e+00 -4.041857e-01 0.000000e+00
1.070000e+00 1.492257e+00 2.343984e+00 2.344001e+00 -4.041857e-01 0.000000e+00
1.070000e+00 1.570796e+00 2.343984e+00 2.344001e+00 -4.041857e-01 0.000000e+00
1.260000e+00 0.000000e+00 2.099034e+00 2.099047e+00 -3.310702e-01 0.000000e+00
1.260000e+00 7.853982e-02 2.099034e+00 2.099047e+00 -3.310702e-01 0.000000e+00
1.260000e+00 1.570796e-01 2.099034e+00 2.099047e+00 -3.310702e-01 0.000000e+00
1.260000e+00 2.356194e-01 2.099034e+00 2.099047e+00 -3.310702e-01 0.000000e+00
1.260000e+00 3.141593e-01 2.099034e+00 2.099047e+00 -3.310702e-01 0.000000e+00
1.260000e+00 3.926991e-01 2.099034e+00 2.099047e+00 -3.310702e-01 0.000000e+00
1.260000e+00 4.712389e-01 2.099034e+00 2.099047e+00 -3.310702e-01 0.000000e+00
1.260000e+00 5.497787e-01 2.099034e+00 2.099047e+00 -3.310702e-01 0.000000e+00
1.260000e+00 6.283185e-01 2.099034e+00 2.099047e+00 -3.310702e-01 0.000000e+00
1.260000e+00 7.068583e-01 2.099034e+00 2.099047e+00 -3.310702e-01 0.000000e+00
1.260000e+00 7.853982e-01 2.099034e+00 2.099047e+00 -3.310702e-01 0.000000e+00
1.260000e+00 8.639380e-01 2.099034e+00 2.099047e+00 -3.310702e-01 0.000000e+00
1.260000e+00 9.424778e-01 2.099034e+00 2.099047e+00 -3.310702e-01 0.000000e+00
1.260000e+00 1.021018e+00 2.099034e+00 2.099047e+00 -3.310702e-01 0.000000e+00
1.260000e+00 1.099557e+00 2.099034e+00 2.099047e+00 -3.310702e-01 0.000000e+00
1.260000e+00 1.178097e+00 2.099034e+00 2.099047e+00 -3.310702e-01 0.000000e+00
1.260000e+00 1.256637e+00 2.099034e+00 2.099047e+00 -3.310702e-01 0.000000e+00
1.260000e+00 1.335177e+00 2.099034e+00 2.099047e+00 -3.310702e-01 0.000000e+00
1.260000e+00 1.413717e+00 2.099034e+00 2.099047e+00 -3.310702e-01 0.000000e+00
1.260000e+00 1.492257e+00 2.099034e+00 2.099047e+00 -3.310702e-01 0.000000e+00
1.260000e+00 1.570796e+00 2.099034e+00 2.099047e+00 -3.310702e-01 0.000000e+00
1.450000e+00 0.000000e+00 1.921299e+00 1.921309e+00 -2.722727e-01 0.000000e+00
1.450000e+00 7.853982e-02 1.921299e+00 1.921309e+00 -2.722727e-01 0.000000e+00
1.450000e+00 1.570796e-01 1.921299e+00 1.921309e+00 -2.722727e-01 0.000000e+00
1.450000e+00 2.356194e-01 1.921299e+00 1.921309e+00 -2.722727e-01 0.000000e+00
1.450000e+00 3.141593e-01 1.921299e+00 1.921309e+00 -2.722727e-01 0.000000e+00
1.450000e+00 3.926991e-01 1.921299e+00 1.921309e+00 -2.722727e-01 0.000000e+00
1.450000e+00 4.712389e-01 1.921299e+00 1.921309e+00 -2.722727e-01 0.000000e+00
1.450000e+00 5.497787e-01 1.921299e+00 1.921309e+00 -2.722727e-01 0.000000e+00
1.450000e+00 6.283185e-01 1.921299e+00 1.921309e+00 -2.722727e-01 0.000000e+00
1.450000e+00 7.068583e-01 1.921299e+00 1.921309e+00 -2.722727e-01 0.000000e+00
1.450000e+00 7.853982e-01 1.921299e+00 1.921309e+00 -2.722727e-01 0.000000e+00
1.450000e+00 8.639380e-01 1.921299e+00 1.921309e+00 -2.722727e-01 0.000000e+00
1.450000e+00 9.424778e-01 1.921299e+00 1.921309e+00 -2.722727e-01 0.000000e+00
1.450000e+00 1.021018e+00 1.921299e+00 1.921309e+00 -2.722727e-01 0.000000e+00
1.450000e+00 1.099557e+00 1.921299e+00 1.921309e+00 -2.722727e-01 0.000000e+00
1.450000e+00 1.178097e+00 1.921299e+00 1.921309e+00 -2.722727e-01 0.000000e+00
1.450000e+00 1.256637e+00 1.921299e+00 1.921309e+00 -2.722727e-01 0.000000e+00
1.450000e+00 1.335177e+00 1.921299e+00 1.921309e+00 -2.722727e-01 0.000000e+00
1.450000e+00 1.413717e+00 1.921299e+00 1.921309e+00 -2.722727e-01 0.000000e+00
1.450000e+00 1.492257e+00 1.921299e+00 1.921309e+00 -2.722727e-01 0.000000e+00
1.450000e+00 1.570796e+00 1.921299e+00 1.921309e+00 -2.722727e-01 0.000000e+00
1.640000e+00 0.000000e+00 1.793125e+00 1.793133e+00 -2.285341e-01 0.000000e+00
1.640000e+00 7.853982e-02 1.793125e+00 1.793133e+00 -2.285341e-01 0.000000e+00
1.640000e+00 1.570796e-01 1.793125e+00 1.793133e+00 -2.285341e-01 0.000000e+00
1.640000e+00 2.356194e-01 1.793125e+00 1.793133e+00 -2.285341e-01 0.000000e+00
1.640000e+00 3.141593e-01 1.793125e+00 1.793133e+00 -2.285341e-01 0.000000e+00
1.640000e+00 3.926991e-01 1.793125e+00 1.793133e+00 -2.285341e-01 0.000000e+00
1.640000e+00 4.712389e-01 1.793125e+00 1.793133e+00 -2.285341e-01 0.000000e+00
1.640000e+00 5.497787e-01 1.793125e+00 1.793133e+00 -2.285341e-01 0.000000e+00
1.640000e+00 6.283185e-01 1.793125e+00 1.793133e+00 -2.285341e-01 0.000000e+00
1.640000e+00 7.068583e-01 1.793125e+00 1.793133e+00 -2.285341e-01 0.000000e+00
1.640000e+00 7.853982e-01 1.793125e+00 1.793133e+00 -2.285341e-01 0.000000e+00
1.640000e+00 8.639380e-01 1.793125e+00 1.793133e+00 -2.285341e-01 0.000000e+00
1.640000e+00 9.424778e-01 1.793125e+00 1.793133e+00 -2.285341e-01 0.000000e+00
1.640000e+00 1.021018e+00 1.793125e+00 1.793133e+00 -2.285341e-01 0.000000e+00
1.640000e+00 1.099557e+00 1.793125e+00 1.793133e+00 -2.285341e-01 0.000000e+00
1.640000e+00 1.178097e+00 1.793125e+00 1.793133e+00 -2.285341e-01 0.000000e+00
1.640000e+00 1.256637e+00 1.793125e+00 1.793133e+00 -2.285341e-01 0.000000e+00
1.640000e+00 1.335177e+00 1.793125e+00 1.793133e+00 -2.285341e-01 0.000000e+00
1.640000e+00 1.413717e+00 1.793125e+00 1.793133e+00 -2.285341e-01 0.000000e+00
1.640000e+00 1.492257e+00 1.793125e+00 1.793133e+00 -2.285341e-01 0.000000e+00
1.640000e+00 1.570796e+00 1.793125e+00 1.793133e+00 -2.285341e-01 0.000000e+00
1.830000e+00 0.000000e+00 1.694709e+00 1.694716e+00 -1.941412e-01 0.000000e+00
1.830000e+00 7.853982e-02 1.694709e+00 1.694716e+00 -1.941412e-01 0.000000e+00
1.830000e+00 1.570796e-01 1.694709e+00 1.694716e+00 -1.941412e-01 0.000000e+00
1.830000e+00 2.356194e-01 1.694709e+00 1.694716e+00 -1.941412e-01 0.000000e+00
1.830000e+00 3.141593e-01 1.694709e+00 1.694716e+00 -1.941412e-01 0.000000e+00
1.830000e+00 3.926991e-01 1.694709e+00 1.694716e+00 -1.941412e-01 0.000000e+00
1.830000e+00 4.712389e-01 1.694709e+00 1.694716e+00 -1.941412e-01 0.000000e+00
1.830000e+00 5.497787e-01 1.694709e+00 1.694716e+00 -1.941412e-01 0.000000e+00
1.830000e+00 6.283185e-01 1.694709e+00 1.694716e+00 -1.941412e-01 0.000000e+00
1.830000e+00 7.068583e-01 1.694709e+00 1.694716e+00 -1.941412e-01 0.000000e+00
1.830000e+00 7.853982e-01 1.694709e+00 1.694716e+00 -1.941412e-01 0.000000e+00
1.830000e+00 8.639380e-01 1.694709e+00 1.694716e+00 -1.941412e-01 0.000000e+00
1.830000e+00 9.424778e-01 1.694709e+00 1.694716e+00 -1.941412e-01 0.000000e+00
1.830000e+00 1.021018e+00 1.694709e+00 1.694716e+00 -1.941412e-01 0.000000e+00
1.830000e+00 1.099557e+00 1.694709e+00 1.694716e+00 -1.941412e-01 0.000000e+00
1.830000e+00 1.178097e+00 1.694709e+00 1.694716e+00 -1.941412e-01 0.000000e+00
1.830000e+00 1.256637e+00 1.694709e+00 1.694716e+00 -1.941412e-01 0.000000e+00
1.830000e+00 1.335177e+00 1.694709e+00 1.694716e+00 -1.941412e-01 0.000000e+00
1.830000e+00 1.413717e+00 1.694709e+00 1.694716e+00 -1.941412e-01 0.000000e+00
1.830000e+00 1.492257e+00 1.694709e+00 1.694716e+00 -1.941412e-01 0.000000e+00
1.830000e+00 1.570796e+00 1.694709e+00 1.694716e+00 -1.941412e-01 0.000000e+00
2.020000e+00 0.000000e+00 1.617428e+00 1.617434e+00 -1.669727e-01 0.000000e+00
2.020000e+00 7.853982e-02 1.617428e+00 1.617434e+00 -1.669727e-01 0.000000e+00
2.020000e+00 1.570796e-01 1.617428e+00 1.617434e+00 -1.669727e-01 0.000000e+00
2.020000e+00 2.356194e-01 1.617428e+00 1.617434e+00 -1.669727e-01 0.000000e+00
2.020000e+00 3.141593e-01 1.617428e+00 1.617434e+00 -1.669727e-01 0.000000e+00
2.020000e+00 3.926991e-01 1.617428e+00 1.617434e+00 -1.669727e-01 0.000000e+00
2.020000e+00 4.712389e-01 1.617428e+00 1.617434e+00 -1.669727e-01 0.000000e+00
2.020000e+00 5.497787e-01 1.617428e+00 1.617434e+00 -1.669727e-01 0.000000e+00
2.020000e+00 6.283185e-01 1.617428e+00 1.617434e+00 -1.669727e-01 0.000000e+00
2.020000e+00 7.068583e-01 1.617428e+00 1.617434e+00 -1.669727e-01 0.000000e+00
2.020000e+00 7.853982e-01 1.617428e+00 1.617434e+00 -1.669727e-01 0.000000e+00
2.020000e+00 8.639380e-01 1.617428e+00 1.617434e+00 -1.669727e-01 0.000000e+00
2.020000e+00 9.424778e-01 1.617428e+00 1.617434e+00 -1.669727e-01 0.000000e+00
2.020000e+00 1.021018e+00 1.617428e+00 1.617434e+00 -1.669727e-01 0.000000e+00
2.020000e+00 1.099557e+00 1.617428e+00 1.617434e+00 -1.669727e-01 0.000000e+00
2.020000e+00 1.178097e+00 1.617428e+00 1.617434e+00 -1.669727e-01 0.000000e+00
2.020000e+00 1.256637e+00 1.617428e+00 1.617434e+00 -1.669727e-01 0.000000e+00
2.020000e+00 1.335177e+00 1.617428e+00 1.617434e+00 -1.669727e-01 0.000000e+00
2.020000e+00 1.413717e+00 1.617428e+00 1.617434e+00 -1.669727e-01 0.000000e+00
2.020000e+00 1.492257e+00 1.617428e+00 1.617434e+00 -1.669727e-01 0.000000e+00
2.020000e+00 1.570796e+00 1.617428e+00 1.617434e+00 -1.669727e-01 0.000000e+00
2.210000e+00 0.000000e+00 1.555101e+00 1.555106e+00 -1.450682e-01 0.000000e+00
2.210000e+00 7.853982e-02 1.555101e+00 1.555106e+00 -1.450682e-01 0.000000e+00
2.210000e+00 1.570796e-01 1.555101e+00 1.555106e+00 -1.450682e-01 0.000000e+00
2.210000e+00 2.356194e-01 1.555101e+00 1.555106e+00 -1.450682e-01 0.000000e+00
2.210000e+00 3.141593e-01 1.555101e+00 1.555106e+00 -1.450682e-01 0.000000e+00
2.210000e+00 3.926991e-01 1.555101e+00 1.555106e+00 -1.450682e-01 0.000000e+00
2.210000e+00 4.712389e-01 1.555101e+00 1.555106e+00 -1.450682e-01 0.000000e+00
2.210000e+00 5.497787e-01 1.555101e+00 1.555106e+00 -1.450682e-01 0.000000e+00
2.210000e+00 6.283185e-01 1.555101e+00 1.555106e+00 -1.450682e-01 0.000000e+00
2.210000e+00 7.068583e-01 1.555101e+00 1.555106e+00 -1.450682e-01 0.000000e+00
2.210000e+00 7.853982e-01 1.555101e+00 1.555106e+00 -1.450682e-01 0.000000e+00
2.210000e+00 8.639380e-01 1.555101e+00 1.555106e+00 -1.450682e-01 0.000000e+00
2.210000e+00 9.424778e-01 1.555101e+00 1.555106e+00 -1.450682e-01 0.000000e+00
2.210000e+00 1.021018e+00 1.555101e+00 1.555106e+00 -1.450682e-01 0.000000e+00
2.210000e+00 1.099557e+00 1.555101e+00 1.555106e+00 -1.450682e-01 0.000000e+00
2.210000e+00 1.178097e+00 1.555101e+00 1.555106e+00 -1.450682e-01 0.000000e+00
2.210000e+00 1.256637e+00 1.555101e+00 1.555106e+00 -1.450682e-01 0.000000e+00
2.210000e+00 1.335177e+00 1.555101e+00 1.555106e+00 -1.450682e-01 0.000000e+00
2.210000e+00 1.413717e+00 1.555101e+00 1.555106e+00 -1.450682e-01 0.000000e+00
2.210000e+00 1.492257e+00 1.555101e+00 1.555106e+00 -1.450682e-01 0.000000e+00
2.210000e+00 1.570796e+00 1.555101e+00 1.555106e+00 -1.450682e-01 0.000000e+00
2.400000e+00 0.000000e+00 1.503878e+00 1.503883e+00 -1.271847e-01 0.000000e+00
2.400000e+00 7.853982e-02 1.503878e+00 1.503883e+00 -1.271847e-01 0.000000e+00
2.400000e+00 1.570796e-01 1.503878e+00 1.503883e+00 -1.271847e-01 0.000000e+00
2.400000e+00 2.356194e-01 1.503878e+00 1.503883e+00 -1.271847e-01 0.000000e+00
2.400000e+00 3.141593e-01 1.503878e+00 1.503883e+00 -1.271847e-01 0.000000e+00
2.400000e+00 3.926991e-01 1.503878e+00 1.503883e+00 -1.271847e-01 0.000000e+00
2.400000e+00 4.712389e-01 1.503878e+00 1.503883e+00 -1.271847e-01 0.000000e+00
2.400000e+00 5.497787e-01 1.503878e+00 1.503883e+00 -1.271847e-01 0.000000e+00
2.400000e+00 6.283185e-01 1.503878e+00 1.503883e+00 -1.271847e-01 0.000000e+00
2.400000e+00 7.068583e-01 1.503878e+00 1.503883e+00 -1.271847e-01 0.000000e+00
2.400000e+00 7.853982e-01 1.503878e+00 1.503883e+00 -1.271847e-01 0.000000e+00
2.400000e+00 8.639380e-01 1.503878e+00 1.503883e+00 -1.271847e-01 0.000000e+00
2.400000e+00 9.424778e-01 1.503878e+00 1.503883e+00 -1.271847e-01 0.000000e+00
2.400000e+00 1.021018e+00 1.503878e+00 1.503883e+00 -1.271847e-01 0.000000e+00
2.400000e+00 1.099557e+00 1.503878e+00 1.503883e+00 -1.271847e-01 0.000000e+00
2.400000e+00 1.178097e+00 1.503878e+00 1.503883e+00 -1.271847e-01 0.000000e+00
2.400000e+00 1.256637e+00 1.503878e+00 1.503883e+00 -1.271847e-01 0.000000e+00
2.400000e+00 1.335177e+00 1.503878e+00 1.503883e+00 -1.271847e-01 0.000000e+00
2.400000e+00 1.413717e+00 1.503878e+00 1.503883e+00 -1.271847e-01 0.000000e+00
2.400000e+00 1.492257e+00 1.503878e+00 1.503883e+00 -1.271847e-01 0.000000e+00
2.400000e+00 1.570796e+00 1.503878e+00 1.503883e+00 -1.271847e-01 0.000000e+00
2.590000e+00 0.000000e+00 1.461074e+00 1.461078e+00 -1.123938e-01 0.000000e+00
2.590000e+00 7.853982e-02 1.461074e+00 1.461078e+00 -1.123938e-01 0.000000e+00
2.590000e+00 1.570796e-01 1.461074e+00 1.461078e+00 -1.123938e-01 0.000000e+00
2.590000e+00 2.356194e-01 1.461074e+00 1.461078e+00 -1.123938e-01 0.000000e+00
2.590000e+00 3.141593e-01 1.461074e+00 1.461078e+00 -1.123938e-01 0.000000e+00
2.590000e+00 3.926991e-01 1.461074e+00 1.461078e+00 -1.123938e-01 0.000000e+00
2.590000e+00 4.712389e-01 1.461074e+00 1.461078e+00 -1.123938e-01 0.000000e+00
2.590000e+00 5.497787e-01 1.461074e+00 1.461078e+00 -1.123938e-01 0.000000e+00
2.590000e+00 6.283185e-01 1.461074e+00 1.461078e+00 -1.123938e-01 0.000000e+00
2.590000e+00 7.068583e-01 1.461074e+00 1.461078e+00 -1.123938e-01 0.000000e+00
2.590000e+00 7.853982e-01 1.461074e+00 1.461078e+00 -1.123938e-01 0.000000e+00
2.590000e+00 8.639380e-01 1.461074e+00 1.461078e+00 -1.123938e-01 0.000000e+00
2.590000e+00 9.424778e-01 1.461074e+00 1.461078e+00 -1.123938e-01 0.000000e+00
2.590000e+00 1.021018e+00 1.461074e+00 1.461078e+00 -1.123938e-01 0.000000e+00
2.590000e+00 1.099557e+00 1.461074e+00 1.461078e+00 -1.123938e-01 0.000000e+00
2.590000e+00 1.178097e+00 1.461074e+00 1.461078e+00 -1.123938e-01 0.000000e+00
2.590000e+00 1.256637e+00 1.461074e+00 1.461078e+00 -1.123938e-01 0.000000e+00
2.590000e+00 1.335177e+00 1.461074e+00 1.461078e+00 -1.123938e-01 0.000000e+00
2.590000e+00 1.413717e+00 1.461074e+00 1.461078e+00 -1.123938e-01 0.000000e+00
2.590000e+00 1.492257e+00 1.461074e+00 1.461078e+00 -1.123938e-01 0.000000e+00
2.590000e+00 1.570796e+00 1.461074e+00 1.461078e+00 -1.123938e-01 0.000000e+00
2.780000e+00 0.000000e+00 1.424807e+00 1.424811e+00 -1.000267e-01 0.000000e+00
2.780000e+00 7.853982e-02 1.424807e+00 1.424811e+00 -1.000267e-01 0.000000e+00
2.780000e+00 1.570796e-01 1.424807e+00 1.424811e+00 -1.000267e-01 0.000000e+00
2.780000e+00 2.356194e-01 1.424807e+00 1.424811e+00 -1.000267e-01 0.000000e+00
2.780000e+00 3.141593e-01 1.424807e+00 1.424811e+00 -1.000267e-01 0.000000e+00
2.780000e+00 3.926991e-01 1.424807e+00 1.424811e+00 -1.000267e-01 0.000000e+00
2.780000e+00 4.712389e-01 1.424807e+00 1.424811e+00 -1.000267e-01 0.000000e+00
2.780000e+00 5.497787e-01 1.424807e+00 1.424811e+00 -1.000267e-01 0.000000e+00
2.780000e+00 6.283185e-01 1.424807e+00 1.424811e+00 -1.000267e-01 0.000000e+00
2.780000e+00 7.068583e-01 1.424807e+00 1.424811e+00 -1.000267e-01 0.000000e+00
2.780000e+00 7.853982e-01 1.424807e+00 1.424811e+00 -1.000267e-01 0.000000e+00
2.780000e+00 8.639380e-01 1.424807e+00 1.424811e+00 -1.000267e-01 0.000000e+00
2.780000e+00 9.424778e-01 1.424807e+00 1.424811e+00 -1.000267e-01 0.000000e+00
2.780000e+00 1.021018e+00 1.424807e+00 1.424811e+00 -1.000267e-01 0.000000e+00
2.780000e+00 1.099557e+00 1.424807e+00 1.424811e+00 -1.000267e-01 0.000000e+00
2.780000e+00 1.178097e+00 1.424807e+00 1.424811e+00 -1.000267e-01 0.000000e+00
2.780000e+00 1.256637e+00 1.424807e+00 1.424811e+00 -1.000267e-01 0.000000e+00
2.780000e+00 1.335177e+00 1.424807e+00 1.424811e+00 -1.000267e-01 0.000000e+00
2.780000e+00 1.413717e+00 1.424807e+00 1.424811e+00 -1.000267e-01 0.000000e+00
2.780000e+00 1.492257e+00 1.424807e+00 1.424811e+00 -1.000267e-01 0.000000e+00
2.780000e+00 1.570796e+00 1.424807e+00 1.424811e+00 -1.000267e-01 0.000000e+00
2.970000e+00 0.000000e+00 1.393707e+00 1.393710e+00 -8.958324e-02 0.000000e+00
2.970000e+00 7.853982e-02 1.393707e+00 1.393710e+00 -8.958324e-02 0.000000e+00
2.970000e+00 1.570796e-01 1.393707e+00 1.393710e+00 -8.958324e-02 0.000000e+00
2.970000e+00 2.356194e-01 1.393707e+00 1.393710e+00 -8.958324e-02 0.000000e+00
2.970000e+00 3.141593e-01 1.393707e+00 1.393710e+00 -8.958324e-02 0.000000e+00
2.970000e+00 3.926991e-01 1.393707e+00 1.393710e+00 -8.958324e-02 0.000000e+00
2.970000e+00 4.712389e-01 1.393707e+00 1.393710e+00 -8.958324e-02 0.000000e+00
2.970000e+00 5.497787e-01 1.393707e+00 1.393710e+00 -8.958324e-02 0.000000e+00
2.970000e+00 6.283185e-01 1.393707e+00 1.393710e+00 -8.958324e-02 0.000000e+00
2.970000e+00 7.068583e-01 1.393707e+00 1.393710e+00 -8.958324e-02 0.000000e+00
2.970000e+00 7.853982e-01 1.393707e+00 1.393710e+00 -8.958324e-02 0.000000e+00
2.970000e+00 8.639380e-01 1.393707e+00 1.393710e+00 -8.958324e-02 0.000000e+00
2.970000e+00 9.424778e-01 1.393707e+00 1.393710e+00 -8.958324e-02 0.000000e+00
2.970000e+00 1.021018e+00 1.393707e+00 1.393710e+00 -8.958324e-02 0.000000e+00
2.970000e+00 1.099557e+00 1.393707e+00 1.393710e+00 -8.958324e-02 0.000000e+00
2.970000e+00 1.178097e+00 1.393707e+00 1.393710e+00 -8.958324e-02 0.000000e+00
2.970000e+00 1.256637e+00 1.393707e+00 1.393710e+00 -8.958324e-02 0.000000e+00
2.970000e+00 1.335177e+00 1.393707e+00 1.393710e+00 -8.958324e-02 0.000000e+00
2.970000e+00 1.413717e+00 1.393707e+00 1.393710e+00 -8.958324e-02 0.000000e+00
2.970000e+00 1.492257e+00 1.393707e+00 1.393710e+00 -8.958324e-02 0.000000e+00
2.970000e+00 1.570796e+00 1.393707e+00 1.393710e+00 -8.958324e-02 0.000000e+00
3.160000e+00 0.000000e+00 1.366759e+00 1.366762e+00 -8.068606e-02 0.000000e+00
3.160000e+00 7.853982e-02 1.366759e+00 1.366762e+00 -8.068606e-02 0.000000e+00
3.160000e+00 1.570796e-01 1.366759e+00 1.366762e+00 -8.068606e-02 0.000000e+00
3.160000e+00 2.356194e-01 1.366759e+00 1.366762e+00 -8.068606e-02 0.000000e+00
3.160000e+00 3.141593e-01 1.366759e+00 1.366762e+00 -8.068606e-02 0.000000e+00
3.160000e+00 3.926991e-01 1.366759e+00 1.366762e+00 -8.068606e-02 0.000000e+00
3.160000e+00 4.712389e-01 1.366759e+00 1.366762e+00 -8.068606e-02 0.000000e+00
3.160000e+00 5.497787e-01 1.366759e+00 1.366762e+00 -8.068606e-02 0.000000e+00
3.160000e+00 6.283185e-01 1.366759e+00 1.366762e+00 -8.068606e-02 0.000000e+00
3.160000e+00 7.068583e-01 1.366759e+00 1.366762e+00 -8.068606e-02 0.000000e+00
3.160000e+00 7.853982e-01 1.366759e+00 1.366762e+00 -8.068606e-02 0.000000e+00
3.160000e+00 8.639380e-01 1.366759e+00 1.366762e+00 -8.068606e-02 0.000000e+00
3.160000e+00 9.424778e-01 1.366759e+00 1.366762e+00 -8.068606e-02 0.000000e+00
3.160000e+00 1.021018e+00 1.366759e+00 1.366762e+00 -8.068606e-02 0.000000e+00
3.160000e+00 1.099557e+00 1.366759e+00 1.366762e+00 -8.068606e-02 0.000000e+00
3.160000e+00 1.178097e+00 1.366759e+00 1.366762e+00 -8.068606e-02 0.000000e+00
3.160000e+00 1.256637e+00 1.366759e+00 1.366762e+00 -8.068606e-02 0.000000e+00
3.160000e+00 1.335177e+00 1.366759e+00 1.366762e+00 -8.068606e-02 0.000000e+00
3.160000e+00 1.413717e+00 1.366759e+00 1.366762e+00 -8.068606e-02 0.000000e+00
3.160000e+00 1.492257e+00 1.366759e+00 1.366762e+00 -8.068606e-02 0.000000e+00
3.160000e+00 1.570796e+00 1.366759e+00 1.366762e+00 -8.068606e-02 0.000000e+00
3.350000e+00 0.000000e+00 1.343196e+00 1.343199e+00 -7.304540e-02 0.000000e+00
3.350000e+00 7.853982e-02 1.343196e+00 1.343199e+00 -7.304540e-02 0.000000e+00
3.350000e+00 1.570796e-01 1.343196e+00 1.343199e+00 -7.304540e-02 0.000000e+00
3.350000e+00 2.356194e-01 1.343196e+00 1.343199e+00 -7.304540e-02 0.000000e+00
3.350000e+00 3.141593e-01 1.343196e+00 1.343199e+00 -7.304540e-02 0.000000e+00
3.350000e+00 3.926991e-01 1.343196e+00 1.343199e+00 -7.304540e-02 0.000000e+00
3.350000e+00 4.712389e-01 1.343196e+00 1.343199e+00 -7.304540e-02 0.000000e+00
3.350000e+00 5.497787e-01 1.343196e+00 1.343199e+00 -7.304540e-02 0.000000e+00
3.350000e+00 6.283185e-01 1.343196e+00 1.343199e+00 -7.304540e-02 0.000000e+00
3.350000e+00 7.068583e-01 1.343196e+00 1.343199e+00 -7.304540e-02 0.000000e+00
3.350000e+00 7.853982e-01 1.343196e+00 1.343199e+00 -7.304540e-02 0.000000e+00
3.350000e+00 8.639380e-01 1.343196e+00 1.343199e+00 -7.304540e-02 0.000000e+00
3.350000e+00 9.424778e-01 1.343196e+00 1.343199e+00 -7.304540e-02 0.000000e+00
3.350000e+00 1.021018e+00 1.343196e+00 1.343199e+00 -7.304540e-02 0.000000e+00
3.350000e+00 1.099557e+00 1.343196e+00 1.343199e+00 -7.304540e-02 0.000000e+00
3.350000e+00 1.178097e+00 1.343196e+00 1.343199e+00 -7.304540e-02 0.000000e+00
3.350000e+00 1.256637e+00 1.343196e+00 1.343199e+00 -7.304540e-02 0.000000e+00
3.350000e+00 1.335177e+00 1.343196e+00 1.343199e+00 -7.304540e-02 0.000000e+00
3.350000e+00 1.413717e+00 1.343196e+00 1.343199e+00 -7.304540e-02 0.000000e+00
3.350000e+00 1.492257e+00 1.343196e+00 1.343199e+00 -7.304540e-02 0.000000e+00
3.350000e+00 1.570796e+00 1.343196e+00 1.343199e+00 -7.304540e-02 0.000000e+00
3.540000e+00 0.000000e+00 1.322425e+00 1.322427e+00 -6.643636e-02 0.000000e+00
3.540000e+00 7.853982e-02 1.322425e+00 1.322427e+00 -6.643636e-02 0.000000e+00
3.540000e+00 1.570796e-01 1.322425e+00 1.322427e+00 -6.643636e-02 0.000000e+00
3.540000e+00 2.356194e-01 1.322425e+00 1.322427e+00 -6.643636e-02 0.000000e+00
3.540000e+00 3.141593e-01 1.322425e+00 1.322427e+00 -6.643636e-02 0.000000e+00
3.540000e+00 3.926991e-01 1.322425e+00 1.322427e+00 -6.643636e-02 0.000000e+00
3.540000e+00 4.712389e-01 1.322425e+00 1.322427e+00 -6.643636e-02 0.000000e+00
3.540000e+00 5.497787e-01 1.322425e+00 1.322427e+00 -6.643636e-02 0.000000e+00
3.540000e+00 6.283185e-01 1.322425e+00 1.322427e+00 -6.643636e-02 0.000000e+00
3.540000e+00 7.068583e-01 1.322425e+00 1.322427e+00 -6.643636e-02 0.000000e+00
3.540000e+00 7.853982e-01 1.322425e+00 1.322427e+00 -6.643636e-02 0.000000e+00
3.540000e+00 8.639380e-01 1.322425e+00 1.322427e+00 -6.643636e-02 0.000000e+00
3.540000e+00 9.424778e-01 1.322425e+00 1.322427e+00 -6.643636e-02 0.000000e+00
3.540000e+00 1.021018e+00 1.322425e+00 1.322427e+00 -6.643636e-02 0.000000e+00
3.540000e+00 1.099557e+00 1.322425e+00 1.322427e+00 -6.643636e-02 0.000000e+00
3.540000e+00 1.178097e+00 1.322425e+00 1.322427e+00 -6.643636e-02 0.000000e+00
3.540000e+00 1.256637e+00 1.322425e+00 1.322427e+00 -6.643636e-02 0.000000e+00
3.540000e+00 1.335177e+00 1.322425e+00 1.322427e+00 -6.643636e-02 0.000000e+00
3.540000e+00 1.413717e+00 1.322425e+00 1.322427e+00 -6.643636e-02 0.000000e+00
3.540000e+00 1.492257e+00 1.322425e+00 1.322427e+00 -6.643636e-02 0.000000e+00
3.540000e+00 1.570796e+00 1.322425e+00 1.322427e+00 -6.643636e-02 0.000000e+00
3.730000e+00 0.000000e+00 1.303984e+00 1.303986e+00 -6.068195e-02 0.000000e+00
3.730000e+00 7.853982e-02 1.303984e+00 1.303986e+00 -6.068195e-02 0.000000e+00
3.730000e+00 1.570796e-01 1.303984e+00 1.303986e+00 -6.068195e-02 0.000000e+00
3.730000e+00 2.356194e-01 1.303984e+00 1.303986e+00 -6.068195e-02 0.000000e+00
3.730000e+00 3.141593e-01 1.303984e+00 1.303986e+00 -6.068195e-02 0.000000e+00
3.730000e+00 3.926991e-01 1.303984e+00 1.303986e+00 -6.068195e-02 0.000000e+00
3.730000e+00 4.712389e-01 1.303984e+00 1.303986e+00 -6.068195e-02 0.000000e+00
3.730000e+00 5.497787e-01 1.303984e+00 1.303986e+00 -6.068195e-02 0.000000e+00
3.730000e+00 6.283185e-01 1.303984e+00 1.303986e+00 -6.068195e-02 0.000000e+00
3.730000e+00 7.068583e-01 1.303984e+00 1.303986e+00 -6.068195e-02 0.000000e+00
3.730000e+00 7.853982e-01 1.303984e+00 1.303986e+00 -6.068195e-02 0.000000e+00
3.730000e+00 8.639380e-01 1.303984e+00 1.303986e+00 -6.068195e-02 0.000000e+00
3.730000e+00 9.424778e-01 1.303984e+00 1.303986e+00 -6.068195e-02 0.000000e+00
3.730000e+00 1.021018e+00 1.303984e+00 1.303986e+00 -6.068195e-02 0.000000e+00
3.730000e+00 1.099557e+00 1.303984e+00 1.303986e+00 -6.068195e-02 0.000000e+00
3.730000e+00 1.178097e+00 1.303984e+00 1.303986e+00 -6.068195e-02 0.000000e+00
3.730000e+00 1.256637e+00 1.303984e+00 1.303986e+00 -6.068195e-02 0.000000e+00
3.730000e+00 1.335177e+00 1.303984e+00 1.303986e+00 -6.068195e-02 0.000000e+00
3.730000e+00 1.413717e+00 1.303984e+00 1.303986e+00 -6.068195e-02 0.000000e+00
3.730000e+00 1.492257e+00 1.303984e+00 1.303986e+00 -6.068195e-02 0.000000e+00
3.730000e+00 1.570796e+00 1.303984e+00 1.303986e+00 -6.068195e-02 0.000000e+00
3.920000e+00 0.000000e+00 1.287505e+00 1.287507e+00 -5.564139e-02 0.000000e+00
3.920000e+00 7.853982e-02 1.287505e+00 1.287507e+00 -5.564139e-02 0.000000e+00
3.920000e+00 1.570796e-01 1.287505e+00 1.287507e+00 -5.564139e-02 0.000000e+00
3.920000e+00 2.356194e-01 1.287505e+00 1.287507e+00 -5.564139e-02 0.000000e+00
3.920000e+00 3.141593e-01 1.287505e+00 1.287507e+00 -5.564139e-02 0.000000e+00
3.920000e+00 3.926991e-01 1.287505e+00 1.287507e+00 -5.564139e-02 0.000000e+00
3.920000e+00 4.712389e-01 1.287505e+00 1.287507e+00 -5.564139e-02 0.000000e+00
3.920000e+00 5.497787e-01 1.287505e+00 1.287507e+00 -5.564139e-02 0.000000e+00
3.920000e+00 6.283185e-01 1.287505e+00 1.287507e+00 -5.564139e-02 0.000000e+00
3.920000e+00 7.068583e-01 1.287505e+00 1.287507e+00 -5.564139e-02 0.000000e+00
3.920000e+00 7.853982e-01 1.287505e+00 1.287507e+00 -5.564139e-02 0.000000e+00
3.920000e+00 8.639380e-01 1.287505e+00 1.287507e+00 -5.564139e-02 0.000000e+00
3.920000e+00 9.424778e-01 1.287505e+00 1.287507e+00 -5.564139e-02 0.000000e+00
3.920000e+00 1.021018e+00 1.287505e+00 1.287507e+00 -5.564139e-02 0.000000e+00
3.920000e+00 1.099557e+00 1.287505e+00 1.287507e+00 -5.564139e-02 0.000000e+00
3.920000e+00 1.178097e+00 1.287505e+00 1.287507e+00 -5.564139e-02 0.000000e+00
3.920000e+00 1.256637e+00 1.287505e+00 1.287507e+00 -5.564139e-02 0.000000e+00
3.920000e+00 1.335177e+00 1.287505e+00 1.287507e+00 -5.564139e-02 0.000000e+00
3.920000e+00 1.413717e+00 1.287505e+00 1.287507e+00 -5.564139e-02 0.000000e+00
3.920000e+00 1.492257e+00 1.287505e+00 1.287507e+00 -5.564139e-02 0.000000e+00
3.920000e+00 1.570796e+00 1.287505e+00 1.287507e+00 -5.564139e-02 0.000000e+00
4.110000e+00 0.000000e+00 1.272696e+00 1.272698e+00 -5.120168e-02 0.000000e+00
4.110000e+00 7.853982e-02 1.272696e+00 1.272698e+00 -5.120168e-02 0.000000e+00
4.110000e+00 1.570796e-01 1.272696e+00 1.272698e+00 -5.120168e-02 0.000000e+00
4.110000e+00 2.356194e-01 1.272696e+00 1.272698e+00 -5.120168e-02 0.000000e+00
4.110000e+00 3.141593e-01 1.272696e+00 1.272698e+00 -5.120168e-02 0.000000e+00
4.110000e+00 3.926991e-01 1.272696e+00 1.272698e+00 -5.120168e-02 0.000000e+00
4.110000e+00 4.712389e-01 1.272696e+00 1.272698e+00 -5.120168e-02 0.000000e+00
4.110000e+00 5.497787e-01 1.272696e+00 1.272698e+00 -5.120168e-02 0.000000e+00
4.110000e+00 6.283185e-01 1.272696e+00 1.272698e+00 -5.120168e-02 0.000000e+00
4.110000e+00 7.068583e-01 1.272696e+00 1.272698e+00 -5.120168e-02 0.000000e+00
4.110000e+00 7.853982e-01 1.272696e+00 1.272698e+00 -5.120168e-02 0.000000e+00
4.110000e+00 8.639380e-01 1.272696e+00 1.272698e+00 -5.120168e-02 0.000000e+00
4.110000e+00 9.424778e-01 1.272696e+00 1.272698e+00 -5.120168e-02 0.000000e+00
4.110000e+00 1.021018e+00 1.272696e+00 1.272698e+00 -5.120168e-02 0.000000e+00
4.110000e+00 1.099557e+00 1.272696e+00 1.272698e+00 -5.120168e-02 0.000000e+00
4.110000e+00 1.178097e+00 1.272696e+00 1.272698e+00 -5.120168e-02 0.000000e+00
4.110000e+00 1.256637e+00 1.272696e+00 1.272698e+00 -5.120168e-02 0.000000e+00
4.110000e+00 1.335177e+00 1.272696e+00 1.272698e+00 -5.120168e-02 0.000000e+00
4.110000e+00 1.413717e+00 1.272696e+00 1.272698e+00 -5.120168e-02 0.000000e+00
4.110000e+00 1.492257e+00 1.272696e+00 1.272698e+00 -5.120168e-02 0.000000e+00
4.110000e+00 1.570796e+00 1.272696e+00 1.272698e+00 -5.120168e-02 0.000000e+00
4.300000e+00 0.000000e+00 1.259316e+00 1.259318e+00 -4.727129e-02 0.000000e+00
4.300000e+00 7.853982e-02 1.259316e+00 1.259318e+00 -4.727129e-02 0.000000e+00
4.300000e+00 1.570796e-01 1.259316e+00 1.259318e+00 -4.727129e-02 0.000000e+00
4.300000e+00 2.356194e-01 1.259316e+00 1.259318e+00 -4.727129e-02 0.000000e+00
4.300000e+00 3.141593e-01 1.259316e+00 1.259318e+00 -4.727129e-02 0.000000e+00
4.300000e+00 3.926991e-01 1.259316e+00 1.259318e+00 -4.727129e-02 0.000000e+00
4.300000e+00 4.712389e-01 1.259316e+00 1.259318e+00 -4.727129e-02 0.000000e+00
4.300000e+00 5.497787e-01 1.259316e+00 1.259318e+00 -4.727129e-02 0.000000e+00
4.300000e+00 6.283185e-01 1.259316e+00 1.259318e+00 -4.727129e-02 0.000000e+00
4.300000e+00 7.068583e-01 1.259316e+00 1.259318e+00 -4.727129e-02 0.000000e+00
4.300000e+00 7.853982e-01 1.259316e+00 1.259318e+00 -4.727129e-02 0.000000e+00
4.300000e+00 8.639380e-01 1.259316e+00 1.259318e+00 -4.727129e-02 0.000000e+00
4.300000e+00 9.424778e-01 1.259316e+00 1.259318e+00 -4.727129e-02 0.000000e+00
4.300000e+00 1.021018e+00 1.259316e+00 1.259318e+00 -4.727129e-02 0.000000e+00
4.300000e+00 1.099557e+00 1.259316e+00 1.259318e+00 -4.727129e-02 0.000000e+00
4.300000e+00 1.178097e+00 1.259316e+00 1.259318e+00 -4.727129e-02 0.000000e+00
4.300000e+00 1.256637e+00 1.259316e+00 1.259318e+00 -4.727129e-02 0.000000e+00
4.300000e+00 1.335177e+00 1.259316e+00 1.259318e+00 -4.727129e-02 0.000000e+00
4.300000e+00 1.413717e+00 1.259316e+00 1.259318e+00 -4.727129e-02 0.000000e+00
4.300000e+00 1.492257e+00 1.259316e+00 1.259318e+00 -4.727129e-02 0.000000e+00
4.300000e+00 1.570796e+00 1.259316e+00 1.259318e+00 -4.727129e-02 0.000000e+00
4.490000e+00 0.000000e+00 1.247171e+00 1.247173e+00 -4.377538e-02 0.000000e+00
4.490000e+00 7.853982e-02 1.247171e+00 1.247173e+00 -4.377538e-02 0.000000e+00
4.490000e+00 1.570796e-01 1.247171e+00 1.247173e+00 -4.377538e-02 0.000000e+00
4.490000e+00 2.356194e-01 1.247171e+00 1.247173e+00 -4.377538e-02 0.000000e+00
4.490000e+00 3.141593e-01 1.247171e+00 1.247173e+00 -4.377538e-02 0.000000e+00
4.490000e+00 3.926991e-01 1.247171e+00 1.247173e+00 -4.377538e-02 0.000000e+00
4.490000e+00 4.712389e-01 1.247171e+00 1.247173e+00 -4.377538e-02 0.000000e+00
4.490000e+00 5.497787e-01 1.247171e+00 1.247173e+00 -4.377538e-02 0.000000e+00
4.490000e+00 6.283185e-01 1.247171e+00 1.247173e+00 -4.377538e-02 0.000000e+00
4.490000e+00 7.068583e-01 1.247171e+00 1.247173e+00 -4.377538e-02 0.000000e+00
4.490000e+00 7.853982e-01 1.247171e+00 1.247173e+00 -4.377538e-02 0.000000e+00
4.490000e+00 8.639380e-01 1.247171e+00 1.247173e+00 -4.377538e-02 0.000000e+00
4.490000e+00 9.424778e-01 1.247171e+00 1.247173e+00 -4.377538e-02 0.000000e+00
4.490000e+00 1.021018e+00 1.247171e+00 1.247173e+00 -4.377538e-02 0.000000e+00
4.490000e+00 1.099557e+00 1.247171e+00 1.247173e+00 -4.377538e-02 0.000000e+00
4.490000e+00 1.178097e+00 1.247171e+00 1.247173e+00 -4.377538e-02 0.000000e+00
4.490000e+00 1.256637e+00 1.247171e+00 1.247173e+00 -4.377538e-02 0.000000e+00
4.490000e+00 1.335177e+00 1.247171e+00 1.247173e+00 -4.377538e-02 0.000000e+00
4.490000e+00 1.413717e+00 1.247171e+00 1.247173e+00 -4.377538e-02 0.000000e+00
4.490000e+00 1.492257e+00 1.247171e+00 1.247173e+00 -4.377538e-02 0.000000e+00
4.490000e+00 1.570796e+00 1.247171e+00 1.247173e+00 -4.377538e-02 0.000000e+00
4.680000e+00 0.000000e+00 1.236098e+00 1.236100e+00 -4.065236e-02 0.000000e+00
4.680000e+00 7.853982e-02 1.236098e+00 1.236100e+00 -4.065236e-02 0.000000e+00
4.680000e+00 1.570796e-01 1.236098e+00 1.236100e+00 -4.065236e-02 0.000000e+00
4.680000e+00 2.356194e-01 1.236098e+00 1.236100e+00 -4.065236e-02 0.000000e+00
4.680000e+00 3.141593e-01 1.236098e+00 1.236100e+00 -4.065236e-02 0.000000e+00
4.680000e+00 3.926991e-01 1.236098e+00 1.236100e+00 -4.065236e-02 0.000000e+00
4.680000e+00 4.712389e-01 1.236098e+00 1.236100e+00 -4.065236e-02 0.000000e+00
4.680000e+00 5.497787e-01 1.236098e+00 1.236100e+00 -4.065236e-02 0.000000e+00
4.680000e+00 6.283185e-01 1.236098e+00 1.236100e+00 -4.065236e-02 0.000000e+00
4.680000e+00 7.068583e-01 1.236098e+00 1.236100e+00 -4.065236e-02 0.000000e+00
4.680000e+00 7.853982e-01 1.236098e+00 1.236100e+00 -4.065236e-02 0.000000e+00
4.680000e+00 8.639380e-01 1.236098e+00 1.236100e+00 -4.065236e-02 0.000000e+00
4.680000e+00 9.424778e-01 1.236098e+00 1.236100e+00 -4.065236e-02 0.000000e+00
4.680000e+00 1.021018e+00 1.236098e+00 1.236100e+00 -4.065236e-02 0.000000e+00
4.680000e+00 1.099557e+00 1.236098e+00 1.236100e+00 -4.065236e-02 0.000000e+00
4.680000e+00 1.178097e+00 1.236098e+00 1.236100e+00 -4.065236e-02 0.000000e+00
4.680000e+00 1.256637e+00 1.236098e+00 1.236100e+00 -4.065236e-02 0.000000e+00
4.680000e+00 1.335177e+00 1.236098e+00 1.236100e+00 -4.065236e-02 0.000000e+00
4.680000e+00 1.413717e+00 1.236098e+00 1.236100e+00 -4.065236e-02 0.000000e+00
4.680000e+00 1.492257e+00 1.236098e+00 1.236100e+00 -4.065236e-02 0.000000e+00
4.680000e+00 1.570796e+00 1.236098e+00 1.236100e+00 -4.065236e-02 0.000000e+00
4.870000e+00 0.000000e+00 1.225962e+00 1.225964e+00 -3.785117e-02 0.000000e+00
4.870000e+00 7.853982e-02 1.225962e+00 1.225964e+00 -3.785117e-02 0.000000e+00
4.870000e+00 1.570796e-01 1.225962e+00 1.225964e+00 -3.785117e-02 0.000000e+00
4.870000e+00 2.356194e-01 1.225962e+00 1.225964e+00 -3.785117e-02 0.000000e+00
4.870000e+00 3.141593e-01 1.225962e+00 1.225964e+00 -3.785117e-02 0.000000e+00
4.870000e+00 3.926991e-01 1.225962e+00 1.225964e+00 -3.785117e-02 0.000000e+00
4.870000e+00 4.712389e-01 1.225962e+00 1.225964e+00 -3.785117e-02 0.000000e+00
4.870000e+00 5.497787e-01 1.225962e+00 1.225964e+00 -3.785117e-02 0.000000e+00
4.870000e+00 6.283185e-01 1.225962e+00 1.225964e+00 -3.785117e-02 0.000000e+00
4.870000e+00 7.068583e-01 1.225962e+00 1.225964e+00 -3.785117e-02 0.000000e+00
4.870000e+00 7.853982e-01 1.225962e+00 1.225964e+00 -3.785117e-02 0.000000e+00
4.870000e+00 8.639380e-01 1.225962e+00 1.225964e+00 -3.785117e-02 0.000000e+00
4.870000e+00 9.424778e-01 1.225962e+00 1.225964e+00 -3.785117e-02 0.000000e+00
4.870000e+00 1.021018e+00 1.225962e+00 1.225964e+00 -3.785117e-02 0.000000e+00
4.870000e+00 1.099557e+00 1.225962e+00 1.225964e+00 -3.785117e-02 0.000000e+00
4.870000e+00 1.178097e+00 1.225962e+00 1.225964e+00 -3.785117e-02 0.000000e+00
4.870000e+00 1.256637e+00 1.225962e+00 1.225964e+00 -3.785117e-02 0.000000e+00
4.870000e+00 1.335177e+00 1.225962e+00 1.225964e+00 -3.785117e-02 0.000000e+00
4.870000e+00 1.413717e+00 1.225962e+00 1.225964e+00 -3.785117e-02 0.000000e+00
4.870000e+00 1.492257e+00 1.225962e+00 1.225964e+00 -3.785117e-02 0.000000e+00
4.870000e+00 1.570796e+00 1.225962e+00 1.225964e+00 -3.785117e-02 0.000000e+00
5.060000e+00 0.000000e+00 1.216652e+00 1.216653e+00 -3.532922e-02 0.000000e+00
5.060000e+00 7.853982e-02 1.216652e+00 1.216653e+00 -3.532922e-02 0.000000e+00
5.060000e+00 1.570796e-01 1.216652e+00 1.216653e+00 -3.532922e-02 0.000000e+00
5.060000e+00 2.356194e-01 1.216652e+00 1.216653e+00 -3.532922e-02 0.000000e+00
5.060000e+00 3.141593e-01 1.216652e+00 1.216653e+00 -3.532922e-02 0.000000e+00
5.060000e+00 3.926991e-01 1.216652e+00 1.216653e+00 -3.532922e-02 0.000000e+00
5.060000e+00 4.712389e-01 1.216652e+00 1.216653e+00 -3.532922e-02 0.000000e+00
5.060000e+00 5.497787e-01 1.216652e+00 1.216653e+00 -3.532922e-02 0.000000e+00
5.060000e+00 6.283185e-01 1.216652e+00 1.216653e+00 -3.532922e-02 0.000000e+00
5.060000e+00 7.068583e-01 1.216652e+00 1.216653e+00 -3.532922e-02 0.000000e+00
5.060000e+00 7.853982e-01 1.216652e+00 1.216653e+00 -3.532922e-02 0.000000e+00
5.060000e+00 8.639380e-01 1.216652e+00 1.216653e+00 -3.532922e-02 0.000000e+00
5.060000e+00 9.424778e-01 1.216652e+00 1.216653e+00 -3.532922e-02 0.000000e+00
5.060000e+00 1.021018e+00 1.216652e+00 1.216653e+00 -3.532922e-02 0.000000e+00
5.060000e+00 1.099557e+00 1.216652e+00 1.216653e+00 -3.532922e-02 0.000000e+00
5.060000e+00 1.178097e+00 1.216652e+00 1.216653e+00 -3.532922e-02 0.000000e+00
5.060000e+00 1.256637e+00 1.216652e+00 1.216653e+00 -3.532922e-02 0.000000e+00
5.060000e+00 1.335177e+00 1.216652e+00 1.216653e+00 -3.532922e-02 0.000000e+00
5.060000e+00 1.413717e+00 1.216652e+00 1.216653e+00 -3.532922e-02 0.000000e+00
5.060000e+00 1.492257e+00 1.216652e+00 1.216653e+00 -3.532922e-02 0.000000e+00
5.060000e+00 1.570796e+00 1.216652e+00 1.216653e+00 -3.532922e-02 0.000000e+00
5.250000e+00 0.000000e+00 1.208069e+00 1.208071e+00 -3.305063e-02 0.000000e+00
5.250000e+00 7.853982e-02 1.208069e+00 1.208071e+00 -3.305063e-02 0.000000e+00
5.250000e+00 1.570796e-01 1.208069e+00 1.208071e+00 -3.305063e-02 0.000000e+00
5.250000e+00 2.356194e-01 1.208069e+00 1.208071e+00 -3.305063e-02 0.000000e+00
5.250000e+00 3.141593e-01 1.208069e+00 1.208071e+00 -3.305063e-02 0.000000e+00
5.250000e+00 3.926991e-01 1.208069e+00 1.208071e+00 -3.305063e-02 0.000000e+00
5.250000e+00 4.712389e-01 1.208069e+00 1.208071e+00 -3.305063e-02 0.000000e+00
5.250000e+00 5.497787e-01 1.208069e+00 1.208071e+00 -3.305063e-02 0.000000e+00
5.250000e+00 6.283185e-01 1.208069e+00 1.208071e+00 -3.305063e-02 0.000000e+00
5.250000e+00 7.068583e-01 1.208069e+00 1.208071e+00 -3.305063e-02 0.000000e+00
5.250000e+00 7.853982e-01 1.208069e+00 1.208071e+00 -3.305063e-02 0.000000e+00
5.250000e+00 8.639380e-01 1.208069e+00 1.208071e+00 -3.305063e-02 0.000000e+00
5.250000e+00 9.424778e-01 1.208069e+00 1.208071e+00 -3.305063e-02 0.000000e+00
5.250000e+00 1.021018e+00 1.208069e+00 1.208071e+00 -3.305063e-02 0.000000e+00
5.250000e+00 1.099557e+00 1.208069e+00 1.208071e+00 -3.305063e-02 0.000000e+00
5.250000e+00 1.178097e+00 1.208069e+00 1.208071e+00 -3.305063e-02 0.000000e+00
5.250000e+00 1.256637e+00 1.208069e+00 1.208071e+00 -3.305063e-02 0.000000e+00
5.250000e+00 1.335177e+00 1.208069e+00 1.208071e+00 -3.305063e-02 0.000000e+00
5.250000e+00 1.413717e+00 1.208069e+00 1.208071e+00 -3.305063e-02 0.000000e+00
5.250000e+00 1.492257e+00 1.208069e+00 1.208071e+00 -3.305063e-02 0.000000e+00
5.250000e+00 1.570796e+00 1.208069e+00 1.208071e+00 -3.305063e-02 0.000000e+00
5.440000e+00 0.000000e+00 1.200133e+00 1.200134e+00 -3.098514e-02 0.000000e+00
5.440000e+00 7.853982e-02 1.200133e+00 1.200134e+00 -3.098514e-02 0.000000e+00
5.440000e+00 1.570796e-01 1.200133e+00 1.200134e+00 -3.098514e-02 0.000000e+00
5.440000e+00 2.356194e-01 1.200133e+00 1.200134e+00 -3.098514e-02 0.000000e+00
5.440000e+00 3.141593e-01 1.200133e+00 1.200134e+00 -3.098514e-02 0.000000e+00
5.440000e+00 3.926991e-01 1.200133e+00 1.200134e+00 -3.098514e-02 0.000000e+00
5.440000e+00 4.712389e-01 1.200133e+00 1.200134e+00 -3.098514e-02 0.000000e+00
5.440000e+00 5.497787e-01 1.200133e+00 1.200134e+00 -3.098514e-02 0.000000e+00
5.440000e+00 6.283185e-01 1.200133e+00 1.200134e+00 -3.098514e-02 0.000000e+00
5.440000e+00 7.068583e-01 1.200133e+00 1.200134e+00 -3.098514e-02 0.000000e+00
5.440000e+00 7.853982e-01 1.200133e+00 1.200134e+00 -3.098514e-02 0.000000e+00
5.440000e+00 8.639380e-01 1.200133e+00 1.200134e+00 -3.098514e-02 0.000000e+00
5.440000e+00 9.424778e-01 1.200133e+00 1.200134e+00 -3.098514e-02 0.000000e+00
5.440000e+00 1.021018e+00 1.200133e+00 1.200134e+00 -3.098514e-02 0.000000e+00
5.440000e+00 1.099557e+00 1.200133e+00 1.200134e+00 -3.098514e-02 0.000000e+00
5.440000e+00 1.178097e+00 1.200133e+00 1.200134e+00 -3.098514e-02 0.000000e+00
5.440000e+00 1.256637e+00 1.200133e+00 1.200134e+00 -3.098514e-02 0.000000e+00
5.440000e+00 1.335177e+00 1.200133e+00 1.200134e+00 -3.098514e-02 0.000000e+00
5.440000e+00 1.413717e+00 1.200133e+00 1.200134e+00 -3.098514e-02 0.000000e+00
5.440000e+00 1.492257e+00 1.200133e+00 1.200134e+00 -3.098514e-02 0.000000e+00
5.440000e+00 1.570796e+00 1.200133e+00 1.200134e+00 -3.098514e-02 0.000000e+00
5.630000e+00 0.000000e+00 1.192773e+00 1.192775e+00 -2.910697e-02 0.000000e+00
5.630000e+00 7.853982e-02 1.192773e+00 1.192775e+00 -2.910697e-02 0.000000e+00
5.630000e+00 1.570796e-01 1.192773e+00 1.192775e+00 -2.910697e-02 0.000000e+00
5.630000e+00 2.356194e-01 1.192773e+00 1.192775e+00 -2.910697e-02 0.000000e+00
5.630000e+00 3.141593e-01 1.192773e+00 1.192775e+00 -2.910697e-02 0.000000e+00
5.630000e+00 3.926991e-01 1.192773e+00 1.192775e+00 -2.910697e-02 0.000000e+00
5.630000e+00 4.712389e-01 1.192773e+00 1.192775e+00 -2.910697e-02 0.000000e+00
5.630000e+00 5.497787e-01 1.192773e+00 1.192775e+00 -2.910697e-02 0.000000e+00
5.630000e+00 6.283185e-01 1.192773e+00 1.192775e+00 -2.910697e-02 0.000000e+00
5.630000e+00 7.068583e-01 1.192773e+00 1.192775e+00 -2.910697e-02 0.000000e+00
5.630000e+00 7.853982e-01 1.192773e+00 1.192775e+00 -2.910697e-02 0.000000e+00
5.630000e+00 8.639380e-01 1.192773e+00 1.192775e+00 -2.910697e-02 0.000000e+00
5.630000e+00 9.424778e-01 1.192773e+00 1.192775e+00 -2.910697e-02 0.000000e+00
5.630000e+00 1.021018e+00 1.192773e+00 1.192775e+00 -2.910697e-02 0.000000e+00
5.630000e+00 1.099557e+00 1.192773e+00 1.192775e+00 -2.910697e-02 0.000000e+00
5.630000e+00 1.178097e+00 1.192773e+00 1.192775e+00 -2.910697e-02 0.000000e+00
5.630000e+00 1.256637e+00 1.192773e+00 1.192775e+00 -2.910697e-02 0.000000e+00
5.630000e+00 1.335177e+00 1.192773e+00 1.192775e+00 -2.910697e-02 0.000000e+00
5.630000e+00 1.413717e+00 1.192773e+00 1.192775e+00 -2.910697e-02 0.000000e+00
5.630000e+00 1.492257e+00 1.192773e+00 1.192775e+00 -2.910697e-02 0.000000e+00
5.630000e+00 1.570796e+00 1.192773e+00 1.192775e+00 -2.910697e-02 0.000000e+00
5.820000e+00 0.000000e+00 1.185930e+00 1.185932e+00 -2.739428e-02 0.000000e+00
5.820000e+00 7.853982e-02 1.185930e+00 1.185932e+00 -2.739428e-02 0.000000e+00
5.820000e+00 1.570796e-01 1.185930e+00 1.185932e+00 -2.739428e-02 0.000000e+00
5.820000e+00 2.356194e-01 1.185930e+00 1.185932e+00 -2.739428e-02 0.000000e+00
5.820000e+00 3.141593e-01 1.185930e+00 1.185932e+00 -2.739428e-02 0.000000e+00
5.820000e+00 3.926991e-01 1.185930e+00 1.185932e+00 -2.739428e-02 0.000000e+00
5.820000e+00 4.712389e-01 1.185930e+00 1.185932e+00 -2.739428e-02 0.000000e+00
5.820000e+00 5.497787e-01 1.185930e+00 1.185932e+00 -2.739428e-02 0.000000e+00
5.820000e+00 6.283185e-01 1.185930e+00 1.185932e+00 -2.739428e-02 0.000000e+00
5.820000e+00 7.068583e-01 1.185930e+00 1.185932e+00 -2.739428e-02 0.000000e+00
5.820000e+00 7.853982e-01 1.185930e+00 1.185932e+00 -2.739428e-02 0.000000e+00
5.820000e+00 8.639380e-01 1.185930e+00 1.185932e+00 -2.739428e-02 0.000000e+00
5.820000e+00 9.424778e-01 1.185930e+00 1.185932e+00 -2.739428e-02 0.000000e+00
5.820000e+00 1.021018e+00 1.185930e+00 1.185932e+00 -2.739428e-02 0.000000e+00
5.820000e+00 1.099557e+00 1.185930e+00 1.185932e+00 -2.739428e-02 0.000000e+00
5.820000e+00 1.178097e+00 1.185930e+00 1.185932e+00 -2.739428e-02 0.000000e+00
5.820000e+00 1.256637e+00 1.185930e+00 1.185932e+00 -2.739428e-02 0.000000e+00
5.820000e+00 1.335177e+00 1.185930e+00 1.185932e+00 -2.739428e-02 0.000000e+00
5.820000e+00 1.413717e+00 1.185930e+00 1.185932e+00 -2.739428e-02 0.000000e+00
5.820000e+00 1.492257e+00 1.185930e+00 1.185932e+00 -2.739428e-02 0.000000e+00
5.820000e+00 1.570796e+00 1.185930e+00 1.185932e+00 -2.739428e-02 0.000000e+00
6.010000e+00 0.000000e+00 1.179552e+00 1.179553e+00 -2.582799e-02 0.000000e+00
6.010000e+00 7.853982e-02 1.179552e+00 1.179553e+00 -2.582799e-02 0.000000e+00
6.010000e+00 1.570796e-01 1.179552e+00 1.179553e+00 -2.582799e-02 0.000000e+00
6.010000e+00 2.356194e-01 1.179552e+00 1.179553e+00 -2.582799e-02 0.000000e+00
6.010000e+00 3.141593e-01 1.179552e+00 1.179553e+00 -2.582799e-02 0.000000e+00
6.010000e+00 3.926991e-01 1.179552e+00 1.179553e+00 -2.582799e-02 0.000000e+00
6.010000e+00 4.712389e-01 1.179552e+00 1.179553e+00 -2.582799e-02 0.000000e+00
6.010000e+00 5.497787e-01 1.179552e+00 1.179553e+00 -2.582799e-02 0.000000e+00
6.010000e+00 6.283185e-01 1.179552e+00 1.179553e+00 -2.582799e-02 0.000000e+00
6.010000e+00 7.068583e-01 1.179552e+00 1.179553e+00 -2.582799e-02 0.000000e+00
6.010000e+00 7.853982e-01 1.179552e+00 1.179553e+00 -2.582799e-02 0.000000e+00
6.010000e+00 8.639380e-01 1.179552e+00 1.179553e+00 -2.582799e-02 0.000000e+00
6.010000e+00 9.424778e-01 1.179552e+00 1.179553e+00 -2.582799e-02 0.000000e+00
6.010000e+00 1.021018e+00 1.179552e+00 1.179553e+00 -2.582799e-02 0.000000e+00
6.010000e+00 1.099557e+00 1.179552e+00 1.179553e+00 -2.582799e-02 0.000000e+00
6.010000e+00 1.178097e+00 1.179552e+00 1.179553e+00 -2.582799e-02 0.000000e+00
6.010000e+00 1.256637e+00 1.179552e+00 1.179553e+00 -2.582799e-02 0.000000e+00
6.010000e+00 1.335177e+00 1.179552e+00 1.179553e+00 -2.582799e-02 0.000000e+00
6.010000e+00 1.413717e+00 1.179552e+00 1.179553e+00 -2.582799e-02 0.000000e+00
6.010000e+00 1.492257e+00 1.179552e+00 1.179553e+00 -2.582799e-02 0.000000e+00
6.010000e+00 1.570796e+00 1.179552e+00 1.179553e+00 -2.582799e-02 0.000000e+00
6.200000e+00 0.000000e+00 1.173593e+00 1.173593e+00 -2.439168e-02 0.000000e+00
6.200000e+00 7.853982e-02 1.173593e+00 1.173593e+00 -2.439168e-02 0.000000e+00
6.200000e+00 1.570796e-01 1.173593e+00 1.173593e+00 -2.439168e-02 0.000000e+00
6.200000e+00 2.356194e-01 1.173593e+00 1.173593e+00 -2.439168e-02 0.000000e+00
6.200000e+00 3.141593e-01 1.173593e+00 1.173593e+00 -2.439168e-02 0.000000e+00
6.200000e+00 3.926991e-01 1.173593e+00 1.173593e+00 -2.439168e-02 0.000000e+00
6.200000e+00 4.712389e-01 1.173593e+00 1.173593e+00 -2.439168e-02 0.000000e+00
6.200000e+00 5.497787e-01 1.173593e+00 1.173593e+00 -2.439168e-02 0.000000e+00
6.200000e+00 6.283185e-01 1.173593e+00 1.173593e+00 -2.439168e-02 0.000000e+00
6.200000e+00 7.068583e-01 1.173593e+00 1.173593e+00 -2.439168e-02 0.000000e+00
6.200000e+00 7.853982e-01 1.173593e+00 1.173593e+00 -2.439168e-02 0.000000e+00
6.200000e+00 8.639380e-01 1.173593e+00 1.173593e+00 -2.439168e-02 0.000000e+00
6.200000e+00 9.424778e-01 1.173593e+00 1.173593e+00 -2.439168e-02 0.000000e+00
6.200000e+00 1.021018e+00 1.173593e+00 1.173593e+00 -2.439168e-02 0.000000e+00
6.200000e+00 1.099557e+00 1.173593e+00 1.173593e+00 -2.439168e-02 0.000000e+00
6.200000e+00 1.178097e+00 1.173593e+00 1.173593e+00 -2.439168e-02 0.000000e+00
6.200000e+00 1.256637e+00 1.173593e+00 1.173593e+00 -2.439168e-02 0.000000e+00
6.200000e+00 1.335177e+00 1.173593e+00 1.173593e+00 -2.439168e-02 0.000000e+00
6.200000e+00 1.413717e+00 1.173593e+00 1.173593e+00 -2.439168e-02 0.000000e+00
6.200000e+00 1.492257e+00 1.173593e+00 1.173593e+00 -2.439168e-02 0.000000e+00
6.200000e+00 1.570796e+00 1.173593e+00 1.173593e+00 -2.439168e-02 0.000000e+00
6.390000e+00 0.000000e+00 1.168012e+00 1.168013e+00 -2.307156e-02 0.000000e+00
6.390000e+00 7.853982e-02 1.168012e+00 1.168013e+00 -2.307156e-02 0.000000e+00
6.390000e+00 1.570796e-01 1.168012e+00 1.168013e+00 -2.307156e-02 0.000000e+00
6.390000e+00 2.356194e-01 1.168012e+00 1.168013e+00 -2.307156e-02 0.000000e+00
6.390000e+00 3.141593e-01 1.168012e+00 1.168013e+00 -2.307156e-02 0.000000e+00
6.390000e+00 3.926991e-01 1.168012e+00 1.168013e+00 -2.307156e-02 0.000000e+00
6.390000e+00 4.712389e-01 1.168012e+00 1.168013e+00 -2.307156e-02 0.000000e+00
6.390000e+00 5.497787e-01 1.168012e+00 1.168013e+00 -2.307156e-02 0.000000e+00
6.390000e+00 6.283185e-01 1.168012e+00 1.168013e+00 -2.307156e-02 0.000000e+00
6.390000e+00 7.068583e-01 1.168012e+00 1.168013e+00 -2.307156e-02 0.000000e+00
6.390000e+00 7.853982e-01 1.168012e+00 1.168013e+00 -2.307156e-02 0.000000e+00
6.390000e+00 8.639380e-01 1.168012e+00 1.168013e+00 -2.307156e-02 0.000000e+00
6.390000e+00 9.424778e-01 1.168012e+00 1.168013e+00 -2.307156e-02 0.000000e+00
6.390000e+00 1.021018e+00 1.168012e+00 1.168013e+00 -2.307156e-02 0.000000e+00
6.390000e+00 1.099557e+00 1.168012e+00 1.168013e+00 -2.307156e-02 0.000000e+00
6.390000e+00 1.178097e+00 1.168012e+00 1.168013e+00 -2.307156e-02 0.000000e+00
6.390000e+00 1.256637e+00 1.168012e+00 1.168013e+00 -2.307156e-02 0.000000e+00
6.390000e+00 1.335177e+00 1.168012e+00 1.168013e+00 -2.307156e-02 0.000000e+00
6.390000e+00 1.413717e+00 1.168012e+00 1.168013e+00 -2.307156e-02 0.000000e+00
6.390000e+00 1.492257e+00 1.168012e+00 1.168013e+00 -2.307156e-02 0.000000e+00
6.390000e+00 1.570796e+00 1.168012e+00 1.168013e+00 -2.307156e-02 0.000000e+00
6.580000e+00 0.000000e+00 1.162775e+00 1.162776e+00 -2.185553e-02 0.000000e+00
6.580000e+00 7.853982e-02 1.162775e+00 1.162776e+00 -2.185553e-02 0.000000e+00
6.580000e+00 1.570796e-01 1.162775e+00 1.162776e+00 -2.185553e-02 0.000000e+00
6.580000e+00 2.356194e-01 1.162775e+00 1.162776e+00 -2.185553e-02 0.000000e+00
6.580000e+00 3.141593e-01 1.162775e+00 1.162776e+00 -2.185553e-02 0.000000e+00
6.580000e+00 3.926991e-01 1.162775e+00 1.162776e+00 -2.185553e-02 0.000000e+00
6.580000e+00 4.712389e-01 1.162775e+00 1.162776e+00 -2.185553e-02 0.000000e+00
6.580000e+00 5.497787e-01 1.162775e+00 1.162776e+00 -2.185553e-02 0.000000e+00
6.580000e+00 6.283185e-01 1.162775e+00 1.162776e+00 -2.185553e-02 0.000000e+00
6.580000e+00 7.068583e-01 1.162775e+00 1.162776e+00 -2.185553e-02 0.000000e+00
6.580000e+00 7.853982e-01 1.162775e+00 1.162776e+00 -2.185553e-02 0.000000e+00
6.580000e+00 8.639380e-01 1.162775e+00 1.162776e+00 -2.185553e-02 0.000000e+00
6.580000e+00 9.424778e-01 1.162775e+00 1.162776e+00 -2.185553e-02 0.000000e+00
6.580000e+00 1.021018e+00 1.162775e+00 1.162776e+00 -2.185553e-02 0.000000e+00
6.580000e+00 1.099557e+00 1.162775e+00 1.162776e+00 -2.185553e-02 0.000000e+00
6.580000e+00 1.178097e+00 1.162775e+00 1.162776e+00 -2.185553e-02 0.000000e+00
6.580000e+00 1.256637e+00 1.162775e+00 1.162776e+00 -2.185553e-02 0.000000e+00
6.580000e+00 1.335177e+00 1.162775e+00 1.162776e+00 -2.185553e-02 0.000000e+00
6.580000e+00 1.413717e+00 1.162775e+00 1.162776e+00 -2.185553e-02 0.000000e+00
6.580000e+00 1.492257e+00 1.162775e+00 1.162776e+00 -2.185553e-02 0.000000e+00
6.580000e+00 1.570796e+00 1.162775e+00 1.162776e+00 -2.185553e-02 0.000000e+00
6.770000e+00 0.000000e+00 1.157852e+00 1.157853e+00 -2.073290e-02 0.000000e+00
6.770000e+00 7.853982e-02 1.157852e+00 1.157853e+00 -2.073290e-02 0.000000e+00
6.770000e+00 1.570796e-01 1.157852e+00 1.157853e+00 -2.073290e-02 0.000000e+00
6.770000e+00 2.356194e-01 1.157852e+00 1.157853e+00 -2.073290e-02 0.000000e+00
6.770000e+00 3.141593e-01 1.157852e+00 1.157853e+00 -2.073290e-02 0.000000e+00
6.770000e+00 3.926991e-01 1.157852e+00 1.157853e+00 -2.073290e-02 0.000000e+00
6.770000e+00 4.712389e-01 1.157852e+00 1.157853e+00 -2.073290e-02 0.000000e+00
6.770000e+00 5.497787e-01 1.157852e+00 1.157853e+00 -2.073290e-02 0.000000e+00
6.770000e+00 6.283185e-01 1.157852e+00 1.157853e+00 -2.073290e-02 0.000000e+00
6.770000e+00 7.068583e-01 1.157852e+00 1.157853e+00 -2.073290e-02 0.000000e+00
6.770000e+00 7.853982e-01 1.157852e+00 1.157853e+00 -2.073290e-02 0.000000e+00
6.770000e+00 8.639380e-01 1.157852e+00 1.157853e+00 -2.073290e-02 0.000000e+00
6.770000e+00 9.424778e-01 1.157852e+00 1.157853e+00 -2.073290e-02 0.000000e+00
6.770000e+00 1.021018e+00 1.157852e+00 1.157853e+00 -2.073290e-02 0.000000e+00
6.770000e+00 1.099557e+00 1.157852e+00 1.157853e+00 -2.073290e-02 0.000000e+00
6.770000e+00 1.178097e+00 1.157852e+00 1.157853e+00 -2.073290e-02 0.000000e+00
6.770000e+00 1.256637e+00 1.157852e+00 1.157853e+00 -2.073290e-02 0.000000e+00
6.770000e+00 1.335177e+00 1.157852e+00 1.157853e+00 -2.073290e-02 0.000000e+00
6.770000e+00 1.413717e+00 1.157852e+00 1.157853e+00 -2.073290e-02 0.000000e+00
6.770000e+00 1.492257e+00 1.157852e+00 1.157853e+00 -2.073290e-02 0.000000e+00
6.770000e+00 1.570796e+00 1.157852e+00 1.157853e+00 -2.073290e-02 0.000000e+00
6.960000e+00 0.000000e+00 1.153215e+00 1.153216e+00 -1.969432e-02 0.000000e+00
6.960000e+00 7.853982e-02 1.153215e+00 1.153216e+00 -1.969432e-02 0.000000e+00
6.960000e+00 1.570796e-01 1.153215e+00 1.153216e+00 -1.969432e-02 0.000000e+00
6.960000e+00 2.356194e-01 1.153215e+00 1.153216e+00 -1.969432e-02 0.000000e+00
6.960000e+00 3.141593e-01 1.153215e+00 1.153216e+00 -1.969432e-02 0.000000e+00
6.960000e+00 3.926991e-01 1.153215e+00 1.153216e+00 -1.969432e-02 0.000000e+00
6.960000e+00 4.712389e-01 1.153215e+00 1.153216e+00 -1.969432e-02 0.000000e+00
6.960000e+00 5.497787e-01 1.153215e+00 1.153216e+00 -1.969432e-02 0.000000e+00
6.960000e+00 6.283185e-01 1.153215e+00 1.153216e+00 -1.969432e-02 0.000000e+00
6.960000e+00 7.068583e-01 1.153215e+00 1.153216e+00 -1.969432e-02 0.000000e+00
6.960000e+00 7.853982e-01 1.153215e+00 1.153216e+00 -1.969432e-02 0.000000e+00
6.960000e+00 8.639380e-01 1.153215e+00 1.153216e+00 -1.969432e-02 0.000000e+00
6.960000e+00 9.424778e-01 1.153215e+00 1.153216e+00 -1.969432e-02 0.000000e+00
6.960000e+00 1.021018e+00 1.153215e+00 1.153216e+00 -1.969432e-02 0.000000e+00
6.960000e+00 1.099557e+00 1.153215e+00 1.153216e+00 -1.969432e-02 0.000000e+00
6.960000e+00 1.178097e+00 1.153215e+00 1.153216e+00 -1.969432e-02 0.000000e+00
6.960000e+00 1.256637e+00 1.153215e+00 1.153216e+00 -1.969432e-02 0.000000e+00
6.960000e+00 1.335177e+00 1.153215e+00 1.153216e+00 -1.969432e-02 0.000000e+00
6.960000e+00 1.413717e+00 1.153215e+00 1.153216e+00 -1.969432e-02 0.000000e+00
6.960000e+00 1.492257e+00 1.153215e+00 1.153216e+00 -1.969432e-02 0.000000e+00
6.960000e+00 1.570796e+00 1.153215e+00 1.153216e+00 -1.969432e-02 0.000000e+00
7.150000e+00 0.000000e+00 1.148840e+00 1.148841e+00 -1.873182e-02 0.000000e+00
7.150000e+00 7.853982e-02 1.148840e+00 1.148841e+00 -1.873182e-02 0.000000e+00
7.150000e+00 1.570796e-01 1.148840e+00 1.148841e+00 -1.873182e-02 0.000000e+00
7.150000e+00 2.356194e-01 1.148840e+00 1.148841e+00 -1.873182e-02 0.000000e+00
7.150000e+00 3.141593e-01 1.148840e+00 1.148841e+00 -1.873182e-02 0.000000e+00
7.150000e+00 3.926991e-01 1.148840e+00 1.148841e+00 -1.873182e-02 0.000000e+00
7.150000e+00 4.712389e-01 1.148840e+00 1.148841e+00 -1.873182e-02 0.000000e+00
7.150000e+00 5.497787e-01 1.148840e+00 1.148841e+00 -1.873182e-02 0.000000e+00
7.150000e+00 6.283185e-01 1.148840e+00 1.148841e+00 -1.873182e-02 0.000000e+00
7.150000e+00 7.068583e-01 1.148840e+00 1.148841e+00 -1.873182e-02 0.000000e+00
7.150000e+00 7.853982e-01 1.148840e+00 1.148841e+00 -1.873182e-02 0.000000e+00
7.150000e+00 8.639380e-01 1.148840e+00 1.148841e+00 -1.873182e-02 0.000000e+00
7.150000e+00 9.424778e-01 1.148840e+00 1.148841e+00 -1.873182e-02 0.000000e+00
7.150000e+00 1.021018e+00 1.148840e+00 1.148841e+00 -1.873182e-02 0.000000e+00
7.150000e+00 1.099557e+00 1.148840e+00 1.148841e+00 -1.873182e-02 0.000000e+00
7.150000e+00 1.178097e+00 1.148840e+00 1.148841e+00 -1.873182e-02 0.000000e+00
7.150000e+00 1.256637e+00 1.148840e+00 1.148841e+00 -1.873182e-02 0.000000e+00
7.150000e+00 1.335177e+00 1.148840e+00 1.148841e+00 -1.873182e-02 0.000000e+00
7.150000e+00 1.413717e+00 1.148840e+00 1.148841e+00 -1.873182e-02 0.000000e+00
7.150000e+00 1.492257e+00 1.148840e+00 1.148841e+00 -1.873182e-02 0.000000e+00
7.150000e+00 1.570796e+00 1.148840e+00 1.148841e+00 -1.873182e-02 0.000000e+00
7.340000e+00 0.000000e+00 1.144706e+00 1.144707e+00 -1.783808e-02 0.000000e+00
7.340000e+00 7.853982e-02 1.144706e+00 1.144707e+00 -1.783808e-02 0.000000e+00
7.340000e+00 1.570796e-01 1.144706e+00 1.144707e+00 -1.783808e-02 0.000000e+00
7.340000e+00 2.356194e-01 1.144706e+00 1.144707e+00 -1.783808e-02 0.000000e+00
7.340000e+00 3.141593e-01 1.144706e+00 1.144707e+00 -1.783808e-02 0.000000e+00
7.340000e+00 3.926991e-01 1.144706e+00 1.144707e+00 -1.783808e-02 0.000000e+00
7.340000e+00 4.712389e-01 1.144706e+00 1.144707e+00 -1.783808e-02 0.000000e+00
7.340000e+00 5.497787e-01 1.144706e+00 1.144707e+00 -1.783808e-02 0.000000e+00
7.340000e+00 6.283185e-01 1.144706e+00 1.144707e+00 -1.783808e-02 0.000000e+00
7.340000e+00 7.068583e-01 1.144706e+00 1.144707e+00 -1.783808e-02 0.000000e+00
7.340000e+00 7.853982e-01 1.144706e+00 1.144707e+00 -1.783808e-02 0.000000e+00
7.340000e+00 8.639380e-01 1.144706e+00 1.144707e+00 -1.783808e-02 0.000000e+00
7.340000e+00 9.424778e-01 1.144706e+00 1.144707e+00 -1.783808e-02 0.000000e+00
7.340000e+00 1.021018e+00 1.144706e+00 1.144707e+00 -1.783808e-02 0.000000e+00
7.340000e+00 1.099557e+00 1.144706e+00 1.144707e+00 -1.783808e-02 0.000000e+00
7.340000e+00 1.178097e+00 1.144706e+00 1.144707e+00 -1.783808e-02 0.000000e+00
7.340000e+00 1.256637e+00 1.144706e+00 1.144707e+00 -1.783808e-02 0.000000e+00
7.340000e+00 1.335177e+00 1.144706e+00 1.144707e+00 -1.783808e-02 0.000000e+00
7.340000e+00 1.413717e+00 1.144706e+00 1.144707e+00 -1.783808e-02 0.000000e+00
7.340000e+00 1.492257e+00 1.144706e+00 1.144707e+00 -1.783808e-02 0.000000e+00
7.340000e+00 1.570796e+00 1.144706e+00 1.144707e+00 -1.783808e-02 0.000000e+00
7.530000e+00 0.000000e+00 1.140793e+00 1.140794e+00 -1.700669e-02 0.000000e+00
7.530000e+00 7.853982e-02 1.140793e+00 1.140794e+00 -1.700669e-02 0.000000e+00
7.530000e+00 1.570796e-01 1.140793e+00 1.140794e+00 -1.700669e-02 0.000000e+00
7.530000e+00 2.356194e-01 1.140793e+00 1.140794e+00 -1.700669e-02 0.000000e+00
7.530000e+00 3.141593e-01 1.140793e+00 1.140794e+00 -1.700669e-02 0.000000e+00
7.530000e+00 3.926991e-01 1.140793e+00 1.140794e+00 -1.700669e-02 0.000000e+00
7.530000e+00 4.712389e-01 1.140793e+00 1.140794e+00 -1.700669e-02 0.000000e+00
7.530000e+00 5.497787e-01 1.140793e+00 1.140794e+00 -1.700669e-02 0.000000e+00
7.530000e+00 6.283185e-01 1.140793e+00 1.140794e+00 -1.700669e-02 0.000000e+00
7.530000e+00 7.068583e-01 1.140793e+00 1.140794e+00 -1.700669e-02 0.000000e+00
7.530000e+00 7.853982e-01 1.140793e+00 1.140794e+00 -1.700669e-02 0.000000e+00
7.530000e+00 8.639380e-01 1.140793e+00 1.140794e+00 -1.700669e-02 0.000000e+00
7.530000e+00 9.424778e-01 1.140793e+00 1.140794e+00 -1.700669e-02 0.000000e+00
7.530000e+00 1.021018e+00 1.140793e+00 1.140794e+00 -1.700669e-02 0.000000e+00
7.530000e+00 1.099557e+00 1.140793e+00 1.140794e+00 -1.700669e-02 0.000000e+00
7.530000e+00 1.178097e+00 1.140793e+00 1.140794e+00 -1.700669e-02 0.000000e+00
7.530000e+00 1.256637e+00 1.140793e+00 1.140794e+00 -1.700669e-02 0.000000e+00
7.530000e+00 1.335177e+00 1.140793e+00 1.140794e+00 -1.700669e-02 0.000000e+00
7.530000e+00 1.413717e+00 1.140793e+00 1.140794e+00 -1.700669e-02 0.000000e+00
7.530000e+00 1.492257e+00 1.140793e+00 1.140794e+00 -1.700669e-02 0.000000e+00
7.530000e+00 1.570796e+00 1.140793e+00 1.140794e+00 -1.700669e-02 0.000000e+00
7.720000e+00 0.000000e+00 1.137084e+00 1.137085e+00 -1.623203e-02 0.000000e+00
7.720000e+00 7.853982e-02 1.137084e+00 1.137085e+00 -1.623203e-02 0.000000e+00
7.720000e+00 1.570796e-01 1.137084e+00 1.137085e+00 -1.623203e-02 0.000000e+00
7.720000e+00 2.356194e-01 1.137084e+00 1.137085e+00 -1.623203e-02 0.000000e+00
7.720000e+00 3.141593e-01 1.137084e+00 1.137085e+00 -1.623203e-02 0.000000e+00
7.720000e+00 3.926991e-01 1.137084e+00 1.137085e+00 -1.623203e-02 0.000000e+00
7.720000e+00 4.712389e-01 1.137084e+00 1.137085e+00 -1.623203e-02 0.000000e+00
7.720000e+00 5.497787e-01 1.137084e+00 1.137085e+00 -1.623203e-02 0.000000e+00
7.720000e+00 6.283185e-01 1.137084e+00 1.137085e+00 -1.623203e-02 0.000000e+00
7.720000e+00 7.068583e-01 1.137084e+00 1.137085e+00 -1.623203e-02 0.000000e+00
7.720000e+00 7.853982e-01 1.137084e+00 1.137085e+00 -1.623203e-02 0.000000e+00
7.720000e+00 8.639380e-01 1.137084e+00 1.137085e+00 -1.623203e-02 0.000000e+00
7.720000e+00 9.424778e-01 1.137084e+00 1.137085e+00 -1.623203e-02 0.000000e+00
7.720000e+00 1.021018e+00 1.137084e+00 1.137085e+00 -1.623203e-02 0.000000e+00
7.720000e+00 1.099557e+00 1.137084e+00 1.137085e+00 -1.623203e-02 0.000000e+00
7.720000e+00 1.178097e+00 1.137084e+00 1.137085e+00 -1.623203e-02 0.000000e+00
7.720000e+00 1.256637e+00 1.137084e+00 1.137085e+00 -1.623203e-02 0.000000e+00
7.720000e+00 1.335177e+00 1.137084e+00 1.137085e+00 -1.623203e-02 0.000000e+00
7.720000e+00 1.413717e+00 1.137084e+00 1.137085e+00 -1.623203e-02 0.000000e+00
7.720000e+00 1.492257e+00 1.137084e+00 1.137085e+00 -1.623203e-02 0.000000e+00
7.720000e+00 1.570796e+00 1.137084e+00 1.137085e+00 -1.623203e-02 0.000000e+00
7.910000e+00 0.000000e+00 1.133564e+00 1.133564e+00 -1.550889e-02 0.000000e+00
7.910000e+00 7.853982e-02 1.133564e+00 1.133564e+00 -1.550889e-02 0.000000e+00
7.910000e+00 1.570796e-01 1.133564e+00 1.133564e+00 -1.550889e-02 0.000000e+00
7.910000e+00 2.356194e-01 1.133564e+00 1.133564e+00 -1.550889e-02 0.000000e+00
7.910000e+00 3.141593e-01 1.133564e+00 1.133564e+00 -1.550889e-02 0.000000e+00
7.910000e+00 3.926991e-01 1.133564e+00 1.133564e+00 -1.550889e-02 0.000000e+00
7.910000e+00 4.712389e-01 1.133564e+00 1.133564e+00 -1.550889e-02 0.000000e+00
7.910000e+00 5.497787e-01 1.133564e+00 1.133564e+00 -1.550889e-02 0.000000e+00
7.910000e+00 6.283185e-01 1.133564e+00 1.133564e+00 -1.550889e-02 0.000000e+00
7.910000e+00 7.068583e-01 1.133564e+00 1.133564e+00 -1.550889e-02 0.000000e+00
7.910000e+00 7.853982e-01 1.133564e+00 1.133564e+00 -1.550889e-02 0.000000e+00
7.910000e+00 8.639380e-01 1.133564e+00 1.133564e+00 -1.550889e-02 0.000000e+00
7.910000e+00 9.424778e-01 1.133564e+00 1.133564e+00 -1.550889e-02 0.000000e+00
7.910000e+00 1.021018e+00 1.133564e+00 1.133564e+00 -1.550889e-02 0.000000e+00
7.910000e+00 1.099557e+00 1.133564e+00 1.133564e+00 -1.550889e-02 0.000000e+00
7.910000e+00 1.178097e+00 1.133564e+00 1.133564e+00 -1.550889e-02 0.000000e+00
7.910000e+00 1.256637e+00 1.133564e+00 1.133564e+00 -1.550889e-02 0.000000e+00
7.910000e+00 1.335177e+00 1.133564e+00 1.133564e+00 -1.550889e-02 0.000000e+00
7.910000e+00 1.413717e+00 1.133564e+00 1.133564e+00 -1.550889e-02 0.000000e+00
7.910000e+00 1.492257e+00 1.133564e+00 1.133564e+00 -1.550889e-02 0.000000e+00
7.910000e+00 1.570796e+00 1.133564e+00 1.133564e+00 -1.550889e-02 0.000000e+00
8.100000e+00 0.000000e+00 1.130218e+00 1.130218e+00 -1.483297e-02 0.000000e+00
8.100000e+00 7.853982e-02 1.130218e+00 1.130218e+00 -1.483297e-02 0.000000e+00
8.100000e+00 1.570796e-01 1.130218e+00 1.130218e+00 -1.483297e-02 0.000000e+00
8.100000e+00 2.356194e-01 1.130218e+00 1.130218e+00 -1.483297e-02 0.000000e+00
8.100000e+00 3.141593e-01 1.130218e+00 1.130218e+00 -1.483297e-02 0.000000e+00
8.100000e+00 3.926991e-01 1.130218e+00 1.130218e+00 -1.483297e-02 0.000000e+00
8.100000e+00 4.712389e-01 1.130218e+00 1.130218e+00 -1.483297e-02 0.000000e+00
8.100000e+00 5.497787e-01 1.130218e+00 1.130218e+00 -1.483297e-02 0.000000e+00
8.100000e+00 6.283185e-01 1.130218e+00 1.130218e+00 -1.483297e-02 0.000000e+00
8.100000e+00 7.068583e-01 1.130218e+00 1.130218e+00 -1.483297e-02 0.000000e+00
8.100000e+00 7.853982e-01 1.130218e+00 1.130218e+00 -1.483297e-02 0.000000e+00
8.100000e+00 8.639380e-01 1.130218e+00 1.130218e+00 -1.483297e-02 0.000000e+00
8.100000e+00 9.424778e-01 1.130218e+00 1.130218e+00 -1.483297e-02 0.000000e+00
8.100000e+00 1.021018e+00 1.130218e+00 1.130218e+00 -1.483297e-02 0.000000e+00
8.100000e+00 1.099557e+00 1.130218e+00 1.130218e+00 -1.483297e-02 0.000000e+00
8.100000e+00 1.178097e+00 1.130218e+00 1.130218e+00 -1.483297e-02 0.000000e+00
8.100000e+00 1.256637e+00 1.130218e+00 1.130218e+00 -1.483297e-02 0.000000e+00
8.100000e+00 1.335177e+00 1.130218e+00 1.130218e+00 -1.483297e-02 0.000000e+00
8.100000e+00 1.413717e+00 1.130218e+00 1.130218e+00 -1.483297e-02 0.000000e+00
8.100000e+00 1.492257e+00 1.130218e+00 1.130218e+00 -1.483297e-02 0.000000e+00
8.100000e+00 1.570796e+00 1.130218e+00 1.130218e+00 -1.483297e-02 0.000000e+00
8.290000e+00 0.000000e+00 1.127034e+00 1.127034e+00 -1.420019e-02 0.000000e+00
8.290000e+00 7.853982e-02 1.127034e+00 1.127034e+00 -1.420019e-02 0.000000e+00
8.290000e+00 1.570796e-01 1.127034e+00 1.127034e+00 -1.420019e-02 0.000000e+00
8.290000e+00 2.356194e-01 1.127034e+00 1.127034e+00 -1.420019e-02 0.000000e+00
8.290000e+00 3.141593e-01 1.127034e+00 1.127034e+00 -1.420019e-02 0.000000e+00
8.290000e+00 3.926991e-01 1.127034e+00 1.127034e+00 -1.420019e-02 0.000000e+00
8.290000e+00 4.712389e-01 1.127034e+00 1.127034e+00 -1.420019e-02 0.000000e+00
8.290000e+00 5.497787e-01 1.127034e+00 1.127034e+00 -1.420019e-02 0.000000e+00
8.290000e+00 6.283185e-01 1.127034e+00 1.127034e+00 -1.420019e-02 0.000000e+00
8.290000e+00 7.068583e-01 1.127034e+00 1.127034e+00 -1.420019e-02 0.000000e+00
8.290000e+00 7.853982e-01 1.127034e+00 1.127034e+00 -1.420019e-02 0.000000e+00
8.290000e+00 8.639380e-01 1.127034e+00 1.127034e+00 -1.420019e-02 0.000000e+00
8.290000e+00 9.424778e-01 1.127034e+00 1.127034e+00 -1.420019e-02 0.000000e+00
8.290000e+00 1.021018e+00 1.127034e+00 1.127034e+00 -1.420019e-02 0.000000e+00
8.290000e+00 1.099557e+00 1.127034e+00 1.127034e+00 -1.420019e-02 0.000000e+00
8.290000e+00 1.178097e+00 1.127034e+00 1.127034e+00 -1.420019e-02 0.000000e+00
8.290000e+00 1.256637e+00 1.127034e+00 1.127034e+00 -1.420019e-02 0.000000e+00
8.290000e+00 1.335177e+00 1.127034e+00 1.127034e+00 -1.420019e-02 0.000000e+00
8.290000e+00 1.413717e+00 1.127034e+00 1.127034e+00 -1.420019e-02 0.000000e+00
8.290000e+00 1.492257e+00 1.127034e+00 1.127034e+00 -1.420019e-02 0.000000e+00
8.290000e+00 1.570796e+00 1.127034e+00 1.127034e+00 -1.420019e-02 0.000000e+00
8.480000e+00 0.000000e+00 1.124000e+00 1.124001e+00 -1.360705e-02 0.000000e+00
8.480000e+00 7.853982e-02 1.124000e+00 1.124001e+00 -1.360705e-02 0.000000e+00
8.480000e+00 1.570796e-01 1.124000e+00 1.124001e+00 -1.360705e-02 0.000000e+00
8.480000e+00 2.356194e-01 1.124000e+00 1.124001e+00 -1.360705e-02 0.000000e+00
8.480000e+00 3.141593e-01 1.124000e+00 1.124001e+00 -1.360705e-02 0.000000e+00
8.480000e+00 3.926991e-01 1.124000e+00 1.124001e+00 -1.360705e-02 0.000000e+00
8.480000e+00 4.712389e-01 1.124000e+00 1.124001e+00 -1.360705e-02 0.000000e+00
8.480000e+00 5.497787e-01 1.124000e+00 1.124001e+00 -1.360705e-02 0.000000e+00
8.480000e+00 6.283185e-01 1.124000e+00 1.124001e+00 -1.360705e-02 0.000000e+00
8.480000e+00 7.068583e-01 1.124000e+00 1.124001e+00 -1.360705e-02 0.000000e+00
8.480000e+00 7.853982e-01 1.124000e+00 1.124001e+00 -1.360705e-02 0.000000e+00
8.480000e+00 8.639380e-01 1.124000e+00 1.124001e+00 -1.360705e-02 0.000000e+00
8.480000e+00 9.424778e-01 1.124000e+00 1.124001e+00 -1.360705e-02 0.000000e+00
8.480000e+00 1.021018e+00 1.124000e+00 1.124001e+00 -1.360705e-02 0.000000e+00
8.480000e+00 1.099557e+00 1.124000e+00 1.124001e+00 -1.360705e-02 0.000000e+00
8.480000e+00 1.178097e+00 1.124000e+00 1.124001e+00 -1.360705e-02 0.000000e+00
8.480000e+00 1.256637e+00 1.124000e+00 1.124001e+00 -1.360705e-02 0.000000e+00
8.480000e+00 1.335177e+00 1.124000e+00 1.124001e+00 -1.360705e-02 0.000000e+00
8.480000e+00 1.413717e+00 1.124000e+00 1.124001e+00 -1.360705e-02 0.000000e+00
8.480000e+00 1.492257e+00 1.124000e+00 1.124001e+00 -1.360705e-02 0.000000e+00
8.480000e+00 1.570796e+00 1.124000e+00 1.124001e+00 -1.360705e-02 0.000000e+00
8.670000e+00 0.000000e+00 1.121107e+00 1.121108e+00 -1.305043e-02 0.000000e+00
8.670000e+00 7.853982e-02 1.121107e+00 1.121108e+00 -1.305043e-02 0.000000e+00
8.670000e+00 1.570796e-01 1.121107e+00 1.121108e+00 -1.305043e-02 0.000000e+00
8.670000e+00 2.356194e-01 1.121107e+00 1.121108e+00 -1.305043e-02 0.000000e+00
8.670000e+00 3.141593e-01 1.121107e+00 1.121108e+00 -1.305043e-02 0.000000e+00
8.670000e+00 3.926991e-01 1.121107e+00 1.121108e+00 -1.305043e-02 0.000000e+00
8.670000e+00 4.712389e-01 1.121107e+00 1.121108e+00 -1.305043e-02 0.000000e+00
8.670000e+00 5.497787e-01 1.121107e+00 1.121108e+00 -1.305043e-02 0.000000e+00
8.670000e+00 6.283185e-01 1.121107e+00 1.121108e+00 -1.305043e-02 0.000000e+00
8.670000e+00 7.068583e-01 1.121107e+00 1.121108e+00 -1.305043e-02 0.000000e+00
8.670000e+00 7.853982e-01 1.121107e+00 1.121108e+00 -1.305043e-02 0.000000e+00
8.670000e+00 8.639380e-01 1.121107e+00 1.121108e+00 -1.305043e-02 0.000000e+00
8.670000e+00 9.424778e-01 1.121107e+00 1.121108e+00 -1.305043e-02 0.000000e+00
8.670000e+00 1.021018e+00 1.121107e+00 1.121108e+00 -1.305043e-02 0.000000e+00
8.670000e+00 1.099557e+00 1.121107e+00 1.121108e+00 -1.305043e-02 0.000000e+00
8.670000e+00 1.178097e+00 1.121107e+00 1.121108e+00 -1.305043e-02 0.000000e+00
8.670000e+00 1.256637e+00 1.121107e+00 1.121108e+00 -1.305043e-02 0.000000e+00
8.670000e+00 1.335177e+00 1.121107e+00 1.121108e+00 -1.305043e-02 0.000000e+00
8.670000e+00 1.413717e+00 1.121107e+00 1.121108e+00 -1.305043e-02 0.000000e+00
8.670000e+00 1.492257e+00 1.121107e+00 1.121108e+00 -1.305043e-02 0.000000e+00
8.670000e+00 1.570796e+00 1.121107e+00 1.121108e+00 -1.305043e-02 0.000000e+00
8.860000e+00 0.000000e+00 1.118345e+00 1.118345e+00 -1.252717e-02 0.000000e+00
8.860000e+00 7.853982e-02 1.118345e+00 1.118345e+00 -1.252717e-02 0.000000e+00
8.860000e+00 1.570796e-01 1.118345e+00 1.118345e+00 -1.252717e-02 0.000000e+00
8.860000e+00 2.356194e-01 1.118345e+00 1.118345e+00 -1.252717e-02 0.000000e+00
8.860000e+00 3.141593e-01 1.118345e+00 1.118345e+00 -1.252717e-02 0.000000e+00
8.860000e+00 3.926991e-01 1.118345e+00 1.118345e+00 -1.252717e-02 0.000000e+00
8.860000e+00 4.712389e-01 1.118345e+00 1.118345e+00 -1.252717e-02 0.000000e+00
8.860000e+00 5.497787e-01 1.118345e+00 1.118345e+00 -1.252717e-02 0.000000e+00
8.860000e+00 6.283185e-01 1.118345e+00 1.118345e+00 -1.252717e-02 0.000000e+00
8.860000e+00 7.068583e-01 1.118345e+00 1.118345e+00 -1.252717e-02 0.000000e+00
8.860000e+00 7.853982e-01 1.118345e+00 1.118345e+00 -1.252717e-02 0.000000e+00
8.860000e+00 8.639380e-01 1.118345e+00 1.118345e+00 -1.252717e-02 0.000000e+00
8.860000e+00 9.424778e-01 1.118345e+00 1.118345e+00 -1.252717e-02 0.000000e+00
8.860000e+00 1.021018e+00 1.118345e+00 1.118345e+00 -1.252717e-02 0.000000e+00
8.860000e+00 1.099557e+00 1.118345e+00 1.118345e+00 -1.252717e-02 0.000000e+00
8.860000e+00 1.178097e+00 1.118345e+00 1.118345e+00 -1.252717e-02 0.000000e+00
8.860000e+00 1.256637e+00 1.118345e+00 1.118345e+00 -1.252717e-02 0.000000e+00
8.860000e+00 1.335177e+00 1.118345e+00 1.118345e+00 -1.252717e-02 0.000000e+00
8.860000e+00 1.413717e+00 1.118345e+00 1.118345e+00 -1.252717e-02 0.000000e+00
8.860000e+00 1.492257e+00 1.118345e+00 1.118345e+00 -1.252717e-02 0.000000e+00
8.860000e+00 1.570796e+00 1.118345e+00 1.118345e+00 -1.252717e-02 0.000000e+00
9.050000e+00 0.000000e+00 1.115704e+00 1.115704e+00 -1.203532e-02 0.000000e+00
9.050000e+00 7.853982e-02 1.115704e+00 1.115704e+00 -1.203532e-02 0.000000e+00
9.050000e+00 1.570796e-01 1.115704e+00 1.115704e+00 -1.203532e-02 0.000000e+00
9.050000e+00 2.356194e-01 1.115704e+00 1.115704e+00 -1.203532e-02 0.000000e+00
9.050000e+00 3.141593e-01 1.115704e+00 1.115704e+00 -1.203532e-02 0.000000e+00
9.050000e+00 3.926991e-01 1.115704e+00 1.115704e+00 -1.203532e-02 0.000000e+00
9.050000e+00 4.712389e-01 1.115704e+00 1.115704e+00 -1.203532e-02 0.000000e+00
9.050000e+00 5.497787e-01 1.115704e+00 1.115704e+00 -1.203532e-02 0.000000e+00
9.050000e+00 6.283185e-01 1.115704e+00 1.115704e+00 -1.203532e-02 0.000000e+00
9.050000e+00 7.068583e-01 1.115704e+00 1.115704e+00 -1.203532e-02 0.000000e+00
9.050000e+00 7.853982e-01 1.115704e+00 1.115704e+00 -1.203532e-02 0.000000e+00
9.050000e+00 8.639380e-01 1.115704e+00 1.115704e+00 -1.203532e-02 0.000000e+00
9.050000e+00 9.424778e-01 1.115704e+00 1.115704e+00 -1.203532e-02 0.000000e+00
9.050000e+00 1.021018e+00 1.115704e+00 1.115704e+00 -1.203532e-02 0.000000e+00
9.050000e+00 1.099557e+00 1.115704e+00 1.115704e+00 -1.203532e-02 0.000000e+00
9.050000e+00 1.178097e+00 1.115704e+00 1.115704e+00 -1.203532e-02 0.000000e+00
9.050000e+00 1.256637e+00 1.115704e+00 1.115704e+00 -1.203532e-02 0.000000e+00
9.050000e+00 1.335177e+00 1.115704e+00 1.115704e+00 -1.203532e-02 0.000000e+00
9.050000e+00 1.413717e+00 1.115704e+00 1.115704e+00 -1.203532e-02 0.000000e+00
9.050000e+00 1.492257e+00 1.115704e+00 1.115704e+00 -1.203532e-02 0.000000e+00
9.050000e+00 1.570796e+00 1.115704e+00 1.115704e+00 -1.203532e-02 0.000000e+00
9.240000e+00 0.000000e+00 1.113181e+00 1.113181e+00 -1.157123e-02 0.000000e+00
9.240000e+00 7.853982e-02 1.113181e+00 1.113181e+00 -1.157123e-02 0.000000e+00
9.240000e+00 1.570796e-01 1.113181e+00 1.113181e+00 -1.157123e-02 0.000000e+00
9.240000e+00 2.356194e-01 1.113181e+00 1.113181e+00 -1.157123e-02 0.000000e+00
9.240000e+00 3.141593e-01 1.113181e+00 1.113181e+00 -1.157123e-02 0.000000e+00
9.240000e+00 3.926991e-01 1.113181e+00 1.113181e+00 -1.157123e-02 0.000000e+00
9.240000e+00 4.712389e-01 1.113181e+00 1.113181e+00 -1.157123e-02 0.000000e+00
9.240000e+00 5.497787e-01 1.113181e+00 1.113181e+00 -1.157123e-02 0.000000e+00
9.240000e+00 6.283185e-01 1.113181e+00 1.113181e+00 -1.157123e-02 0.000000e+00
9.240000e+00 7.068583e-01 1.113181e+00 1.113181e+00 -1.157123e-02 0.000000e+00
9.240000e+00 7.853982e-01 1.113181e+00 1.113181e+00 -1.157123e-02 0.000000e+00
9.240000e+00 8.639380e-01 1.113181e+00 1.113181e+00 -1.157123e-02 0.000000e+00
9.240000e+00 9.424778e-01 1.113181e+00 1.113181e+00 -1.157123e-02 0.000000e+00
9.240000e+00 1.021018e+00 1.113181e+00 1.113181e+00 -1.157123e-02 0.000000e+00
9.240000e+00 1.099557e+00 1.113181e+00 1.113181e+00 -1.157123e-02 0.000000e+00
9.240000e+00 1.178097e+00 1.113181e+00 1.113181e+00 -1.157123e-02 0.000000e+00
9.240000e+00 1.256637e+00 1.113181e+00 1.113181e+00 -1.157123e-02 0.000000e+00
9.240000e+00 1.335177e+00 1.113181e+00 1.113181e+00 -1.157123e-02 0.000000e+00
9.240000e+00 1.413717e+00 1.113181e+00 1.113181e+00 -1.157123e-02 0.000000e+00
9.240000e+00 1.492257e+00 1.113181e+00 1.113181e+00 -1.157123e-02 0.000000e+00
9.240000e+00 1.570796e+00 1.113181e+00 1.113181e+00 -1.157123e-02 0.000000e+00
9.430000e+00 0.000000e+00 1.110761e+00 1.110761e+00 -1.114472e-02 0.000000e+00
9.430000e+00 7.853982e-02 1.110761e+00 1.110761e+00 -1.114472e-02 0.000000e+00
9.430000e+00 1.570796e-01 1.110761e+00 1.110761e+00 -1.114472e-02 0.000000e+00
9.430000e+00 2.356194e-01 1.110761e+00 1.110761e+00 -1.114472e-02 0.000000e+00
9.430000e+00 3.141593e-01 1.110761e+00 1.110761e+00 -1.114472e-02 0.000000e+00
9.430000e+00 3.926991e-01 1.110761e+00 1.110761e+00 -1.114472e-02 0.000000e+00
9.430000e+00 4.712389e-01 1.110761e+00 1.110761e+00 -1.114472e-02 0.000000e+00
9.430000e+00 5.497787e-01 1.110761e+00 1.110761e+00 -1.114472e-02 0.000000e+00
9.430000e+00 6.283185e-01 1.110761e+00 1.110761e+00 -1.114472e-02 0.000000e+00
9.430000e+00 7.068583e-01 1.110761e+00 1.110761e+00 -1.114472e-02 0.000000e+00
9.430000e+00 7.853982e-01 1.110761e+00 1.110761e+00 -1.114472e-02 0.000000e+00
9.430000e+00 8.639380e-01 1.110761e+00 1.110761e+00 -1.114472e-02 0.000000e+00
9.430000e+00 9.424778e-01 1.110761e+00 1.110761e+00 -1.114472e-02 0.000000e+00
9.430000e+00 1.021018e+00 1.110761e+00 1.110761e+00 -1.114472e-02 0.000000e+00
9.430000e+00 1.099557e+00 1.110761e+00 1.110761e+00 -1.114472e-02 0.000000e+00
9.430000e+00 1.178097e+00 1.110761e+00 1.110761e+00 -1.114472e-02 0.000000e+00
9.430000e+00 1.256637e+00 1.110761e+00 1.110761e+00 -1.114472e-02 0.000000e+00
9.430000e+00 1.335177e+00 1.110761e+00 1.110761e+00 -1.114472e-02 0.000000e+00
9.430000e+00 1.413717e+00 1.110761e+00 1.110761e+00 -1.114472e-02 0.000000e+00
9.430000e+00 1.492257e+00 1.110761e+00 1.110761e+00 -1.114472e-02 0.000000e+00
9.430000e+00 1.570796e+00 1.110761e+00 1.110761e+00 -1.114472e-02 0.000000e+00
9.620000e+00 0.000000e+00 1.108495e+00 1.108496e+00 -1.072974e-02 0.000000e+00
9.620000e+00 7.853982e-02 1.108495e+00 1.108496e+00 -1.072974e-02 0.000000e+00
9.620000e+00 1.570796e-01 1.108495e+00 1.108496e+00 -1.072974e-02 0.000000e+00
9.620000e+00 2.356194e-01 1.108495e+00 1.108496e+00 -1.072974e-02 0.000000e+00
9.620000e+00 3.141593e-01 1.108495e+00 1.108496e+00 -1.072974e-02 0.000000e+00
9.620000e+00 3.926991e-01 1.108495e+00 1.108496e+00 -1.072974e-02 0.000000e+00
9.620000e+00 4.712389e-01 1.108495e+00 1.108496e+00 -1.072974e-02 0.000000e+00
9.620000e+00 5.497787e-01 1.108495e+00 1.108496e+00 -1.072974e-02 0.000000e+00
9.620000e+00 6.283185e-01 1.108495e+00 1.108496e+00 -1.072974e-02 0.000000e+00
9.620000e+00 7.068583e-01 1.108495e+00 1.108496e+00 -1.072974e-02 0.000000e+00
9.620000e+00 7.853982e-01 1.108495e+00 1.108496e+00 -1.072974e-02 0.000000e+00
9.620000e+00 8.639380e-01 1.108495e+00 1.108496e+00 -1.072974e-02 0.000000e+00
9.620000e+00 9.424778e-01 1.108495e+00 1.108496e+00 -1.072974e-02 0.000000e+00
9.620000e+00 1.021018e+00 1.108495e+00 1.108496e+00 -1.072974e-02 0.000000e+00
9.620000e+00 1.099557e+00 1.108495e+00 1.108496e+00 -1.072974e-02 0.000000e+00
9.620000e+00 1.178097e+00 1.108495e+00 1.108496e+00 -1.072974e-02 0.000000e+00
9.620000e+00 1.256637e+00 1.108495e+00 1.108496e+00 -1.072974e-02 0.000000e+00
9.620000e+00 1.335177e+00 1.108495e+00 1.108496e+00 -1.072974e-02 0.000000e+00
9.620000e+00 1.413717e+00 1.108495e+00 1.108496e+00 -1.072974e-02 0.000000e+00
9.620000e+00 1.492257e+00 1.108495e+00 1.108496e+00 -1.072974e-02 0.000000e+00
9.620000e+00 1.570796e+00 1.108495e+00 1.108496e+00 -1.072974e-02 0.000000e+00
9.810000e+00 0.000000e+00 1.106265e+00 1.106265e+00 -1.054520e-02 0.000000e+00
9.810000e+00 7.853982e-02 1.106265e+00 1.106265e+00 -1.054520e-02 0.000000e+00
9.810000e+00 1.570796e-01 1.106265e+00 1.106265e+00 -1.054520e-02 0.000000e+00
9.810000e+00 2.356194e-01 1.106265e+00 1.106265e+00 -1.054520e-02 0.000000e+00
9.810000e+00 3.141593e-01 1.106265e+00 1.106265e+00 -1.054520e-02 0.000000e+00
9.810000e+00 3.926991e-01 1.106265e+00 1.106265e+00 -1.054520e-02 0.000000e+00
9.810000e+00 4.712389e-01 1.106265e+00 1.106265e+00 -1.054520e-02 0.000000e+00
9.810000e+00 5.497787e-01 1.106265e+00 1.106265e+00 -1.054520e-02 0.000000e+00
9.810000e+00 6.283185e-01 1.106265e+00 1.106265e+00 -1.054520e-02 0.000000e+00
9.810000e+00 7.068583e-01 1.106265e+00 1.106265e+00 -1.054520e-02 0.000000e+00
9.810000e+00 7.853982e-01 1.106265e+00 1.106265e+00 -1.054520e-02 0.000000e+00
9.810000e+00 8.639380e-01 1.106265e+00 1.106265e+00 -1.054520e-02 0.000000e+00
9.810000e+00 9.424778e-01 1.106265e+00 1.106265e+00 -1.054520e-02 0.000000e+00
9.810000e+00 1.021018e+00 1.106265e+00 1.106265e+00 -1.054520e-02 0.000000e+00
9.810000e+00 1.099557e+00 1.106265e+00 1.106265e+00 -1.054520e-02 0.000000e+00
9.810000e+00 1.178097e+00 1.106265e+00 1.106265e+00 -1.054520e-02 0.000000e+00
9.810000e+00 1.256637e+00 1.106265e+00 1.106265e+00 -1.054520e-02 0.000000e+00
9.810000e+00 1.335177e+00 1.106265e+00 1.106265e+00 -1.054520e-02 0.000000e+00
9.810000e+00 1.413717e+00 1.106265e+00 1.106265e+00 -1.054520e-02 0.000000e+00
9.810000e+00 1.492257e+00 1.106265e+00 1.106265e+00 -1.054520e-02 0.000000e+00
9.810000e+00 1.570796e+00 1.106265e+00 1.106265e+00 -1.054520e-02 0.000000e+00
1.000000e+01 0.000000e+00 1.105114e+00 1.105114e+00 -1.013852e-02 0.000000e+00
1.000000e+01 7.853982e-02 1.105114e+00 1.105114e+00 -1.013852e-02 0.000000e+00
1.000000e+01 1.570796e-01 1.105114e+00 1.105114e+00 -1.013852e-02 0.000000e+00
1.000000e+01 2.356194e-01 1.105114e+00 1.105114e+00 -1.013852e-02 0.000000e+00
1.000000e+01 3.141593e-01 1.105114e+00 1.105114e+00 -1.013852e-02 0.000000e+00
1.000000e+01 3.926991e-01 1.105114e+00 1.105114e+00 -1.013852e-02 0.000000e+00
1.000000e+01 4.712389e-01 1.105114e+00 1.105114e+00 -1.013852e-02 0.000000e+00
1.000000e+01 5.497787e-01 1.105114e+00 1.105114e+00 -1.013852e-02 0.000000e+00
1.000000e+01 6.283185e-01 1.105114e+00 1.105114e+00 -1.013852e-02 0.000000e+00
1.000000e+01 7.068583e-01 1.105114e+00 1.105114e+00 -1.013852e-02 0.000000e+00
1.000000e+01 7.853982e-01 1.105114e+00 1.105114e+00 -1.013852e-02 0.000000e+00
1.000000e+01 8.639380e-01 1.105114e+00 1.105114e+00 -1.013852e-02 0.000000e+00
1.000000e+01 9.424778e-01 1.105114e+00 1.105114e+00 -1.013852e-02 0.000000e+00
1.000000e+01 1.021018e+00 1.105114e+00 1.105114e+00 -1.013852e-02 0.000000e+00
1.000000e+01 1.099557e+00 1.105114e+00 1.105114e+00 -1.013852e-02 0.000000e+00
1.000000e+01 1.178097e+00 1.105114e+00 1.105114e+00 -1.013852e-02 0.000000e+00
1.000000e+01 1.256637e+00 1.105114e+00 1.105114e+00 -1.013852e-02 0.000000e+00
1.000000e+01 1.335177e+00 1.105114e+00 1.105114e+00 -1.013852e-02 0.000000e+00
1.000000e+01 1.413717e+00 1.105114e+00 1.105114e+00 -1.013852e-02 0.000000e+00
1.000000e+01 1.492257e+00 1.105114e+00 1.105114e+00 -1.013852e-02 0.000000e+00
1.000000e+01 1.570796e+00 1.105114e+00 1.105114e+00 -1.013852e-02 0.000000e+00
