###############PARAM###############
1.000006e+02 
801 
###################################
1.000000e-01 2.666554e+01 9.465353e+01 -2.172956e+00
1.123750e-01 2.129650e+01 6.457023e+01 -1.822621e+00
1.247500e-01 1.773311e+01 5.009371e+01 -1.793296e+00
1.371250e-01 1.532757e+01 3.994372e+01 -1.713973e+00
1.495000e-01 1.355145e+01 3.330121e+01 -1.631407e+00
1.618750e-01 1.220646e+01 2.844321e+01 -1.544759e+00
1.742500e-01 1.112850e+01 2.476713e+01 -1.462142e+00
1.866250e-01 1.024262e+01 2.186733e+01 -1.384801e+00
1.990000e-01 9.496744e+00 1.952304e+01 -1.313454e+00
2.113750e-01 8.859040e+00 1.758960e+01 -1.247853e+00
2.237500e-01 8.306810e+00 1.597063e+01 -1.187573e+00
2.361250e-01 7.823788e+00 1.459789e+01 -1.132106e+00
2.485000e-01 7.397690e+00 1.342156e+01 -1.080960e+00
2.608750e-01 7.019068e+00 1.240431e+01 -1.033685e+00
2.732500e-01 6.680482e+00 1.151755e+01 -9.898768e-01
2.856250e-01 6.375982e+00 1.073901e+01 -9.491811e-01
2.980000e-01 6.100744e+00 1.005110e+01 -9.112859e-01
3.103750e-01 5.850816e+00 9.439745e+00 -8.759182e-01
3.227500e-01 5.622924e+00 8.893560e+00 -8.428371e-01
3.351250e-01 5.414336e+00 8.403245e+00 -8.118314e-01
3.475000e-01 5.222747e+00 7.961136e+00 -7.827150e-01
3.598750e-01 5.046207e+00 7.560866e+00 -7.553230e-01
3.722500e-01 4.883046e+00 7.197106e+00 -7.295092e-01
3.846250e-01 4.731832e+00 6.865365e+00 -7.051432e-01
3.970000e-01 4.591335e+00 6.561836e+00 -6.821090e-01
4.093750e-01 4.460472e+00 6.283274e+00 -6.603023e-01
4.217500e-01 4.338307e+00 6.026895e+00 -6.396298e-01
4.341250e-01 4.224025e+00 5.790303e+00 -6.200072e-01
4.465000e-01 4.116903e+00 5.571421e+00 -6.013583e-01
4.588750e-01 4.016306e+00 5.368446e+00 -5.836142e-01
4.712500e-01 3.921669e+00 5.179800e+00 -5.667123e-01
4.836250e-01 3.832491e+00 5.004101e+00 -5.505961e-01
4.960000e-01 3.748323e+00 4.840136e+00 -5.352135e-01
5.083750e-01 3.668758e+00 4.686832e+00 -5.205184e-01
5.207500e-01 3.593440e+00 4.543237e+00 -5.064665e-01
5.331250e-01 3.522048e+00 4.408510e+00 -4.930180e-01
5.455000e-01 3.454289e+00 4.281897e+00 -4.801363e-01
5.578750e-01 3.389901e+00 4.162725e+00 -4.677878e-01
5.702500e-01 3.328643e+00 4.050393e+00 -4.559414e-01
5.826250e-01 3.270297e+00 3.944358e+00 -4.445685e-01
5.950000e-01 3.214666e+00 3.844133e+00 -4.336426e-01
6.073750e-01 3.161569e+00 3.749278e+00 -4.231391e-01
6.197500e-01 3.110842e+00 3.659396e+00 -4.130350e-01
6.321250e-01 3.062331e+00 3.574125e+00 -4.033092e-01
6.445000e-01 3.015899e+00 3.493137e+00 -3.939418e-01
6.568750e-01 2.971417e+00 3.416134e+00 -3.849145e-01
6.692500e-01 2.928768e+00 3.342844e+00 -3.762100e-01
6.816250e-01 2.887844e+00 3.273017e+00 -3.678123e-01
6.940000e-01 2.848544e+00 3.206427e+00 -3.597064e-01
7.063750e-01 2.810777e+00 3.142863e+00 -3.518781e-01
7.187500e-01 2.774455e+00 3.082135e+00 -3.443143e-01
7.311250e-01 2.739500e+00 3.024065e+00 -3.370027e-01
7.435000e-01 2.705838e+00 2.968492e+00 -3.299315e-01
7.558750e-01 2.673399e+00 2.915265e+00 -3.230899e-01
7.682500e-01 2.642120e+00 2.864246e+00 -3.164675e-01
7.806250e-01 2.611941e+00 2.815306e+00 -3.100547e-01
7.930000e-01 2.582806e+00 2.768327e+00 -3.038423e-01
8.053750e-01 2.554663e+00 2.723199e+00 -2.978217e-01
8.177500e-01 2.527465e+00 2.679820e+00 -2.919848e-01
8.301250e-01 2.501164e+00 2.638093e+00 -2.863238e-01
8.425000e-01 2.475718e+00 2.597932e+00 -2.808314e-01
8.548750e-01 2.451086e+00 2.559253e+00 -2.755009e-01
8.672500e-01 2.427231e+00 2.521979e+00 -2.703256e-01
8.796250e-01 2.404118e+00 2.486039e+00 -2.652994e-01
8.920000e-01 2.381714e+00 2.451365e+00 -2.604163e-01
9.043750e-01 2.359986e+00 2.417895e+00 -2.556708e-01
9.167500e-01 2.338907e+00 2.385569e+00 -2.510575e-01
9.291250e-01 2.318447e+00 2.354333e+00 -2.465714e-01
9.415000e-01 2.298581e+00 2.324134e+00 -2.422078e-01
9.538750e-01 2.279284e+00 2.294923e+00 -2.379621e-01
9.662500e-01 2.260531e+00 2.266656e+00 -2.338300e-01
9.786250e-01 2.242300e+00 2.239289e+00 -2.298072e-01
9.910000e-01 2.224570e+00 2.212781e+00 -2.258898e-01
1.003375e+00 2.207322e+00 2.187094e+00 -2.220740e-01
1.015750e+00 2.190535e+00 2.162192e+00 -2.183563e-01
1.028125e+00 2.174193e+00 2.138041e+00 -2.147334e-01
1.040500e+00 2.158277e+00 2.114609e+00 -2.112018e-01
1.052875e+00 2.142772e+00 2.091866e+00 -2.077586e-01
1.065250e+00 2.127664e+00 2.069782e+00 -2.044006e-01
1.077625e+00 2.112936e+00 2.048332e+00 -2.011251e-01
1.090000e+00 2.098576e+00 2.027488e+00 -1.979293e-01
1.102375e+00 2.084571e+00 2.007226e+00 -1.948106e-01
1.114750e+00 2.070906e+00 1.987524e+00 -1.917664e-01
1.127125e+00 2.057570e+00 1.968359e+00 -1.887943e-01
1.139500e+00 2.044553e+00 1.949710e+00 -1.858921e-01
1.151875e+00 2.031842e+00 1.931559e+00 -1.830575e-01
1.164250e+00 2.019427e+00 1.913884e+00 -1.802883e-01
1.176625e+00 2.007298e+00 1.896670e+00 -1.775825e-01
1.189000e+00 1.995446e+00 1.879899e+00 -1.749381e-01
1.201375e+00 1.983861e+00 1.863554e+00 -1.723533e-01
1.213750e+00 1.972535e+00 1.847620e+00 -1.698263e-01
1.226125e+00 1.961459e+00 1.832082e+00 -1.673554e-01
1.238500e+00 1.950625e+00 1.816926e+00 -1.649388e-01
1.250875e+00 1.940026e+00 1.802139e+00 -1.625749e-01
1.263250e+00 1.929654e+00 1.787708e+00 -1.602622e-01
1.275625e+00 1.919501e+00 1.773621e+00 -1.579992e-01
1.288000e+00 1.909562e+00 1.759865e+00 -1.557844e-01
1.300375e+00 1.899830e+00 1.746430e+00 -1.536166e-01
1.312750e+00 1.890298e+00 1.733305e+00 -1.514943e-01
1.325125e+00 1.880960e+00 1.720480e+00 -1.494162e-01
1.337500e+00 1.871812e+00 1.707945e+00 -1.473811e-01
1.349875e+00 1.862848e+00 1.695690e+00 -1.453877e-01
1.362250e+00 1.854062e+00 1.683707e+00 -1.434350e-01
1.374625e+00 1.845448e+00 1.671986e+00 -1.415219e-01
1.387000e+00 1.837002e+00 1.660521e+00 -1.396471e-01
1.399375e+00 1.828719e+00 1.649301e+00 -1.378099e-01
1.411750e+00 1.820594e+00 1.638321e+00 -1.360091e-01
1.424125e+00 1.812623e+00 1.627572e+00 -1.342438e-01
1.436500e+00 1.804801e+00 1.617048e+00 -1.325130e-01
1.448875e+00 1.797125e+00 1.606743e+00 -1.308157e-01
1.461250e+00 1.789590e+00 1.596648e+00 -1.291510e-01
1.473625e+00 1.782193e+00 1.586759e+00 -1.275181e-01
1.486000e+00 1.774931e+00 1.577068e+00 -1.259163e-01
1.498375e+00 1.767799e+00 1.567572e+00 -1.243448e-01
1.510750e+00 1.760794e+00 1.558262e+00 -1.228030e-01
1.523125e+00 1.753913e+00 1.549136e+00 -1.212900e-01
1.535500e+00 1.747152e+00 1.540186e+00 -1.198052e-01
1.547875e+00 1.740508e+00 1.531409e+00 -1.183477e-01
1.560250e+00 1.733979e+00 1.522799e+00 -1.169168e-01
1.572625e+00 1.727561e+00 1.514353e+00 -1.155120e-01
1.585000e+00 1.721252e+00 1.506064e+00 -1.141326e-01
1.597375e+00 1.715049e+00 1.497930e+00 -1.127779e-01
1.609750e+00 1.708949e+00 1.489946e+00 -1.114475e-01
1.622125e+00 1.702950e+00 1.482108e+00 -1.101406e-01
1.634500e+00 1.697051e+00 1.474412e+00 -1.088568e-01
1.646875e+00 1.691247e+00 1.466855e+00 -1.075954e-01
1.659250e+00 1.685533e+00 1.459432e+00 -1.063560e-01
1.671625e+00 1.679910e+00 1.452141e+00 -1.051381e-01
1.684000e+00 1.674378e+00 1.444978e+00 -1.039411e-01
1.696375e+00 1.668933e+00 1.437940e+00 -1.027646e-01
1.708750e+00 1.663574e+00 1.431023e+00 -1.016080e-01
1.721125e+00 1.658298e+00 1.424225e+00 -1.004710e-01
1.733500e+00 1.653104e+00 1.417542e+00 -9.935323e-02
1.745875e+00 1.647990e+00 1.410972e+00 -9.825409e-02
1.758250e+00 1.642953e+00 1.404512e+00 -9.717321e-02
1.770625e+00 1.637991e+00 1.398160e+00 -9.611013e-02
1.783000e+00 1.633103e+00 1.391912e+00 -9.506448e-02
1.795375e+00 1.628290e+00 1.385767e+00 -9.403581e-02
1.807750e+00 1.623549e+00 1.379721e+00 -9.302375e-02
1.820125e+00 1.618876e+00 1.373773e+00 -9.202825e-02
1.832500e+00 1.614272e+00 1.367920e+00 -9.104879e-02
1.844875e+00 1.609733e+00 1.362160e+00 -9.008493e-02
1.857250e+00 1.605261e+00 1.356491e+00 -8.913644e-02
1.869625e+00 1.600852e+00 1.350910e+00 -8.820298e-02
1.882000e+00 1.596506e+00 1.345417e+00 -8.728412e-02
1.894375e+00 1.592221e+00 1.340008e+00 -8.637956e-02
1.906750e+00 1.587996e+00 1.334681e+00 -8.548914e-02
1.919125e+00 1.583830e+00 1.329436e+00 -8.461251e-02
1.931500e+00 1.579722e+00 1.324270e+00 -8.374941e-02
1.943875e+00 1.575670e+00 1.319182e+00 -8.289948e-02
1.956250e+00 1.571673e+00 1.314170e+00 -8.206251e-02
1.968625e+00 1.567731e+00 1.309231e+00 -8.123817e-02
1.981000e+00 1.563842e+00 1.304365e+00 -8.042632e-02
1.993375e+00 1.560003e+00 1.299570e+00 -7.962668e-02
2.005750e+00 1.556216e+00 1.294845e+00 -7.883895e-02
2.018125e+00 1.552479e+00 1.290188e+00 -7.806292e-02
2.030500e+00 1.548791e+00 1.285597e+00 -7.729826e-02
2.042875e+00 1.545151e+00 1.281071e+00 -7.654461e-02
2.055250e+00 1.541559e+00 1.276610e+00 -7.580190e-02
2.067625e+00 1.538012e+00 1.272211e+00 -7.507001e-02
2.080000e+00 1.534511e+00 1.267873e+00 -7.434887e-02
2.092375e+00 1.531053e+00 1.263595e+00 -7.363833e-02
2.104750e+00 1.527640e+00 1.259376e+00 -7.293796e-02
2.117125e+00 1.524269e+00 1.255215e+00 -7.224760e-02
2.129500e+00 1.520940e+00 1.251110e+00 -7.156706e-02
2.141875e+00 1.517652e+00 1.247060e+00 -7.089613e-02
2.154250e+00 1.514405e+00 1.243065e+00 -7.023466e-02
2.166625e+00 1.511198e+00 1.239123e+00 -6.958241e-02
2.179000e+00 1.508030e+00 1.235233e+00 -6.893927e-02
2.191375e+00 1.504901e+00 1.231394e+00 -6.830501e-02
2.203750e+00 1.501808e+00 1.227606e+00 -6.767954e-02
2.216125e+00 1.498753e+00 1.223867e+00 -6.706265e-02
2.228500e+00 1.495734e+00 1.220176e+00 -6.645419e-02
2.240875e+00 1.492751e+00 1.216532e+00 -6.585402e-02
2.253250e+00 1.489803e+00 1.212935e+00 -6.526197e-02
2.265625e+00 1.486890e+00 1.209383e+00 -6.467793e-02
2.278000e+00 1.484010e+00 1.205877e+00 -6.410173e-02
2.290375e+00 1.481164e+00 1.202414e+00 -6.353324e-02
2.302750e+00 1.478350e+00 1.198995e+00 -6.297224e-02
2.315125e+00 1.475567e+00 1.195617e+00 -6.241860e-02
2.327500e+00 1.472816e+00 1.192282e+00 -6.187223e-02
2.339875e+00 1.470085e+00 1.188987e+00 -6.133291e-02
2.352250e+00 1.467394e+00 1.185733e+00 -6.080046e-02
2.364625e+00 1.464737e+00 1.182518e+00 -6.027473e-02
2.377000e+00 1.462109e+00 1.179341e+00 -5.975571e-02
2.389375e+00 1.459510e+00 1.176203e+00 -5.924352e-02
2.401750e+00 1.456940e+00 1.173102e+00 -5.873819e-02
2.414125e+00 1.454399e+00 1.170037e+00 -5.823960e-02
2.426500e+00 1.451886e+00 1.167009e+00 -5.774726e-02
2.438875e+00 1.449398e+00 1.164016e+00 -5.726118e-02
2.451250e+00 1.446939e+00 1.161058e+00 -5.678101e-02
2.463625e+00 1.444505e+00 1.158134e+00 -5.630625e-02
2.476000e+00 1.442096e+00 1.155244e+00 -5.583726e-02
2.488375e+00 1.439712e+00 1.152387e+00 -5.537444e-02
2.500750e+00 1.437355e+00 1.149563e+00 -5.491771e-02
2.513125e+00 1.435023e+00 1.146770e+00 -5.446675e-02
2.525500e+00 1.432715e+00 1.144009e+00 -5.402126e-02
2.537875e+00 1.430431e+00 1.141279e+00 -5.358111e-02
2.550250e+00 1.428169e+00 1.138579e+00 -5.314635e-02
2.562625e+00 1.425929e+00 1.135910e+00 -5.271691e-02
2.575000e+00 1.423714e+00 1.133269e+00 -5.229284e-02
2.587375e+00 1.421522e+00 1.130658e+00 -5.187406e-02
2.599750e+00 1.419354e+00 1.128075e+00 -5.146041e-02
2.612125e+00 1.417208e+00 1.125520e+00 -5.105157e-02
2.624500e+00 1.415087e+00 1.122993e+00 -5.064743e-02
2.636875e+00 1.412983e+00 1.120493e+00 -5.024809e-02
2.649250e+00 1.410907e+00 1.118020e+00 -4.985349e-02
2.661625e+00 1.408850e+00 1.115573e+00 -4.946345e-02
2.674000e+00 1.406804e+00 1.113152e+00 -4.907792e-02
2.686375e+00 1.404778e+00 1.110756e+00 -4.869689e-02
2.698750e+00 1.402768e+00 1.108386e+00 -4.832034e-02
2.711125e+00 1.400776e+00 1.106040e+00 -4.794814e-02
2.723500e+00 1.398806e+00 1.103719e+00 -4.758015e-02
2.735875e+00 1.396855e+00 1.101421e+00 -4.721634e-02
2.748250e+00 1.394923e+00 1.099147e+00 -4.685668e-02
2.760625e+00 1.393009e+00 1.096897e+00 -4.650118e-02
2.773000e+00 1.391116e+00 1.094669e+00 -4.614974e-02
2.785375e+00 1.389239e+00 1.092464e+00 -4.580224e-02
2.797750e+00 1.387380e+00 1.090281e+00 -4.545868e-02
2.810125e+00 1.385538e+00 1.088120e+00 -4.511907e-02
2.822500e+00 1.383715e+00 1.085981e+00 -4.478336e-02
2.834875e+00 1.381912e+00 1.083863e+00 -4.445138e-02
2.847250e+00 1.380139e+00 1.081765e+00 -4.412311e-02
2.859625e+00 1.378374e+00 1.079689e+00 -4.379847e-02
2.872000e+00 1.376628e+00 1.077632e+00 -4.347742e-02
2.884375e+00 1.374899e+00 1.075596e+00 -4.315990e-02
2.896750e+00 1.373184e+00 1.073580e+00 -4.284584e-02
2.909125e+00 1.371487e+00 1.071583e+00 -4.253522e-02
2.921500e+00 1.369806e+00 1.069605e+00 -4.222797e-02
2.933875e+00 1.368145e+00 1.067646e+00 -4.192399e-02
2.946250e+00 1.366500e+00 1.065705e+00 -4.162326e-02
2.958625e+00 1.364867e+00 1.063783e+00 -4.132577e-02
2.971000e+00 1.363245e+00 1.061879e+00 -4.103136e-02
2.983375e+00 1.361639e+00 1.059993e+00 -4.074005e-02
2.995750e+00 1.360048e+00 1.058125e+00 -4.045181e-02
3.008125e+00 1.358470e+00 1.056274e+00 -4.016660e-02
3.020500e+00 1.356906e+00 1.054440e+00 -3.988446e-02
3.032875e+00 1.355356e+00 1.052624e+00 -3.960540e-02
3.045250e+00 1.353819e+00 1.050823e+00 -3.932936e-02
3.057625e+00 1.352295e+00 1.049040e+00 -3.905619e-02
3.070000e+00 1.350785e+00 1.047272e+00 -3.878576e-02
3.082375e+00 1.349288e+00 1.045520e+00 -3.851813e-02
3.094750e+00 1.347804e+00 1.043785e+00 -3.825336e-02
3.107125e+00 1.346332e+00 1.042064e+00 -3.799135e-02
3.119500e+00 1.344873e+00 1.040360e+00 -3.773202e-02
3.131875e+00 1.343426e+00 1.038670e+00 -3.747533e-02
3.144250e+00 1.341992e+00 1.036995e+00 -3.722120e-02
3.156625e+00 1.340569e+00 1.035336e+00 -3.696973e-02
3.169000e+00 1.339159e+00 1.033690e+00 -3.672081e-02
3.181375e+00 1.337761e+00 1.032060e+00 -3.647440e-02
3.193750e+00 1.336374e+00 1.030443e+00 -3.623045e-02
3.206125e+00 1.334999e+00 1.028840e+00 -3.598895e-02
3.218500e+00 1.333636e+00 1.027252e+00 -3.574990e-02
3.230875e+00 1.332284e+00 1.025677e+00 -3.551318e-02
3.243250e+00 1.330948e+00 1.024115e+00 -3.527880e-02
3.255625e+00 1.329625e+00 1.022567e+00 -3.504680e-02
3.268000e+00 1.328311e+00 1.021032e+00 -3.481711e-02
3.280375e+00 1.327009e+00 1.019509e+00 -3.458963e-02
3.292750e+00 1.325716e+00 1.018000e+00 -3.436434e-02
3.305125e+00 1.324435e+00 1.016504e+00 -3.414125e-02
3.317500e+00 1.323164e+00 1.015019e+00 -3.392034e-02
3.329875e+00 1.321903e+00 1.013548e+00 -3.370158e-02
3.342250e+00 1.320652e+00 1.012088e+00 -3.348487e-02
3.354625e+00 1.319411e+00 1.010641e+00 -3.327026e-02
3.367000e+00 1.318180e+00 1.009205e+00 -3.305783e-02
3.379375e+00 1.316959e+00 1.007781e+00 -3.284745e-02
3.391750e+00 1.315747e+00 1.006369e+00 -3.263902e-02
3.404125e+00 1.314544e+00 1.004968e+00 -3.243248e-02
3.416500e+00 1.313351e+00 1.003579e+00 -3.222788e-02
3.428875e+00 1.312167e+00 1.002201e+00 -3.202525e-02
3.441250e+00 1.310992e+00 1.000834e+00 -3.182457e-02
3.453625e+00 1.309821e+00 9.994773e-01 -3.162596e-02
3.466000e+00 1.308650e+00 9.981319e-01 -3.142935e-02
3.478375e+00 1.307484e+00 9.967973e-01 -3.123455e-02
3.490750e+00 1.306307e+00 9.954730e-01 -3.104156e-02
3.503125e+00 1.305151e+00 9.941594e-01 -3.085041e-02
3.515500e+00 1.304000e+00 9.928561e-01 -3.066096e-02
3.527875e+00 1.302859e+00 9.915630e-01 -3.047327e-02
3.540250e+00 1.301726e+00 9.902800e-01 -3.028736e-02
3.552625e+00 1.300601e+00 9.890070e-01 -3.010311e-02
3.565000e+00 1.299485e+00 9.877438e-01 -2.992052e-02
3.577375e+00 1.298378e+00 9.864904e-01 -2.973962e-02
3.589750e+00 1.297278e+00 9.852467e-01 -2.956037e-02
3.602125e+00 1.296184e+00 9.840124e-01 -2.938276e-02
3.614500e+00 1.295098e+00 9.827877e-01 -2.920679e-02
3.626875e+00 1.294020e+00 9.815723e-01 -2.903239e-02
3.639250e+00 1.292950e+00 9.803660e-01 -2.885956e-02
3.651625e+00 1.291888e+00 9.791689e-01 -2.868825e-02
3.664000e+00 1.290834e+00 9.779807e-01 -2.851846e-02
3.676375e+00 1.289787e+00 9.768014e-01 -2.835023e-02
3.688750e+00 1.288747e+00 9.756310e-01 -2.818349e-02
3.701125e+00 1.287714e+00 9.744693e-01 -2.801819e-02
3.713500e+00 1.286688e+00 9.733163e-01 -2.785436e-02
3.725875e+00 1.285669e+00 9.721718e-01 -2.769193e-02
3.738250e+00 1.284657e+00 9.710356e-01 -2.753086e-02
3.750625e+00 1.283653e+00 9.699079e-01 -2.737120e-02
3.763000e+00 1.282655e+00 9.687883e-01 -2.721301e-02
3.775375e+00 1.281664e+00 9.676770e-01 -2.705615e-02
3.787750e+00 1.280681e+00 9.665736e-01 -2.690067e-02
3.800125e+00 1.279704e+00 9.654783e-01 -2.674657e-02
3.812500e+00 1.278733e+00 9.643908e-01 -2.659377e-02
3.824875e+00 1.277770e+00 9.633111e-01 -2.644228e-02
3.837250e+00 1.276813e+00 9.622392e-01 -2.629214e-02
3.849625e+00 1.275864e+00 9.611749e-01 -2.614329e-02
3.862000e+00 1.274920e+00 9.601181e-01 -2.599573e-02
3.874375e+00 1.273982e+00 9.590690e-01 -2.584937e-02
3.886750e+00 1.273054e+00 9.580271e-01 -2.570427e-02
3.899125e+00 1.272145e+00 9.569927e-01 -2.556037e-02
3.911500e+00 1.271247e+00 9.559654e-01 -2.541768e-02
3.923875e+00 1.270353e+00 9.549454e-01 -2.527613e-02
3.936250e+00 1.269465e+00 9.539324e-01 -2.513573e-02
3.948625e+00 1.268582e+00 9.529264e-01 -2.499650e-02
3.961000e+00 1.267705e+00 9.519274e-01 -2.485852e-02
3.973375e+00 1.266833e+00 9.509353e-01 -2.472172e-02
3.985750e+00 1.265968e+00 9.499499e-01 -2.458603e-02
3.998125e+00 1.265109e+00 9.489713e-01 -2.445146e-02
4.010500e+00 1.264255e+00 9.479994e-01 -2.431798e-02
4.022875e+00 1.263404e+00 9.470341e-01 -2.418559e-02
4.035250e+00 1.262557e+00 9.460752e-01 -2.405429e-02
4.047625e+00 1.261706e+00 9.451229e-01 -2.392414e-02
4.060000e+00 1.260868e+00 9.441769e-01 -2.379507e-02
4.072375e+00 1.260034e+00 9.432374e-01 -2.366701e-02
4.084750e+00 1.259204e+00 9.423041e-01 -2.353999e-02
4.097125e+00 1.258386e+00 9.413771e-01 -2.341401e-02
4.109500e+00 1.257570e+00 9.404561e-01 -2.328899e-02
4.121875e+00 1.256760e+00 9.395413e-01 -2.316491e-02
4.134250e+00 1.255951e+00 9.386325e-01 -2.304191e-02
4.146625e+00 1.255151e+00 9.377297e-01 -2.291987e-02
4.159000e+00 1.254354e+00 9.368328e-01 -2.279879e-02
4.171375e+00 1.253558e+00 9.359417e-01 -2.267873e-02
4.183750e+00 1.252771e+00 9.350565e-01 -2.255965e-02
4.196125e+00 1.251993e+00 9.341770e-01 -2.244153e-02
4.208500e+00 1.251220e+00 9.333033e-01 -2.232422e-02
4.220875e+00 1.250452e+00 9.324350e-01 -2.220784e-02
4.233250e+00 1.249682e+00 9.315725e-01 -2.209248e-02
4.245625e+00 1.248911e+00 9.307154e-01 -2.197800e-02
4.258000e+00 1.248159e+00 9.298640e-01 -2.186426e-02
4.270375e+00 1.247412e+00 9.290177e-01 -2.175132e-02
4.282750e+00 1.246670e+00 9.281770e-01 -2.163925e-02
4.295125e+00 1.245933e+00 9.273415e-01 -2.152799e-02
4.307500e+00 1.245200e+00 9.265113e-01 -2.141764e-02
4.319875e+00 1.244471e+00 9.256864e-01 -2.130811e-02
4.332250e+00 1.243746e+00 9.248666e-01 -2.119930e-02
4.344625e+00 1.243024e+00 9.240519e-01 -2.109119e-02
4.357000e+00 1.242300e+00 9.232423e-01 -2.098380e-02
4.369375e+00 1.241578e+00 9.224377e-01 -2.087724e-02
4.381750e+00 1.240860e+00 9.216381e-01 -2.077158e-02
4.394125e+00 1.240140e+00 9.208436e-01 -2.066671e-02
4.406500e+00 1.239426e+00 9.200538e-01 -2.056255e-02
4.418875e+00 1.238708e+00 9.192689e-01 -2.045924e-02
4.431250e+00 1.237998e+00 9.184890e-01 -2.035663e-02
4.443625e+00 1.237295e+00 9.177136e-01 -2.025477e-02
4.456000e+00 1.236602e+00 9.169431e-01 -2.015379e-02
4.468375e+00 1.235911e+00 9.161772e-01 -2.005365e-02
4.480750e+00 1.235230e+00 9.154159e-01 -1.995446e-02
4.493125e+00 1.234566e+00 9.146592e-01 -1.985612e-02
4.505500e+00 1.233903e+00 9.139072e-01 -1.975834e-02
4.517875e+00 1.233245e+00 9.131595e-01 -1.966118e-02
4.530250e+00 1.232592e+00 9.124164e-01 -1.956477e-02
4.542625e+00 1.231942e+00 9.116777e-01 -1.946909e-02
4.555000e+00 1.231296e+00 9.109433e-01 -1.937414e-02
4.567375e+00 1.230653e+00 9.102133e-01 -1.927991e-02
4.579750e+00 1.230014e+00 9.094877e-01 -1.918623e-02
4.592125e+00 1.229378e+00 9.087663e-01 -1.909287e-02
4.604500e+00 1.228747e+00 9.080491e-01 -1.900013e-02
4.616875e+00 1.228119e+00 9.073361e-01 -1.890815e-02
4.629250e+00 1.227493e+00 9.066273e-01 -1.881670e-02
4.641625e+00 1.226869e+00 9.059226e-01 -1.872579e-02
4.654000e+00 1.226243e+00 9.052220e-01 -1.863555e-02
4.666375e+00 1.225594e+00 9.045255e-01 -1.854594e-02
4.678750e+00 1.224955e+00 9.038330e-01 -1.845684e-02
4.691125e+00 1.224318e+00 9.031444e-01 -1.836840e-02
4.703500e+00 1.223685e+00 9.024599e-01 -1.828070e-02
4.715875e+00 1.223056e+00 9.017793e-01 -1.819373e-02
4.728250e+00 1.222431e+00 9.011026e-01 -1.810749e-02
4.740625e+00 1.221813e+00 9.004297e-01 -1.802204e-02
4.753000e+00 1.221218e+00 8.997607e-01 -1.793731e-02
4.765375e+00 1.220620e+00 8.990955e-01 -1.785312e-02
4.777750e+00 1.220028e+00 8.984340e-01 -1.776946e-02
4.790125e+00 1.219438e+00 8.977762e-01 -1.768636e-02
4.802500e+00 1.218852e+00 8.971221e-01 -1.760382e-02
4.814875e+00 1.218269e+00 8.964718e-01 -1.752171e-02
4.827250e+00 1.217690e+00 8.958250e-01 -1.744014e-02
4.839625e+00 1.217113e+00 8.951818e-01 -1.735924e-02
4.852000e+00 1.216540e+00 8.945422e-01 -1.727885e-02
4.864375e+00 1.215970e+00 8.939062e-01 -1.719890e-02
4.876750e+00 1.215402e+00 8.932736e-01 -1.711947e-02
4.889125e+00 1.214838e+00 8.926446e-01 -1.704059e-02
4.901500e+00 1.214277e+00 8.920190e-01 -1.696226e-02
4.913875e+00 1.213719e+00 8.913968e-01 -1.688448e-02
4.926250e+00 1.213164e+00 8.907780e-01 -1.680720e-02
4.938625e+00 1.212611e+00 8.901626e-01 -1.673050e-02
4.951000e+00 1.212062e+00 8.895506e-01 -1.665429e-02
4.963375e+00 1.211516e+00 8.889419e-01 -1.657858e-02
4.975750e+00 1.210972e+00 8.883365e-01 -1.650339e-02
4.988125e+00 1.210432e+00 8.877343e-01 -1.642879e-02
5.000500e+00 1.209895e+00 8.871353e-01 -1.635477e-02
5.012875e+00 1.209360e+00 8.865396e-01 -1.628122e-02
5.025250e+00 1.208828e+00 8.859470e-01 -1.620824e-02
5.037625e+00 1.208300e+00 8.853576e-01 -1.613581e-02
5.050000e+00 1.207773e+00 8.847714e-01 -1.606375e-02
5.062375e+00 1.207250e+00 8.841882e-01 -1.599219e-02
5.074750e+00 1.206728e+00 8.836082e-01 -1.592118e-02
5.087125e+00 1.206210e+00 8.830312e-01 -1.585057e-02
5.099500e+00 1.205696e+00 8.824572e-01 -1.578041e-02
5.111875e+00 1.205182e+00 8.818863e-01 -1.571076e-02
5.124250e+00 1.204671e+00 8.813184e-01 -1.564151e-02
5.136625e+00 1.204164e+00 8.807534e-01 -1.557264e-02
5.149000e+00 1.203657e+00 8.801913e-01 -1.550428e-02
5.161375e+00 1.203150e+00 8.796322e-01 -1.543635e-02
5.173750e+00 1.202640e+00 8.790760e-01 -1.536879e-02
5.186125e+00 1.202131e+00 8.785227e-01 -1.530167e-02
5.198500e+00 1.201631e+00 8.779722e-01 -1.523500e-02
5.210875e+00 1.201131e+00 8.774246e-01 -1.516879e-02
5.223250e+00 1.200634e+00 8.768797e-01 -1.510306e-02
5.235625e+00 1.200140e+00 8.763377e-01 -1.503773e-02
5.248000e+00 1.199647e+00 8.757985e-01 -1.497280e-02
5.260375e+00 1.199158e+00 8.752619e-01 -1.490841e-02
5.272750e+00 1.198671e+00 8.747281e-01 -1.484467e-02
5.285125e+00 1.198187e+00 8.741971e-01 -1.478144e-02
5.297500e+00 1.197698e+00 8.736687e-01 -1.471855e-02
5.309875e+00 1.197213e+00 8.731429e-01 -1.465609e-02
5.322250e+00 1.196732e+00 8.726198e-01 -1.459406e-02
5.334625e+00 1.196253e+00 8.720993e-01 -1.453243e-02
5.347000e+00 1.195775e+00 8.715815e-01 -1.447114e-02
5.359375e+00 1.195301e+00 8.710662e-01 -1.441023e-02
5.371750e+00 1.194825e+00 8.705536e-01 -1.434974e-02
5.384125e+00 1.194351e+00 8.700434e-01 -1.428960e-02
5.396500e+00 1.193880e+00 8.695359e-01 -1.422980e-02
5.408875e+00 1.193413e+00 8.690308e-01 -1.417034e-02
5.421250e+00 1.192948e+00 8.685282e-01 -1.411127e-02
5.433625e+00 1.192484e+00 8.680281e-01 -1.405257e-02
5.446000e+00 1.192021e+00 8.675305e-01 -1.399422e-02
5.458375e+00 1.191564e+00 8.670353e-01 -1.393630e-02
5.470750e+00 1.191108e+00 8.665425e-01 -1.387880e-02
5.483125e+00 1.190654e+00 8.660521e-01 -1.382168e-02
5.495500e+00 1.190205e+00 8.655642e-01 -1.376488e-02
5.507875e+00 1.189756e+00 8.650785e-01 -1.370844e-02
5.520250e+00 1.189311e+00 8.645953e-01 -1.365237e-02
5.532625e+00 1.188867e+00 8.641143e-01 -1.359663e-02
5.545000e+00 1.188422e+00 8.636358e-01 -1.354116e-02
5.557375e+00 1.187976e+00 8.631595e-01 -1.348601e-02
5.569750e+00 1.187532e+00 8.626855e-01 -1.343122e-02
5.582125e+00 1.187092e+00 8.622137e-01 -1.337676e-02
5.594500e+00 1.186652e+00 8.617442e-01 -1.332270e-02
5.606875e+00 1.186214e+00 8.612770e-01 -1.326889e-02
5.619250e+00 1.185780e+00 8.608120e-01 -1.321535e-02
5.631625e+00 1.185349e+00 8.603492e-01 -1.316217e-02
5.644000e+00 1.184917e+00 8.598886e-01 -1.310937e-02
5.656375e+00 1.184489e+00 8.594301e-01 -1.305695e-02
5.668750e+00 1.184061e+00 8.589739e-01 -1.300475e-02
5.681125e+00 1.183638e+00 8.585198e-01 -1.295281e-02
5.693500e+00 1.183217e+00 8.580678e-01 -1.290123e-02
5.705875e+00 1.182799e+00 8.576179e-01 -1.285004e-02
5.718250e+00 1.182383e+00 8.571701e-01 -1.279916e-02
5.730625e+00 1.181979e+00 8.567244e-01 -1.274859e-02
5.743000e+00 1.181579e+00 8.562808e-01 -1.269833e-02
5.755375e+00 1.181182e+00 8.558392e-01 -1.264837e-02
5.767750e+00 1.180785e+00 8.553997e-01 -1.259871e-02
5.780125e+00 1.180389e+00 8.549621e-01 -1.254939e-02
5.792500e+00 1.179994e+00 8.545266e-01 -1.250038e-02
5.804875e+00 1.179602e+00 8.540932e-01 -1.245157e-02
5.817250e+00 1.179211e+00 8.536616e-01 -1.240298e-02
5.829625e+00 1.178824e+00 8.532321e-01 -1.235470e-02
5.842000e+00 1.178438e+00 8.528045e-01 -1.230666e-02
5.854375e+00 1.178053e+00 8.523788e-01 -1.225895e-02
5.866750e+00 1.177671e+00 8.519551e-01 -1.221159e-02
5.879125e+00 1.177289e+00 8.515333e-01 -1.216452e-02
5.891500e+00 1.176909e+00 8.511134e-01 -1.211774e-02
5.903875e+00 1.176530e+00 8.506954e-01 -1.207120e-02
5.916250e+00 1.176153e+00 8.502793e-01 -1.202492e-02
5.928625e+00 1.175780e+00 8.498650e-01 -1.197887e-02
5.941000e+00 1.175406e+00 8.494526e-01 -1.193310e-02
5.953375e+00 1.175014e+00 8.490420e-01 -1.188768e-02
5.965750e+00 1.174627e+00 8.486333e-01 -1.184252e-02
5.978125e+00 1.174240e+00 8.482264e-01 -1.179751e-02
5.990500e+00 1.173856e+00 8.478213e-01 -1.175263e-02
6.002875e+00 1.173472e+00 8.474180e-01 -1.170804e-02
6.015250e+00 1.173090e+00 8.470165e-01 -1.166375e-02
6.027625e+00 1.172713e+00 8.466168e-01 -1.161967e-02
6.040000e+00 1.172334e+00 8.462188e-01 -1.157584e-02
6.052375e+00 1.171958e+00 8.458226e-01 -1.153221e-02
6.064750e+00 1.171583e+00 8.454281e-01 -1.148877e-02
6.077125e+00 1.171209e+00 8.450354e-01 -1.144554e-02
6.089500e+00 1.170836e+00 8.446443e-01 -1.140260e-02
6.101875e+00 1.170466e+00 8.442550e-01 -1.136005e-02
6.114250e+00 1.170098e+00 8.438673e-01 -1.131778e-02
6.126625e+00 1.169735e+00 8.434814e-01 -1.127573e-02
6.139000e+00 1.169371e+00 8.430971e-01 -1.123379e-02
6.151375e+00 1.169009e+00 8.427145e-01 -1.119198e-02
6.163750e+00 1.168647e+00 8.423335e-01 -1.115044e-02
6.176125e+00 1.168284e+00 8.419542e-01 -1.110924e-02
6.188500e+00 1.167923e+00 8.415765e-01 -1.106839e-02
6.200875e+00 1.167567e+00 8.412004e-01 -1.102778e-02
6.213250e+00 1.167211e+00 8.408260e-01 -1.098738e-02
6.225625e+00 1.166856e+00 8.404531e-01 -1.094718e-02
6.238000e+00 1.166503e+00 8.400818e-01 -1.090723e-02
6.250375e+00 1.166154e+00 8.397121e-01 -1.086751e-02
6.262750e+00 1.165804e+00 8.393440e-01 -1.082797e-02
6.275125e+00 1.165455e+00 8.389774e-01 -1.078866e-02
6.287500e+00 1.165107e+00 8.386124e-01 -1.074957e-02
6.299875e+00 1.164757e+00 8.382489e-01 -1.071075e-02
6.312250e+00 1.164409e+00 8.378869e-01 -1.067223e-02
6.324625e+00 1.164064e+00 8.375265e-01 -1.063389e-02
6.337000e+00 1.163721e+00 8.371676e-01 -1.059576e-02
6.349375e+00 1.163387e+00 8.368102e-01 -1.055786e-02
6.361750e+00 1.163066e+00 8.364542e-01 -1.052012e-02
6.374125e+00 1.162759e+00 8.360998e-01 -1.048257e-02
6.386500e+00 1.162452e+00 8.357468e-01 -1.044516e-02
6.398875e+00 1.162142e+00 8.353952e-01 -1.040793e-02
6.411250e+00 1.161835e+00 8.350452e-01 -1.037081e-02
6.423625e+00 1.161529e+00 8.346965e-01 -1.033390e-02
6.436000e+00 1.161218e+00 8.343493e-01 -1.029729e-02
6.448375e+00 1.160904e+00 8.340035e-01 -1.026087e-02
6.460750e+00 1.160597e+00 8.336591e-01 -1.022471e-02
6.473125e+00 1.160296e+00 8.333162e-01 -1.018876e-02
6.485500e+00 1.159991e+00 8.329745e-01 -1.015302e-02
6.497875e+00 1.159681e+00 8.326344e-01 -1.011745e-02
6.510250e+00 1.159357e+00 8.322956e-01 -1.008200e-02
6.522625e+00 1.159031e+00 8.319581e-01 -1.004674e-02
6.535000e+00 1.158709e+00 8.316221e-01 -1.001172e-02
6.547375e+00 1.158373e+00 8.312874e-01 -9.976898e-03
6.559750e+00 1.158044e+00 8.309540e-01 -9.942204e-03
6.572125e+00 1.157722e+00 8.306220e-01 -9.907676e-03
6.584500e+00 1.157400e+00 8.302914e-01 -9.873366e-03
6.596875e+00 1.157080e+00 8.299621e-01 -9.839207e-03
6.609250e+00 1.156760e+00 8.296340e-01 -9.805210e-03
6.621625e+00 1.156442e+00 8.293073e-01 -9.771388e-03
6.634000e+00 1.156126e+00 8.289819e-01 -9.737738e-03
6.646375e+00 1.155811e+00 8.286578e-01 -9.704319e-03
6.658750e+00 1.155498e+00 8.283351e-01 -9.671070e-03
6.671125e+00 1.155191e+00 8.280135e-01 -9.637967e-03
6.683500e+00 1.154880e+00 8.276933e-01 -9.605089e-03
6.695875e+00 1.154583e+00 8.273743e-01 -9.572379e-03
6.708250e+00 1.154303e+00 8.270566e-01 -9.539781e-03
6.720625e+00 1.154018e+00 8.267401e-01 -9.507337e-03
6.733000e+00 1.153732e+00 8.264249e-01 -9.475104e-03
6.745375e+00 1.153445e+00 8.261109e-01 -9.443084e-03
6.757750e+00 1.153159e+00 8.257981e-01 -9.411229e-03
6.770125e+00 1.152875e+00 8.254865e-01 -9.379481e-03
6.782500e+00 1.152591e+00 8.251762e-01 -9.347887e-03
6.794875e+00 1.152310e+00 8.248670e-01 -9.316485e-03
6.807250e+00 1.152034e+00 8.245591e-01 -9.285231e-03
6.819625e+00 1.151755e+00 8.242523e-01 -9.254177e-03
6.832000e+00 1.151476e+00 8.239468e-01 -9.223252e-03
6.844375e+00 1.151192e+00 8.236424e-01 -9.192416e-03
6.856750e+00 1.150895e+00 8.233392e-01 -9.161753e-03
6.869125e+00 1.150603e+00 8.230371e-01 -9.131286e-03
6.881500e+00 1.150310e+00 8.227363e-01 -9.100956e-03
6.893875e+00 1.150024e+00 8.224365e-01 -9.070768e-03
6.906250e+00 1.149744e+00 8.221379e-01 -9.040769e-03
6.918625e+00 1.149463e+00 8.218405e-01 -9.010886e-03
6.931000e+00 1.149200e+00 8.215441e-01 -8.981162e-03
6.943375e+00 1.148937e+00 8.212490e-01 -8.951591e-03
6.955750e+00 1.148674e+00 8.209549e-01 -8.922163e-03
6.968125e+00 1.148414e+00 8.206619e-01 -8.892936e-03
6.980500e+00 1.148150e+00 8.203701e-01 -8.863816e-03
6.992875e+00 1.147884e+00 8.200793e-01 -8.834784e-03
7.005250e+00 1.147624e+00 8.197896e-01 -8.805916e-03
7.017625e+00 1.147364e+00 8.195010e-01 -8.777181e-03
7.030000e+00 1.147104e+00 8.192135e-01 -8.748622e-03
7.042375e+00 1.146846e+00 8.189271e-01 -8.720242e-03
7.054750e+00 1.146590e+00 8.186417e-01 -8.691896e-03
7.067125e+00 1.146331e+00 8.183574e-01 -8.663606e-03
7.079500e+00 1.146074e+00 8.180742e-01 -8.635301e-03
7.091875e+00 1.145816e+00 8.177919e-01 -8.607012e-03
7.104250e+00 1.145557e+00 8.175108e-01 -8.578871e-03
7.116625e+00 1.145286e+00 8.172307e-01 -8.550789e-03
7.129000e+00 1.145006e+00 8.169516e-01 -8.522843e-03
7.141375e+00 1.144733e+00 8.166736e-01 -8.495006e-03
7.153750e+00 1.144458e+00 8.163966e-01 -8.467260e-03
7.166125e+00 1.144185e+00 8.161206e-01 -8.439788e-03
7.178500e+00 1.143909e+00 8.158456e-01 -8.412592e-03
7.190875e+00 1.143639e+00 8.155716e-01 -8.385568e-03
7.203250e+00 1.143366e+00 8.152987e-01 -8.358606e-03
7.215625e+00 1.143099e+00 8.150267e-01 -8.331711e-03
7.228000e+00 1.142831e+00 8.147557e-01 -8.304894e-03
7.240375e+00 1.142565e+00 8.144857e-01 -8.278149e-03
7.252750e+00 1.142301e+00 8.142168e-01 -8.251467e-03
7.265125e+00 1.142038e+00 8.139487e-01 -8.224932e-03
7.277500e+00 1.141778e+00 8.136817e-01 -8.198581e-03
7.289875e+00 1.141520e+00 8.134156e-01 -8.172310e-03
7.302250e+00 1.141263e+00 8.131504e-01 -8.146177e-03
7.314625e+00 1.141010e+00 8.128863e-01 -8.120112e-03
7.327000e+00 1.140760e+00 8.126231e-01 -8.094088e-03
7.339375e+00 1.140504e+00 8.123607e-01 -8.068300e-03
7.351750e+00 1.140250e+00 8.120994e-01 -8.042799e-03
7.364125e+00 1.139993e+00 8.118390e-01 -8.017430e-03
7.376500e+00 1.139744e+00 8.115795e-01 -7.992103e-03
7.388875e+00 1.139504e+00 8.113210e-01 -7.966785e-03
7.401250e+00 1.139266e+00 8.110634e-01 -7.941572e-03
7.413625e+00 1.139017e+00 8.108067e-01 -7.916617e-03
7.426000e+00 1.138759e+00 8.105508e-01 -7.891918e-03
7.438375e+00 1.138502e+00 8.102960e-01 -7.867323e-03
7.450750e+00 1.138245e+00 8.100419e-01 -7.842878e-03
7.463125e+00 1.137989e+00 8.097889e-01 -7.818634e-03
7.475500e+00 1.137739e+00 8.095366e-01 -7.794543e-03
7.487875e+00 1.137488e+00 8.092853e-01 -7.770618e-03
7.500250e+00 1.137241e+00 8.090349e-01 -7.746838e-03
7.512625e+00 1.136998e+00 8.087853e-01 -7.723148e-03
7.525000e+00 1.136762e+00 8.085366e-01 -7.699611e-03
7.537375e+00 1.136531e+00 8.082888e-01 -7.676253e-03
7.549750e+00 1.136289e+00 8.080419e-01 -7.652856e-03
7.562125e+00 1.136028e+00 8.077957e-01 -7.629504e-03
7.574500e+00 1.135768e+00 8.075505e-01 -7.606183e-03
7.586875e+00 1.135516e+00 8.073062e-01 -7.582830e-03
7.599250e+00 1.135271e+00 8.070626e-01 -7.559707e-03
7.611625e+00 1.135022e+00 8.068199e-01 -7.536828e-03
7.624000e+00 1.134770e+00 8.065781e-01 -7.514113e-03
7.636375e+00 1.134519e+00 8.063371e-01 -7.491558e-03
7.648750e+00 1.134269e+00 8.060969e-01 -7.469147e-03
7.661125e+00 1.134019e+00 8.058575e-01 -7.446836e-03
7.673500e+00 1.133770e+00 8.056190e-01 -7.424581e-03
7.685875e+00 1.133521e+00 8.053813e-01 -7.402417e-03
7.698250e+00 1.133270e+00 8.051444e-01 -7.380260e-03
7.710625e+00 1.133020e+00 8.049083e-01 -7.358046e-03
7.723000e+00 1.132778e+00 8.046730e-01 -7.335944e-03
7.735375e+00 1.132540e+00 8.044386e-01 -7.313997e-03
7.747750e+00 1.132301e+00 8.042049e-01 -7.292186e-03
7.760125e+00 1.132060e+00 8.039720e-01 -7.270464e-03
7.772500e+00 1.131819e+00 8.037399e-01 -7.248836e-03
7.784875e+00 1.131583e+00 8.035086e-01 -7.227468e-03
7.797250e+00 1.131353e+00 8.032781e-01 -7.206247e-03
7.809625e+00 1.131124e+00 8.030484e-01 -7.185008e-03
7.822000e+00 1.130895e+00 8.028194e-01 -7.163835e-03
7.834375e+00 1.130671e+00 8.025912e-01 -7.142806e-03
7.846750e+00 1.130463e+00 8.023637e-01 -7.121939e-03
7.859125e+00 1.130258e+00 8.021371e-01 -7.101086e-03
7.871500e+00 1.130055e+00 8.019111e-01 -7.080153e-03
7.883875e+00 1.129854e+00 8.016859e-01 -7.059278e-03
7.896250e+00 1.129642e+00 8.014615e-01 -7.038502e-03
7.908625e+00 1.129412e+00 8.012378e-01 -7.017848e-03
7.921000e+00 1.129183e+00 8.010148e-01 -6.997412e-03
7.933375e+00 1.128958e+00 8.007926e-01 -6.977135e-03
7.945750e+00 1.128734e+00 8.005712e-01 -6.956922e-03
7.958125e+00 1.128515e+00 8.003504e-01 -6.936788e-03
7.970500e+00 1.128308e+00 8.001304e-01 -6.916748e-03
7.982875e+00 1.128137e+00 7.999110e-01 -6.896867e-03
7.995250e+00 1.127967e+00 7.996925e-01 -6.877029e-03
8.007625e+00 1.127797e+00 7.994746e-01 -6.857032e-03
8.020000e+00 1.127628e+00 7.992574e-01 -6.836947e-03
8.032375e+00 1.127458e+00 7.990409e-01 -6.816988e-03
8.044750e+00 1.127286e+00 7.988252e-01 -6.797192e-03
8.057125e+00 1.127120e+00 7.986101e-01 -6.777424e-03
8.069500e+00 1.126957e+00 7.983957e-01 -6.757656e-03
8.081875e+00 1.126807e+00 7.981820e-01 -6.738008e-03
8.094250e+00 1.126679e+00 7.979690e-01 -6.718570e-03
8.106625e+00 1.126536e+00 7.977566e-01 -6.699290e-03
8.119000e+00 1.126400e+00 7.975449e-01 -6.680149e-03
8.131375e+00 1.126264e+00 7.973339e-01 -6.661095e-03
8.143750e+00 1.126095e+00 7.971236e-01 -6.641999e-03
8.156125e+00 1.125918e+00 7.969139e-01 -6.622999e-03
8.168500e+00 1.125752e+00 7.967049e-01 -6.604223e-03
8.180875e+00 1.125567e+00 7.964966e-01 -6.585527e-03
8.193250e+00 1.125386e+00 7.962890e-01 -6.566828e-03
8.205625e+00 1.125205e+00 7.960820e-01 -6.548181e-03
8.218000e+00 1.125023e+00 7.958756e-01 -6.529630e-03
8.230375e+00 1.124840e+00 7.956699e-01 -6.511068e-03
8.242750e+00 1.124645e+00 7.954649e-01 -6.492403e-03
8.255125e+00 1.124441e+00 7.952605e-01 -6.473713e-03
8.267500e+00 1.124235e+00 7.950568e-01 -6.455084e-03
8.279875e+00 1.124031e+00 7.948537e-01 -6.436568e-03
8.292250e+00 1.123827e+00 7.946512e-01 -6.418163e-03
8.304625e+00 1.123623e+00 7.944494e-01 -6.399820e-03
8.317000e+00 1.123422e+00 7.942482e-01 -6.381535e-03
8.329375e+00 1.123224e+00 7.940476e-01 -6.363384e-03
8.341750e+00 1.123033e+00 7.938478e-01 -6.345291e-03
8.354125e+00 1.122847e+00 7.936485e-01 -6.327178e-03
8.366500e+00 1.122661e+00 7.934498e-01 -6.309179e-03
8.378875e+00 1.122484e+00 7.932517e-01 -6.291310e-03
8.391250e+00 1.122294e+00 7.930543e-01 -6.273440e-03
8.403625e+00 1.122106e+00 7.928575e-01 -6.255659e-03
8.416000e+00 1.121910e+00 7.926613e-01 -6.237959e-03
8.428375e+00 1.121715e+00 7.924657e-01 -6.220255e-03
8.440750e+00 1.121522e+00 7.922707e-01 -6.202741e-03
8.453125e+00 1.121333e+00 7.920763e-01 -6.185347e-03
8.465500e+00 1.121153e+00 7.918825e-01 -6.168003e-03
8.477875e+00 1.120982e+00 7.916893e-01 -6.150831e-03
8.490250e+00 1.120816e+00 7.914967e-01 -6.133732e-03
8.502625e+00 1.120650e+00 7.913047e-01 -6.116635e-03
8.515000e+00 1.120483e+00 7.911133e-01 -6.099516e-03
8.527375e+00 1.120314e+00 7.909224e-01 -6.082408e-03
8.539750e+00 1.120142e+00 7.907321e-01 -6.065418e-03
8.552125e+00 1.119959e+00 7.905425e-01 -6.048495e-03
8.564500e+00 1.119779e+00 7.903534e-01 -6.031600e-03
8.576875e+00 1.119606e+00 7.901648e-01 -6.014806e-03
8.589250e+00 1.119434e+00 7.899769e-01 -5.998138e-03
8.601625e+00 1.119262e+00 7.897895e-01 -5.981483e-03
8.614000e+00 1.119093e+00 7.896027e-01 -5.964851e-03
8.626375e+00 1.118924e+00 7.894164e-01 -5.948362e-03
8.638750e+00 1.118756e+00 7.892307e-01 -5.931914e-03
8.651125e+00 1.118592e+00 7.890456e-01 -5.915518e-03
8.663500e+00 1.118431e+00 7.888610e-01 -5.899263e-03
8.675875e+00 1.118268e+00 7.886770e-01 -5.883103e-03
8.688250e+00 1.118101e+00 7.884935e-01 -5.866952e-03
8.700625e+00 1.117927e+00 7.883105e-01 -5.850837e-03
8.713000e+00 1.117756e+00 7.881282e-01 -5.834804e-03
8.725375e+00 1.117587e+00 7.879463e-01 -5.818786e-03
8.737750e+00 1.117413e+00 7.877650e-01 -5.802825e-03
8.750125e+00 1.117234e+00 7.875843e-01 -5.786971e-03
8.762500e+00 1.117057e+00 7.874040e-01 -5.771258e-03
8.774875e+00 1.116888e+00 7.872243e-01 -5.755678e-03
8.787250e+00 1.116722e+00 7.870452e-01 -5.740182e-03
8.799625e+00 1.116572e+00 7.868666e-01 -5.724705e-03
8.812000e+00 1.116417e+00 7.866885e-01 -5.709201e-03
8.824375e+00 1.116257e+00 7.865109e-01 -5.693764e-03
8.836750e+00 1.116094e+00 7.863339e-01 -5.678376e-03
8.849125e+00 1.115933e+00 7.861574e-01 -5.663023e-03
8.861500e+00 1.115781e+00 7.859813e-01 -5.647900e-03
8.873875e+00 1.115622e+00 7.858058e-01 -5.633013e-03
8.886250e+00 1.115451e+00 7.856309e-01 -5.618186e-03
8.898625e+00 1.115290e+00 7.854564e-01 -5.603352e-03
8.911000e+00 1.115128e+00 7.852824e-01 -5.588487e-03
8.923375e+00 1.114966e+00 7.851090e-01 -5.573583e-03
8.935750e+00 1.114809e+00 7.849360e-01 -5.558648e-03
8.948125e+00 1.114648e+00 7.847635e-01 -5.543797e-03
8.960500e+00 1.114485e+00 7.845916e-01 -5.529020e-03
8.972875e+00 1.114324e+00 7.844202e-01 -5.514283e-03
8.985250e+00 1.114166e+00 7.842492e-01 -5.499646e-03
8.997625e+00 1.114020e+00 7.840788e-01 -5.485057e-03
9.010000e+00 1.113870e+00 7.839088e-01 -5.470529e-03
9.022375e+00 1.113701e+00 7.837393e-01 -5.456074e-03
9.034750e+00 1.113541e+00 7.835703e-01 -5.441604e-03
9.047125e+00 1.113372e+00 7.834018e-01 -5.427150e-03
9.059500e+00 1.113205e+00 7.832338e-01 -5.412768e-03
9.071875e+00 1.113045e+00 7.830663e-01 -5.398477e-03
9.084250e+00 1.112882e+00 7.828993e-01 -5.384276e-03
9.096625e+00 1.112728e+00 7.827327e-01 -5.370145e-03
9.109000e+00 1.112572e+00 7.825666e-01 -5.356139e-03
9.121375e+00 1.112433e+00 7.824010e-01 -5.342104e-03
9.133750e+00 1.112295e+00 7.822358e-01 -5.328091e-03
9.146125e+00 1.112156e+00 7.820711e-01 -5.314152e-03
9.158500e+00 1.112018e+00 7.819069e-01 -5.300223e-03
9.170875e+00 1.111879e+00 7.817432e-01 -5.286340e-03
9.183250e+00 1.111736e+00 7.815798e-01 -5.272557e-03
9.195625e+00 1.111578e+00 7.814170e-01 -5.258871e-03
9.208000e+00 1.111429e+00 7.812547e-01 -5.245197e-03
9.220375e+00 1.111275e+00 7.810927e-01 -5.231578e-03
9.232750e+00 1.111130e+00 7.809312e-01 -5.218158e-03
9.245125e+00 1.110971e+00 7.807702e-01 -5.204895e-03
9.257500e+00 1.110809e+00 7.806097e-01 -5.191594e-03
9.269875e+00 1.110655e+00 7.804496e-01 -5.178196e-03
9.282250e+00 1.110506e+00 7.802900e-01 -5.164802e-03
9.294625e+00 1.110355e+00 7.801308e-01 -5.151430e-03
9.307000e+00 1.110206e+00 7.799720e-01 -5.138073e-03
9.319375e+00 1.110078e+00 7.798137e-01 -5.124802e-03
9.331750e+00 1.109944e+00 7.796559e-01 -5.111571e-03
9.344125e+00 1.109809e+00 7.794984e-01 -5.098441e-03
9.356500e+00 1.109663e+00 7.793414e-01 -5.085471e-03
9.368875e+00 1.109515e+00 7.791848e-01 -5.072673e-03
9.381250e+00 1.109369e+00 7.790287e-01 -5.060003e-03
9.393625e+00 1.109223e+00 7.788730e-01 -5.047326e-03
9.406000e+00 1.109064e+00 7.787177e-01 -5.034730e-03
9.418375e+00 1.108914e+00 7.785628e-01 -5.022182e-03
9.430750e+00 1.108759e+00 7.784084e-01 -5.009522e-03
9.443125e+00 1.108608e+00 7.782545e-01 -4.996753e-03
9.455500e+00 1.108456e+00 7.781009e-01 -4.984035e-03
9.467875e+00 1.108309e+00 7.779477e-01 -4.971378e-03
9.480250e+00 1.108158e+00 7.777950e-01 -4.958736e-03
9.492625e+00 1.107997e+00 7.776427e-01 -4.946156e-03
9.505000e+00 1.107832e+00 7.774908e-01 -4.933599e-03
9.517375e+00 1.107669e+00 7.773394e-01 -4.921054e-03
9.529750e+00 1.107510e+00 7.771883e-01 -4.908590e-03
9.542125e+00 1.107363e+00 7.770376e-01 -4.896223e-03
9.554500e+00 1.107212e+00 7.768874e-01 -4.883859e-03
9.566875e+00 1.107062e+00 7.767376e-01 -4.871522e-03
9.579250e+00 1.106914e+00 7.765882e-01 -4.859251e-03
9.591625e+00 1.106764e+00 7.764391e-01 -4.847061e-03
9.604000e+00 1.106623e+00 7.762906e-01 -4.834861e-03
9.616375e+00 1.106483e+00 7.761424e-01 -4.822674e-03
9.628750e+00 1.106350e+00 7.759946e-01 -4.810632e-03
9.641125e+00 1.106220e+00 7.758471e-01 -4.798713e-03
9.653500e+00 1.106090e+00 7.757001e-01 -4.786832e-03
9.665875e+00 1.105959e+00 7.755535e-01 -4.774959e-03
9.678250e+00 1.105832e+00 7.754073e-01 -4.763157e-03
9.690625e+00 1.105704e+00 7.752615e-01 -4.751362e-03
9.703000e+00 1.105566e+00 7.751160e-01 -4.739514e-03
9.715375e+00 1.105417e+00 7.749710e-01 -4.727695e-03
9.727750e+00 1.105279e+00 7.748263e-01 -4.715986e-03
9.740125e+00 1.105144e+00 7.746820e-01 -4.704324e-03
9.752500e+00 1.105020e+00 7.745381e-01 -4.692720e-03
9.764875e+00 1.104899e+00 7.743946e-01 -4.681192e-03
9.777250e+00 1.104769e+00 7.742514e-01 -4.669761e-03
9.789625e+00 1.104621e+00 7.741086e-01 -4.658421e-03
9.802000e+00 1.104484e+00 7.739663e-01 -4.647071e-03
9.814375e+00 1.104356e+00 7.738242e-01 -4.635820e-03
9.826750e+00 1.104227e+00 7.736826e-01 -4.624639e-03
9.839125e+00 1.104102e+00 7.735413e-01 -4.613375e-03
9.851500e+00 1.103993e+00 7.734004e-01 -4.602100e-03
9.863875e+00 1.103880e+00 7.732599e-01 -4.590804e-03
9.876250e+00 1.103768e+00 7.731197e-01 -4.579491e-03
9.888625e+00 1.103656e+00 7.729799e-01 -4.568243e-03
9.901000e+00 1.103542e+00 7.728405e-01 -4.557024e-03
9.913375e+00 1.103374e+00 7.727014e-01 -4.545814e-03
9.925750e+00 1.103218e+00 7.725627e-01 -4.534702e-03
9.938125e+00 1.103065e+00 7.724244e-01 -4.523672e-03
9.950500e+00 1.102927e+00 7.722864e-01 -4.512831e-03
9.962875e+00 1.102846e+00 7.721491e-01 -4.501972e-03
9.975250e+00 1.102740e+00 7.720115e-01 -4.492447e-03
9.987625e+00 1.102648e+00 7.718808e-01 -4.480237e-03
1.000000e+01 1.102489e+00 7.717380e-01 -4.535191e-03
