# Michel's model for spherical accretion 
# Model parameters: gamma = 1.66666666667 , a_inf = 0.01
# a_max = 0.816496580928
# Critical values: r_c = 76.2515514718 , v_c = 0.0809768091976
#                  a_c = 0.0817852332697 , rho_c = 555.259561068
# Accretion rate: alpha = 261429.18831
# Units: length = M, velocity = c, density = rho_inf
# Columns: radius, density, velocity, sound_speed
5.000000e-01 5.810179e+05 2.427722e+05 1.799801e+00 5.836131e-01 -5.227456e-02 -1.045491e-02 2.337790e-02
5.488722e-01 5.091293e+05 1.948034e+05 1.704447e+00 5.709038e-01 -5.981745e-02 -1.288104e-02 2.775808e-02
5.977444e-01 4.513372e+05 1.593621e+05 1.621145e+00 5.590790e-01 -6.658773e-02 -1.532192e-02 3.194138e-02
6.466165e-01 4.040208e+05 1.325020e+05 1.547593e+00 5.480378e-01 -7.268144e-02 -1.775740e-02 3.592538e-02
6.954887e-01 3.646771e+05 1.117028e+05 1.482059e+00 5.376946e-01 -7.818098e-02 -2.017222e-02 3.971252e-02
7.443609e-01 3.315258e+05 9.529687e+04 1.423212e+00 5.279766e-01 -8.315705e-02 -2.255493e-02 4.330821e-02
7.932331e-01 3.032691e+05 8.214795e+04 1.370012e+00 5.188214e-01 -8.767038e-02 -2.489697e-02 4.671966e-02
8.421053e-01 2.789407e+05 7.146109e+04 1.321628e+00 5.101751e-01 -9.177328e-02 -2.719208e-02 4.995505e-02
8.909774e-01 2.578076e+05 6.266754e+04 1.277394e+00 5.019908e-01 -9.551097e-02 -2.943576e-02 5.302299e-02
9.398496e-01 2.393047e+05 5.535221e+04 1.236762e+00 4.942275e-01 -9.892262e-02 -3.162488e-02 5.593224e-02
9.887218e-01 2.229897e+05 4.920671e+04 1.199281e+00 4.868492e-01 -1.020423e-01 -3.375739e-02 5.869142e-02
1.037594e+00 2.085123e+05 4.399828e+04 1.164575e+00 4.798241e-01 -1.048998e-01 -3.583212e-02 6.130891e-02
1.086466e+00 1.955914e+05 3.954874e+04 1.132327e+00 4.731242e-01 -1.075212e-01 -3.784851e-02 6.379276e-02
1.135338e+00 1.839994e+05 3.571990e+04 1.102268e+00 4.667243e-01 -1.099293e-01 -3.980654e-02 6.615063e-02
1.184211e+00 1.735498e+05 3.240334e+04 1.074168e+00 4.606020e-01 -1.121444e-01 -4.170660e-02 6.838979e-02
1.233083e+00 1.640888e+05 2.951309e+04 1.047830e+00 4.547372e-01 -1.141844e-01 -4.354938e-02 7.051707e-02
1.281955e+00 1.554885e+05 2.698029e+04 1.023082e+00 4.491118e-01 -1.160649e-01 -4.533579e-02 7.253893e-02
1.330827e+00 1.476414e+05 2.474933e+04 9.997758e-01 4.437096e-01 -1.178003e-01 -4.706694e-02 7.446140e-02
1.379699e+00 1.404571e+05 2.277487e+04 9.777808e-01 4.385156e-01 -1.194030e-01 -4.874406e-02 7.629015e-02
1.428571e+00 1.338586e+05 2.101971e+04 9.569824e-01 4.335165e-01 -1.208843e-01 -5.036846e-02 7.803049e-02
1.477444e+00 1.277801e+05 1.945308e+04 9.372795e-01 4.287000e-01 -1.222543e-01 -5.194155e-02 7.968737e-02
1.526316e+00 1.221651e+05 1.804936e+04 9.185822e-01 4.240550e-01 -1.235220e-01 -5.346475e-02 8.126545e-02
1.575188e+00 1.169650e+05 1.678711e+04 9.008107e-01 4.195712e-01 -1.246957e-01 -5.493952e-02 8.276907e-02
1.624060e+00 1.121373e+05 1.564827e+04 8.838935e-01 4.152393e-01 -1.257826e-01 -5.636731e-02 8.420230e-02
1.672932e+00 1.076451e+05 1.461752e+04 8.677666e-01 4.110506e-01 -1.267895e-01 -5.774959e-02 8.556894e-02
1.721805e+00 1.034563e+05 1.368185e+04 8.523725e-01 4.069972e-01 -1.277225e-01 -5.908779e-02 8.687255e-02
1.770677e+00 9.954243e+04 1.283010e+04 8.376591e-01 4.030717e-01 -1.285870e-01 -6.038333e-02 8.811647e-02
1.819549e+00 9.587848e+04 1.205272e+04 8.235794e-01 3.992674e-01 -1.293881e-01 -6.163762e-02 8.930382e-02
1.868421e+00 9.244232e+04 1.134143e+04 8.100908e-01 3.955781e-01 -1.301302e-01 -6.285202e-02 9.043754e-02
1.917293e+00 8.921430e+04 1.068908e+04 7.971546e-01 3.919978e-01 -1.308177e-01 -6.402785e-02 9.152036e-02
1.966165e+00 8.617689e+04 1.008946e+04 7.847352e-01 3.885211e-01 -1.314543e-01 -6.516642e-02 9.255487e-02
2.015038e+00 8.331446e+04 9.537115e+03 7.728005e-01 3.851431e-01 -1.320434e-01 -6.626898e-02 9.354348e-02
2.063910e+00 8.061298e+04 9.027304e+03 7.613207e-01 3.818590e-01 -1.325884e-01 -6.733676e-02 9.448848e-02
2.112782e+00 7.805987e+04 8.555842e+03 7.502688e-01 3.786644e-01 -1.330922e-01 -6.837092e-02 9.539200e-02
2.161654e+00 7.564377e+04 8.119046e+03 7.396197e-01 3.755553e-01 -1.335574e-01 -6.937263e-02 9.625605e-02
2.210526e+00 7.335444e+04 7.713659e+03 7.293505e-01 3.725277e-01 -1.339866e-01 -7.034298e-02 9.708254e-02
2.259398e+00 7.118262e+04 7.336794e+03 7.194398e-01 3.695782e-01 -1.343822e-01 -7.128304e-02 9.787323e-02
2.308271e+00 6.911988e+04 6.985884e+03 7.098680e-01 3.667033e-01 -1.347461e-01 -7.219383e-02 9.862982e-02
2.357143e+00 6.715860e+04 6.658643e+03 7.006170e-01 3.638997e-01 -1.350805e-01 -7.307636e-02 9.935389e-02
2.406015e+00 6.529179e+04 6.353027e+03 6.916698e-01 3.611647e-01 -1.353872e-01 -7.393157e-02 1.000469e-01
2.454887e+00 6.351311e+04 6.067206e+03 6.830108e-01 3.584953e-01 -1.356678e-01 -7.476040e-02 1.007104e-01
2.503759e+00 6.181675e+04 5.799538e+03 6.746254e-01 3.558889e-01 -1.359239e-01 -7.556372e-02 1.013455e-01
2.552632e+00 6.019739e+04 5.548545e+03 6.665000e-01 3.533430e-01 -1.361570e-01 -7.634239e-02 1.019537e-01
2.601504e+00 5.865013e+04 5.312897e+03 6.586219e-01 3.508552e-01 -1.363685e-01 -7.709723e-02 1.025360e-01
2.650376e+00 5.717049e+04 5.091389e+03 6.509793e-01 3.484233e-01 -1.365596e-01 -7.782905e-02 1.030937e-01
2.699248e+00 5.575433e+04 4.882933e+03 6.435612e-01 3.460451e-01 -1.367315e-01 -7.853860e-02 1.036277e-01
2.748120e+00 5.439785e+04 4.686544e+03 6.363570e-01 3.437188e-01 -1.368854e-01 -7.922661e-02 1.041392e-01
2.796992e+00 5.309753e+04 4.501323e+03 6.293572e-01 3.414424e-01 -1.370222e-01 -7.989380e-02 1.046290e-01
2.845865e+00 5.185010e+04 4.326457e+03 6.225525e-01 3.392140e-01 -1.371429e-01 -8.054084e-02 1.050981e-01
2.894737e+00 5.065256e+04 4.161201e+03 6.159345e-01 3.370320e-01 -1.372484e-01 -8.116840e-02 1.055473e-01
2.943609e+00 4.950211e+04 4.004877e+03 6.094950e-01 3.348947e-01 -1.373396e-01 -8.177709e-02 1.059775e-01
2.992481e+00 4.839615e+04 3.856865e+03 6.032264e-01 3.328007e-01 -1.374172e-01 -8.236753e-02 1.063894e-01
3.041353e+00 4.733228e+04 3.716597e+03 5.971217e-01 3.307484e-01 -1.374820e-01 -8.294030e-02 1.067839e-01
3.090226e+00 4.630825e+04 3.583552e+03 5.911740e-01 3.287364e-01 -1.375347e-01 -8.349597e-02 1.071615e-01
3.139098e+00 4.532197e+04 3.457252e+03 5.853769e-01 3.267634e-01 -1.375760e-01 -8.403508e-02 1.075231e-01
3.187970e+00 4.437149e+04 3.337257e+03 5.797245e-01 3.248281e-01 -1.376064e-01 -8.455815e-02 1.078691e-01
3.236842e+00 4.345497e+04 3.223163e+03 5.742111e-01 3.229294e-01 -1.376266e-01 -8.506569e-02 1.082003e-01
3.285714e+00 4.257073e+04 3.114595e+03 5.688312e-01 3.210660e-01 -1.376371e-01 -8.555817e-02 1.085172e-01
3.334586e+00 4.171716e+04 3.011210e+03 5.635797e-01 3.192368e-01 -1.376383e-01 -8.603607e-02 1.088203e-01
3.383459e+00 4.089277e+04 2.912688e+03 5.584519e-01 3.174408e-01 -1.376308e-01 -8.649983e-02 1.091102e-01
3.432331e+00 4.009617e+04 2.818737e+03 5.534430e-01 3.156770e-01 -1.376151e-01 -8.694990e-02 1.093875e-01
3.481203e+00 3.932603e+04 2.729082e+03 5.485488e-01 3.139444e-01 -1.375916e-01 -8.738668e-02 1.096525e-01
3.530075e+00 3.858112e+04 2.643470e+03 5.437651e-01 3.122421e-01 -1.375606e-01 -8.781058e-02 1.099057e-01
3.578947e+00 3.786028e+04 2.561668e+03 5.390879e-01 3.105691e-01 -1.375225e-01 -8.822200e-02 1.101477e-01
3.627820e+00 3.716242e+04 2.483456e+03 5.345135e-01 3.089246e-01 -1.374778e-01 -8.862130e-02 1.103787e-01
3.676692e+00 3.648651e+04 2.408631e+03 5.300384e-01 3.073079e-01 -1.374267e-01 -8.900884e-02 1.105993e-01
3.725564e+00 3.583158e+04 2.337005e+03 5.256590e-01 3.057181e-01 -1.373697e-01 -8.938499e-02 1.108097e-01
3.774436e+00 3.519671e+04 2.268401e+03 5.213722e-01 3.041544e-01 -1.373069e-01 -8.975006e-02 1.110104e-01
3.823308e+00 3.458103e+04 2.202654e+03 5.171749e-01 3.026162e-01 -1.372387e-01 -9.010440e-02 1.112016e-01
3.872180e+00 3.398375e+04 2.139613e+03 5.130641e-01 3.011027e-01 -1.371653e-01 -9.044831e-02 1.113839e-01
3.921053e+00 3.340407e+04 2.079132e+03 5.090370e-01 2.996133e-01 -1.370870e-01 -9.078209e-02 1.115574e-01
3.969925e+00 3.284127e+04 2.021078e+03 5.050909e-01 2.981473e-01 -1.370042e-01 -9.110604e-02 1.117225e-01
4.018797e+00 3.229467e+04 1.965325e+03 5.012232e-01 2.967041e-01 -1.369169e-01 -9.142045e-02 1.118794e-01
4.067669e+00 3.176359e+04 1.911756e+03 4.974314e-01 2.952831e-01 -1.368254e-01 -9.172558e-02 1.120285e-01
4.116541e+00 3.124744e+04 1.860260e+03 4.937132e-01 2.938838e-01 -1.367300e-01 -9.202170e-02 1.121701e-01
4.165414e+00 3.074560e+04 1.810734e+03 4.900663e-01 2.925055e-01 -1.366307e-01 -9.230906e-02 1.123043e-01
4.214286e+00 3.025753e+04 1.763081e+03 4.864886e-01 2.911477e-01 -1.365279e-01 -9.258791e-02 1.124315e-01
4.263158e+00 2.978270e+04 1.717209e+03 4.829779e-01 2.898100e-01 -1.364217e-01 -9.285850e-02 1.125518e-01
4.312030e+00 2.932059e+04 1.673032e+03 4.795323e-01 2.884918e-01 -1.363123e-01 -9.312104e-02 1.126656e-01
4.360902e+00 2.887073e+04 1.630469e+03 4.761498e-01 2.871927e-01 -1.361998e-01 -9.337577e-02 1.127731e-01
4.409774e+00 2.843266e+04 1.589445e+03 4.728287e-01 2.859121e-01 -1.360844e-01 -9.362289e-02 1.128743e-01
4.458647e+00 2.800595e+04 1.549887e+03 4.695671e-01 2.846497e-01 -1.359663e-01 -9.386263e-02 1.129697e-01
4.507519e+00 2.759018e+04 1.511729e+03 4.663634e-01 2.834050e-01 -1.358455e-01 -9.409517e-02 1.130593e-01
4.556391e+00 2.718495e+04 1.474905e+03 4.632160e-01 2.821776e-01 -1.357222e-01 -9.432072e-02 1.131434e-01
4.605263e+00 2.678990e+04 1.439356e+03 4.601232e-01 2.809670e-01 -1.355966e-01 -9.453947e-02 1.132220e-01
4.654135e+00 2.640465e+04 1.405024e+03 4.570835e-01 2.797730e-01 -1.354688e-01 -9.475159e-02 1.132955e-01
4.703008e+00 2.602888e+04 1.371857e+03 4.540956e-01 2.785950e-01 -1.353388e-01 -9.495728e-02 1.133640e-01
4.751880e+00 2.566224e+04 1.339802e+03 4.511579e-01 2.774328e-01 -1.352068e-01 -9.515669e-02 1.134276e-01
4.800752e+00 2.530443e+04 1.308812e+03 4.482693e-01 2.762860e-01 -1.350729e-01 -9.534999e-02 1.134866e-01
4.849624e+00 2.495515e+04 1.278841e+03 4.454283e-01 2.751542e-01 -1.349373e-01 -9.553735e-02 1.135410e-01
4.898496e+00 2.461411e+04 1.249846e+03 4.426337e-01 2.740371e-01 -1.347999e-01 -9.571892e-02 1.135909e-01
4.947368e+00 2.428103e+04 1.221785e+03 4.398843e-01 2.729345e-01 -1.346609e-01 -9.589486e-02 1.136366e-01
4.996241e+00 2.395566e+04 1.194620e+03 4.371790e-01 2.718459e-01 -1.345204e-01 -9.606531e-02 1.136782e-01
5.045113e+00 2.363774e+04 1.168314e+03 4.345166e-01 2.707710e-01 -1.343784e-01 -9.623042e-02 1.137158e-01
5.093985e+00 2.332704e+04 1.142832e+03 4.318960e-01 2.697097e-01 -1.342351e-01 -9.639031e-02 1.137496e-01
5.142857e+00 2.302331e+04 1.118140e+03 4.293163e-01 2.686616e-01 -1.340905e-01 -9.654514e-02 1.137795e-01
5.191729e+00 2.272635e+04 1.094206e+03 4.267763e-01 2.676264e-01 -1.339447e-01 -9.669502e-02 1.138059e-01
5.240602e+00 2.243594e+04 1.071002e+03 4.242751e-01 2.666038e-01 -1.337977e-01 -9.684008e-02 1.138287e-01
5.289474e+00 2.215187e+04 1.048497e+03 4.218118e-01 2.655936e-01 -1.336497e-01 -9.698045e-02 1.138482e-01
5.338346e+00 2.187395e+04 1.026664e+03 4.193855e-01 2.645956e-01 -1.335006e-01 -9.711624e-02 1.138643e-01
5.387218e+00 2.160200e+04 1.005479e+03 4.169952e-01 2.636094e-01 -1.333506e-01 -9.724757e-02 1.138772e-01
5.436090e+00 2.133582e+04 9.849149e+02 4.146402e-01 2.626349e-01 -1.331998e-01 -9.737455e-02 1.138871e-01
5.484962e+00 2.107526e+04 9.649493e+02 4.123195e-01 2.616719e-01 -1.330481e-01 -9.749730e-02 1.138939e-01
5.533835e+00 2.082013e+04 9.455595e+02 4.100325e-01 2.607200e-01 -1.328956e-01 -9.761591e-02 1.138979e-01
5.582707e+00 2.057029e+04 9.267240e+02 4.077782e-01 2.597791e-01 -1.327423e-01 -9.773048e-02 1.138990e-01
5.631579e+00 2.032558e+04 9.084224e+02 4.055560e-01 2.588490e-01 -1.325884e-01 -9.784113e-02 1.138973e-01
5.680451e+00 2.008584e+04 8.906349e+02 4.033652e-01 2.579294e-01 -1.324339e-01 -9.794794e-02 1.138931e-01
5.729323e+00 1.985094e+04 8.733430e+02 4.012050e-01 2.570202e-01 -1.322788e-01 -9.805101e-02 1.138862e-01
5.778195e+00 1.962074e+04 8.565288e+02 3.990748e-01 2.561211e-01 -1.321231e-01 -9.815043e-02 1.138769e-01
5.827068e+00 1.939510e+04 8.401753e+02 3.969738e-01 2.552320e-01 -1.319669e-01 -9.824629e-02 1.138651e-01
5.875940e+00 1.917391e+04 8.242660e+02 3.949015e-01 2.543527e-01 -1.318103e-01 -9.833867e-02 1.138510e-01
5.924812e+00 1.895702e+04 8.087855e+02 3.928572e-01 2.534830e-01 -1.316532e-01 -9.842766e-02 1.138346e-01
5.973684e+00 1.874434e+04 7.937187e+02 3.908404e-01 2.526227e-01 -1.314958e-01 -9.851335e-02 1.138160e-01
6.022556e+00 1.853573e+04 7.790513e+02 3.888504e-01 2.517716e-01 -1.313380e-01 -9.859580e-02 1.137953e-01
6.071429e+00 1.833110e+04 7.647697e+02 3.868866e-01 2.509297e-01 -1.311798e-01 -9.867511e-02 1.137725e-01
6.120301e+00 1.813033e+04 7.508607e+02 3.849486e-01 2.500966e-01 -1.310214e-01 -9.875133e-02 1.137477e-01
6.169173e+00 1.793333e+04 7.373118e+02 3.830358e-01 2.492723e-01 -1.308627e-01 -9.882456e-02 1.137209e-01
6.218045e+00 1.773998e+04 7.241108e+02 3.811476e-01 2.484567e-01 -1.307038e-01 -9.889484e-02 1.136923e-01
6.266917e+00 1.755020e+04 7.112463e+02 3.792835e-01 2.476494e-01 -1.305447e-01 -9.896227e-02 1.136618e-01
6.315789e+00 1.736390e+04 6.987071e+02 3.774431e-01 2.468505e-01 -1.303854e-01 -9.902690e-02 1.136295e-01
6.364662e+00 1.718098e+04 6.864825e+02 3.756259e-01 2.460598e-01 -1.302260e-01 -9.908880e-02 1.135955e-01
6.413534e+00 1.700135e+04 6.745625e+02 3.738314e-01 2.452770e-01 -1.300664e-01 -9.914803e-02 1.135598e-01
6.462406e+00 1.682494e+04 6.629371e+02 3.720592e-01 2.445022e-01 -1.299067e-01 -9.920465e-02 1.135225e-01
6.511278e+00 1.665166e+04 6.515969e+02 3.703088e-01 2.437351e-01 -1.297470e-01 -9.925873e-02 1.134836e-01
6.560150e+00 1.648143e+04 6.405328e+02 3.685798e-01 2.429756e-01 -1.295872e-01 -9.931033e-02 1.134431e-01
6.609023e+00 1.631419e+04 6.297363e+02 3.668717e-01 2.422236e-01 -1.294273e-01 -9.935950e-02 1.134012e-01
6.657895e+00 1.614984e+04 6.191988e+02 3.651842e-01 2.414790e-01 -1.292675e-01 -9.940629e-02 1.133578e-01
6.706767e+00 1.598833e+04 6.089124e+02 3.635169e-01 2.407416e-01 -1.291076e-01 -9.945077e-02 1.133131e-01
6.755639e+00 1.582958e+04 5.988693e+02 3.618694e-01 2.400114e-01 -1.289478e-01 -9.949298e-02 1.132669e-01
6.804511e+00 1.567353e+04 5.890620e+02 3.602412e-01 2.392881e-01 -1.287880e-01 -9.953298e-02 1.132195e-01
6.853383e+00 1.552011e+04 5.794834e+02 3.586322e-01 2.385718e-01 -1.286282e-01 -9.957082e-02 1.131708e-01
6.902256e+00 1.536926e+04 5.701267e+02 3.570418e-01 2.378622e-01 -1.284686e-01 -9.960654e-02 1.131208e-01
6.951128e+00 1.522092e+04 5.609850e+02 3.554697e-01 2.371594e-01 -1.283090e-01 -9.964020e-02 1.130696e-01
7.000000e+00 1.507503e+04 5.520521e+02 3.539157e-01 2.364631e-01 -1.281495e-01 -9.967184e-02 1.130172e-01
7.048872e+00 1.493153e+04 5.433217e+02 3.523793e-01 2.357733e-01 -1.279901e-01 -9.970150e-02 1.129638e-01
7.097744e+00 1.479037e+04 5.347880e+02 3.508603e-01 2.350898e-01 -1.278309e-01 -9.972924e-02 1.129092e-01
7.146617e+00 1.465150e+04 5.264451e+02 3.493583e-01 2.344126e-01 -1.276718e-01 -9.975509e-02 1.128535e-01
7.195489e+00 1.451485e+04 5.182876e+02 3.478731e-01 2.337416e-01 -1.275129e-01 -9.977909e-02 1.127968e-01
7.244361e+00 1.438039e+04 5.103101e+02 3.464043e-01 2.330766e-01 -1.273541e-01 -9.980129e-02 1.127391e-01
7.293233e+00 1.424806e+04 5.025075e+02 3.449516e-01 2.324177e-01 -1.271955e-01 -9.982173e-02 1.126804e-01
7.342105e+00 1.411781e+04 4.948747e+02 3.435149e-01 2.317646e-01 -1.270371e-01 -9.984045e-02 1.126208e-01
7.390977e+00 1.398960e+04 4.874072e+02 3.420937e-01 2.311174e-01 -1.268789e-01 -9.985748e-02 1.125603e-01
7.439850e+00 1.386338e+04 4.801001e+02 3.406878e-01 2.304758e-01 -1.267210e-01 -9.987286e-02 1.124988e-01
7.488722e+00 1.373911e+04 4.729490e+02 3.392969e-01 2.298399e-01 -1.265632e-01 -9.988664e-02 1.124365e-01
7.537594e+00 1.361675e+04 4.659497e+02 3.379209e-01 2.292096e-01 -1.264057e-01 -9.989883e-02 1.123734e-01
7.586466e+00 1.349626e+04 4.590979e+02 3.365594e-01 2.285847e-01 -1.262484e-01 -9.990948e-02 1.123094e-01
7.635338e+00 1.337758e+04 4.523896e+02 3.352122e-01 2.279652e-01 -1.260913e-01 -9.991863e-02 1.122447e-01
7.684211e+00 1.326070e+04 4.458209e+02 3.338790e-01 2.273510e-01 -1.259345e-01 -9.992630e-02 1.121792e-01
7.733083e+00 1.314556e+04 4.393881e+02 3.325597e-01 2.267420e-01 -1.257780e-01 -9.993253e-02 1.121129e-01
7.781955e+00 1.303214e+04 4.330875e+02 3.312540e-01 2.261382e-01 -1.256217e-01 -9.993734e-02 1.120460e-01
7.830827e+00 1.292038e+04 4.269157e+02 3.299616e-01 2.255395e-01 -1.254657e-01 -9.994078e-02 1.119783e-01
7.879699e+00 1.281027e+04 4.208691e+02 3.286824e-01 2.249458e-01 -1.253100e-01 -9.994287e-02 1.119100e-01
7.928571e+00 1.270177e+04 4.149445e+02 3.274161e-01 2.243571e-01 -1.251546e-01 -9.994363e-02 1.118410e-01
7.977444e+00 1.259484e+04 4.091387e+02 3.261625e-01 2.237732e-01 -1.249995e-01 -9.994310e-02 1.117714e-01
8.026316e+00 1.248945e+04 4.034487e+02 3.249215e-01 2.231941e-01 -1.248447e-01 -9.994131e-02 1.117011e-01
8.075188e+00 1.238556e+04 3.978714e+02 3.236928e-01 2.226198e-01 -1.246902e-01 -9.993828e-02 1.116303e-01
8.124060e+00 1.228316e+04 3.924039e+02 3.224762e-01 2.220501e-01 -1.245360e-01 -9.993404e-02 1.115589e-01
8.172932e+00 1.218221e+04 3.870435e+02 3.212715e-01 2.214850e-01 -1.243822e-01 -9.992862e-02 1.114869e-01
8.221805e+00 1.208268e+04 3.817874e+02 3.200786e-01 2.209245e-01 -1.242286e-01 -9.992203e-02 1.114144e-01
8.270677e+00 1.198454e+04 3.766330e+02 3.188973e-01 2.203685e-01 -1.240754e-01 -9.991431e-02 1.113414e-01
8.319549e+00 1.188776e+04 3.715778e+02 3.177273e-01 2.198169e-01 -1.239225e-01 -9.990549e-02 1.112679e-01
8.368421e+00 1.179232e+04 3.666192e+02 3.165685e-01 2.192697e-01 -1.237700e-01 -9.989557e-02 1.111939e-01
8.417293e+00 1.169819e+04 3.617549e+02 3.154208e-01 2.187267e-01 -1.236178e-01 -9.988459e-02 1.111194e-01
8.466165e+00 1.160535e+04 3.569826e+02 3.142839e-01 2.181880e-01 -1.234659e-01 -9.987258e-02 1.110444e-01
8.515038e+00 1.151377e+04 3.523000e+02 3.131578e-01 2.176535e-01 -1.233144e-01 -9.985954e-02 1.109690e-01
8.563910e+00 1.142343e+04 3.477049e+02 3.120422e-01 2.171232e-01 -1.231632e-01 -9.984551e-02 1.108932e-01
8.612782e+00 1.133430e+04 3.431952e+02 3.109369e-01 2.165969e-01 -1.230124e-01 -9.983050e-02 1.108169e-01
8.661654e+00 1.124637e+04 3.387688e+02 3.098419e-01 2.160747e-01 -1.228620e-01 -9.981454e-02 1.107403e-01
8.710526e+00 1.115960e+04 3.344238e+02 3.087570e-01 2.155564e-01 -1.227119e-01 -9.979765e-02 1.106633e-01
8.759398e+00 1.107397e+04 3.301582e+02 3.076820e-01 2.150421e-01 -1.225622e-01 -9.977984e-02 1.105859e-01
8.808271e+00 1.098947e+04 3.259702e+02 3.066168e-01 2.145316e-01 -1.224128e-01 -9.976113e-02 1.105081e-01
8.857143e+00 1.090608e+04 3.218578e+02 3.055612e-01 2.140250e-01 -1.222638e-01 -9.974155e-02 1.104300e-01
8.906015e+00 1.082377e+04 3.178194e+02 3.045151e-01 2.135222e-01 -1.221152e-01 -9.972112e-02 1.103516e-01
8.954887e+00 1.074252e+04 3.138532e+02 3.034784e-01 2.130231e-01 -1.219670e-01 -9.969984e-02 1.102728e-01
9.003759e+00 1.066231e+04 3.099575e+02 3.024509e-01 2.125277e-01 -1.218191e-01 -9.967774e-02 1.101937e-01
9.052632e+00 1.058313e+04 3.061307e+02 3.014325e-01 2.120359e-01 -1.216716e-01 -9.965484e-02 1.101143e-01
9.101504e+00 1.050496e+04 3.023713e+02 3.004231e-01 2.115477e-01 -1.215245e-01 -9.963116e-02 1.100347e-01
9.150376e+00 1.042778e+04 2.986776e+02 2.994225e-01 2.110631e-01 -1.213778e-01 -9.960670e-02 1.099547e-01
9.199248e+00 1.035157e+04 2.950483e+02 2.984306e-01 2.105819e-01 -1.212314e-01 -9.958149e-02 1.098745e-01
9.248120e+00 1.027631e+04 2.914818e+02 2.974473e-01 2.101043e-01 -1.210854e-01 -9.955554e-02 1.097940e-01
9.296992e+00 1.020198e+04 2.879768e+02 2.964725e-01 2.096300e-01 -1.209398e-01 -9.952886e-02 1.097133e-01
9.345865e+00 1.012858e+04 2.845318e+02 2.955061e-01 2.091592e-01 -1.207946e-01 -9.950149e-02 1.096323e-01
9.394737e+00 1.005608e+04 2.811456e+02 2.945479e-01 2.086917e-01 -1.206498e-01 -9.947341e-02 1.095511e-01
9.443609e+00 9.984475e+03 2.778168e+02 2.935978e-01 2.082274e-01 -1.205054e-01 -9.944467e-02 1.094697e-01
9.492481e+00 9.913739e+03 2.745442e+02 2.926558e-01 2.077665e-01 -1.203614e-01 -9.941525e-02 1.093881e-01
9.541353e+00 9.843861e+03 2.713265e+02 2.917216e-01 2.073088e-01 -1.202177e-01 -9.938519e-02 1.093063e-01
9.590226e+00 9.774826e+03 2.681626e+02 2.907953e-01 2.068542e-01 -1.200744e-01 -9.935450e-02 1.092242e-01
9.639098e+00 9.706621e+03 2.650512e+02 2.898767e-01 2.064028e-01 -1.199316e-01 -9.932318e-02 1.091420e-01
9.687970e+00 9.639230e+03 2.619914e+02 2.889656e-01 2.059545e-01 -1.197891e-01 -9.929125e-02 1.090597e-01
9.736842e+00 9.572640e+03 2.589818e+02 2.880621e-01 2.055093e-01 -1.196470e-01 -9.925873e-02 1.089771e-01
9.785714e+00 9.506838e+03 2.560216e+02 2.871659e-01 2.050672e-01 -1.195053e-01 -9.922562e-02 1.088944e-01
9.834586e+00 9.441810e+03 2.531095e+02 2.862771e-01 2.046280e-01 -1.193640e-01 -9.919195e-02 1.088115e-01
9.883459e+00 9.377544e+03 2.502447e+02 2.853955e-01 2.041918e-01 -1.192231e-01 -9.915771e-02 1.087285e-01
9.932331e+00 9.314027e+03 2.474261e+02 2.845209e-01 2.037586e-01 -1.190826e-01 -9.912293e-02 1.086454e-01
9.981203e+00 9.251247e+03 2.446528e+02 2.836534e-01 2.033282e-01 -1.189425e-01 -9.908761e-02 1.085621e-01
1.003008e+01 9.189192e+03 2.419238e+02 2.827928e-01 2.029007e-01 -1.188027e-01 -9.905177e-02 1.084787e-01
1.007895e+01 9.127849e+03 2.392382e+02 2.819391e-01 2.024761e-01 -1.186634e-01 -9.901541e-02 1.083951e-01
1.012782e+01 9.067207e+03 2.365950e+02 2.810921e-01 2.020542e-01 -1.185244e-01 -9.897856e-02 1.083115e-01
1.017669e+01 9.007255e+03 2.339935e+02 2.802518e-01 2.016352e-01 -1.183859e-01 -9.894121e-02 1.082277e-01
1.022556e+01 8.947982e+03 2.314328e+02 2.794180e-01 2.012189e-01 -1.182477e-01 -9.890338e-02 1.081439e-01
1.027444e+01 8.889377e+03 2.289120e+02 2.785908e-01 2.008053e-01 -1.181099e-01 -9.886508e-02 1.080599e-01
1.032331e+01 8.831429e+03 2.264304e+02 2.777700e-01 2.003943e-01 -1.179726e-01 -9.882632e-02 1.079759e-01
1.037218e+01 8.774128e+03 2.239871e+02 2.769555e-01 1.999861e-01 -1.178356e-01 -9.878711e-02 1.078918e-01
1.042105e+01 8.717464e+03 2.215814e+02 2.761472e-01 1.995804e-01 -1.176990e-01 -9.874746e-02 1.078076e-01
1.046992e+01 8.661427e+03 2.192126e+02 2.753452e-01 1.991774e-01 -1.175628e-01 -9.870738e-02 1.077233e-01
1.051880e+01 8.606006e+03 2.168798e+02 2.745493e-01 1.987769e-01 -1.174270e-01 -9.866688e-02 1.076390e-01
1.056767e+01 8.551192e+03 2.145825e+02 2.737594e-01 1.983790e-01 -1.172916e-01 -9.862596e-02 1.075546e-01
1.061654e+01 8.496977e+03 2.123198e+02 2.729754e-01 1.979836e-01 -1.171565e-01 -9.858464e-02 1.074702e-01
1.066541e+01 8.443350e+03 2.100911e+02 2.721973e-01 1.975907e-01 -1.170219e-01 -9.854293e-02 1.073857e-01
1.071429e+01 8.390303e+03 2.078958e+02 2.714251e-01 1.972002e-01 -1.168876e-01 -9.850083e-02 1.073011e-01
1.076316e+01 8.337826e+03 2.057332e+02 2.706586e-01 1.968122e-01 -1.167538e-01 -9.845835e-02 1.072165e-01
1.081203e+01 8.285911e+03 2.036027e+02 2.698978e-01 1.964266e-01 -1.166203e-01 -9.841550e-02 1.071319e-01
1.086090e+01 8.234551e+03 2.015036e+02 2.691426e-01 1.960433e-01 -1.164872e-01 -9.837229e-02 1.070473e-01
1.090977e+01 8.183735e+03 1.994354e+02 2.683929e-01 1.956625e-01 -1.163545e-01 -9.832872e-02 1.069626e-01
1.095865e+01 8.133456e+03 1.973975e+02 2.676487e-01 1.952839e-01 -1.162222e-01 -9.828481e-02 1.068779e-01
1.100752e+01 8.083707e+03 1.953892e+02 2.669099e-01 1.949077e-01 -1.160903e-01 -9.824056e-02 1.067931e-01
1.105639e+01 8.034478e+03 1.934101e+02 2.661765e-01 1.945338e-01 -1.159587e-01 -9.819598e-02 1.067084e-01
1.110526e+01 7.985763e+03 1.914596e+02 2.654483e-01 1.941621e-01 -1.158276e-01 -9.815107e-02 1.066236e-01
1.115414e+01 7.937554e+03 1.895371e+02 2.647254e-01 1.937927e-01 -1.156968e-01 -9.810585e-02 1.065389e-01
1.120301e+01 7.889843e+03 1.876421e+02 2.640076e-01 1.934255e-01 -1.155664e-01 -9.806032e-02 1.064541e-01
1.125188e+01 7.842623e+03 1.857742e+02 2.632950e-01 1.930605e-01 -1.154364e-01 -9.801448e-02 1.063693e-01
1.130075e+01 7.795888e+03 1.839327e+02 2.625874e-01 1.926977e-01 -1.153067e-01 -9.796835e-02 1.062846e-01
1.134962e+01 7.749629e+03 1.821173e+02 2.618847e-01 1.923370e-01 -1.151775e-01 -9.792193e-02 1.061998e-01
1.139850e+01 7.703840e+03 1.803275e+02 2.611871e-01 1.919784e-01 -1.150486e-01 -9.787523e-02 1.061151e-01
1.144737e+01 7.658515e+03 1.785627e+02 2.604943e-01 1.916220e-01 -1.149201e-01 -9.782825e-02 1.060303e-01
1.149624e+01 7.613647e+03 1.768225e+02 2.598063e-01 1.912676e-01 -1.147920e-01 -9.778101e-02 1.059456e-01
1.154511e+01 7.569229e+03 1.751066e+02 2.591231e-01 1.909153e-01 -1.146642e-01 -9.773349e-02 1.058609e-01
1.159398e+01 7.525254e+03 1.734143e+02 2.584446e-01 1.905651e-01 -1.145368e-01 -9.768572e-02 1.057762e-01
1.164286e+01 7.481717e+03 1.717454e+02 2.577708e-01 1.902169e-01 -1.144098e-01 -9.763770e-02 1.056916e-01
1.169173e+01 7.438612e+03 1.700994e+02 2.571015e-01 1.898707e-01 -1.142832e-01 -9.758944e-02 1.056070e-01
1.174060e+01 7.395932e+03 1.684759e+02 2.564369e-01 1.895265e-01 -1.141569e-01 -9.754093e-02 1.055224e-01
1.178947e+01 7.353671e+03 1.668745e+02 2.557767e-01 1.891842e-01 -1.140310e-01 -9.749218e-02 1.054378e-01
1.183835e+01 7.311824e+03 1.652948e+02 2.551210e-01 1.888439e-01 -1.139055e-01 -9.744321e-02 1.053533e-01
1.188722e+01 7.270385e+03 1.637365e+02 2.544698e-01 1.885056e-01 -1.137804e-01 -9.739402e-02 1.052688e-01
1.193609e+01 7.229348e+03 1.621990e+02 2.538229e-01 1.881691e-01 -1.136556e-01 -9.734460e-02 1.051844e-01
1.198496e+01 7.188708e+03 1.606822e+02 2.531803e-01 1.878346e-01 -1.135311e-01 -9.729497e-02 1.051000e-01
1.203383e+01 7.148459e+03 1.591856e+02 2.525420e-01 1.875019e-01 -1.134071e-01 -9.724514e-02 1.050157e-01
1.208271e+01 7.108596e+03 1.577089e+02 2.519079e-01 1.871711e-01 -1.132834e-01 -9.719509e-02 1.049314e-01
1.213158e+01 7.069114e+03 1.562517e+02 2.512780e-01 1.868421e-01 -1.131601e-01 -9.714486e-02 1.048471e-01
1.218045e+01 7.030008e+03 1.548137e+02 2.506522e-01 1.865150e-01 -1.130371e-01 -9.709442e-02 1.047629e-01
1.222932e+01 6.991272e+03 1.533946e+02 2.500305e-01 1.861896e-01 -1.129145e-01 -9.704380e-02 1.046788e-01
1.227820e+01 6.952901e+03 1.519940e+02 2.494129e-01 1.858661e-01 -1.127922e-01 -9.699300e-02 1.045947e-01
1.232707e+01 6.914892e+03 1.506117e+02 2.487993e-01 1.855443e-01 -1.126703e-01 -9.694201e-02 1.045107e-01
1.237594e+01 6.877238e+03 1.492473e+02 2.481896e-01 1.852243e-01 -1.125488e-01 -9.689085e-02 1.044268e-01
1.242481e+01 6.839936e+03 1.479005e+02 2.475839e-01 1.849060e-01 -1.124276e-01 -9.683952e-02 1.043429e-01
1.247368e+01 6.802980e+03 1.465711e+02 2.469821e-01 1.845895e-01 -1.123068e-01 -9.678802e-02 1.042591e-01
1.252256e+01 6.766366e+03 1.452587e+02 2.463841e-01 1.842746e-01 -1.121863e-01 -9.673636e-02 1.041753e-01
1.257143e+01 6.730090e+03 1.439631e+02 2.457899e-01 1.839615e-01 -1.120662e-01 -9.668454e-02 1.040916e-01
1.262030e+01 6.694146e+03 1.426839e+02 2.451994e-01 1.836500e-01 -1.119464e-01 -9.663257e-02 1.040080e-01
1.266917e+01 6.658532e+03 1.414210e+02 2.446127e-01 1.833402e-01 -1.118270e-01 -9.658045e-02 1.039245e-01
1.271805e+01 6.623242e+03 1.401740e+02 2.440297e-01 1.830321e-01 -1.117079e-01 -9.652818e-02 1.038410e-01
1.276692e+01 6.588273e+03 1.389427e+02 2.434503e-01 1.827256e-01 -1.115892e-01 -9.647577e-02 1.037577e-01
1.281579e+01 6.553620e+03 1.377268e+02 2.428746e-01 1.824207e-01 -1.114708e-01 -9.642321e-02 1.036744e-01
1.286466e+01 6.519279e+03 1.365261e+02 2.423024e-01 1.821174e-01 -1.113527e-01 -9.637053e-02 1.035911e-01
1.291353e+01 6.485246e+03 1.353403e+02 2.417338e-01 1.818157e-01 -1.112350e-01 -9.631771e-02 1.035080e-01
1.296241e+01 6.451518e+03 1.341692e+02 2.411687e-01 1.815155e-01 -1.111177e-01 -9.626477e-02 1.034249e-01
1.301128e+01 6.418090e+03 1.330126e+02 2.406070e-01 1.812170e-01 -1.110007e-01 -9.621170e-02 1.033420e-01
1.306015e+01 6.384959e+03 1.318702e+02 2.400488e-01 1.809200e-01 -1.108840e-01 -9.615851e-02 1.032591e-01
1.310902e+01 6.352121e+03 1.307418e+02 2.394940e-01 1.806245e-01 -1.107677e-01 -9.610520e-02 1.031763e-01
1.315789e+01 6.319572e+03 1.296271e+02 2.389426e-01 1.803305e-01 -1.106517e-01 -9.605178e-02 1.030936e-01
1.320677e+01 6.287309e+03 1.285260e+02 2.383945e-01 1.800381e-01 -1.105360e-01 -9.599825e-02 1.030110e-01
1.325564e+01 6.255328e+03 1.274383e+02 2.378497e-01 1.797471e-01 -1.104207e-01 -9.594461e-02 1.029285e-01
1.330451e+01 6.223626e+03 1.263637e+02 2.373082e-01 1.794577e-01 -1.103057e-01 -9.589087e-02 1.028460e-01
1.335338e+01 6.192199e+03 1.253020e+02 2.367699e-01 1.791697e-01 -1.101910e-01 -9.583703e-02 1.027637e-01
1.340226e+01 6.161044e+03 1.242530e+02 2.362348e-01 1.788832e-01 -1.100767e-01 -9.578308e-02 1.026815e-01
1.345113e+01 6.130158e+03 1.232166e+02 2.357030e-01 1.785981e-01 -1.099627e-01 -9.572904e-02 1.025993e-01
1.350000e+01 6.099536e+03 1.221925e+02 2.351742e-01 1.783144e-01 -1.098490e-01 -9.567491e-02 1.025173e-01
1.354887e+01 6.069177e+03 1.211805e+02 2.346486e-01 1.780322e-01 -1.097356e-01 -9.562069e-02 1.024353e-01
1.359774e+01 6.039077e+03 1.201805e+02 2.341261e-01 1.777513e-01 -1.096226e-01 -9.556639e-02 1.023535e-01
1.364662e+01 6.009232e+03 1.191923e+02 2.336066e-01 1.774719e-01 -1.095099e-01 -9.551200e-02 1.022717e-01
1.369549e+01 5.979640e+03 1.182156e+02 2.330902e-01 1.771939e-01 -1.093975e-01 -9.545752e-02 1.021901e-01
1.374436e+01 5.950298e+03 1.172504e+02 2.325767e-01 1.769172e-01 -1.092855e-01 -9.540297e-02 1.021086e-01
1.379323e+01 5.921202e+03 1.162964e+02 2.320663e-01 1.766419e-01 -1.091737e-01 -9.534835e-02 1.020271e-01
1.384211e+01 5.892351e+03 1.153535e+02 2.315588e-01 1.763680e-01 -1.090623e-01 -9.529365e-02 1.019458e-01
1.389098e+01 5.863740e+03 1.144215e+02 2.310542e-01 1.760953e-01 -1.089512e-01 -9.523888e-02 1.018646e-01
1.393985e+01 5.835367e+03 1.135002e+02 2.305525e-01 1.758241e-01 -1.088404e-01 -9.518404e-02 1.017835e-01
1.398872e+01 5.807229e+03 1.125895e+02 2.300536e-01 1.755541e-01 -1.087300e-01 -9.512914e-02 1.017024e-01
1.403759e+01 5.779324e+03 1.116893e+02 2.295576e-01 1.752854e-01 -1.086198e-01 -9.507417e-02 1.016215e-01
1.408647e+01 5.751648e+03 1.107993e+02 2.290644e-01 1.750181e-01 -1.085100e-01 -9.501914e-02 1.015408e-01
1.413534e+01 5.724200e+03 1.099194e+02 2.285740e-01 1.747520e-01 -1.084005e-01 -9.496405e-02 1.014601e-01
1.418421e+01 5.696976e+03 1.090495e+02 2.280864e-01 1.744872e-01 -1.082912e-01 -9.490891e-02 1.013795e-01
1.423308e+01 5.669973e+03 1.081894e+02 2.276015e-01 1.742237e-01 -1.081823e-01 -9.485371e-02 1.012990e-01
1.428195e+01 5.643190e+03 1.073390e+02 2.271193e-01 1.739614e-01 -1.080737e-01 -9.479846e-02 1.012187e-01
1.433083e+01 5.616624e+03 1.064981e+02 2.266398e-01 1.737004e-01 -1.079654e-01 -9.474316e-02 1.011385e-01
1.437970e+01 5.590272e+03 1.056667e+02 2.261630e-01 1.734406e-01 -1.078575e-01 -9.468781e-02 1.010583e-01
1.442857e+01 5.564132e+03 1.048445e+02 2.256888e-01 1.731820e-01 -1.077498e-01 -9.463242e-02 1.009783e-01
1.447744e+01 5.538202e+03 1.040314e+02 2.252172e-01 1.729247e-01 -1.076424e-01 -9.457698e-02 1.008984e-01
1.452632e+01 5.512478e+03 1.032273e+02 2.247482e-01 1.726685e-01 -1.075353e-01 -9.452150e-02 1.008187e-01
1.457519e+01 5.486959e+03 1.024321e+02 2.242818e-01 1.724136e-01 -1.074286e-01 -9.446599e-02 1.007390e-01
1.462406e+01 5.461643e+03 1.016456e+02 2.238179e-01 1.721598e-01 -1.073221e-01 -9.441043e-02 1.006594e-01
1.467293e+01 5.436527e+03 1.008677e+02 2.233566e-01 1.719072e-01 -1.072159e-01 -9.435484e-02 1.005800e-01
1.472180e+01 5.411608e+03 1.000984e+02 2.228977e-01 1.716558e-01 -1.071100e-01 -9.429921e-02 1.005007e-01
1.477068e+01 5.386886e+03 9.933737e+01 2.224414e-01 1.714056e-01 -1.070045e-01 -9.424356e-02 1.004215e-01
1.481955e+01 5.362356e+03 9.858463e+01 2.219875e-01 1.711565e-01 -1.068992e-01 -9.418787e-02 1.003424e-01
1.486842e+01 5.338019e+03 9.784002e+01 2.215360e-01 1.709085e-01 -1.067942e-01 -9.413215e-02 1.002635e-01
1.491729e+01 5.313870e+03 9.710344e+01 2.210869e-01 1.706617e-01 -1.066895e-01 -9.407641e-02 1.001846e-01
1.496617e+01 5.289909e+03 9.637478e+01 2.206403e-01 1.704160e-01 -1.065851e-01 -9.402064e-02 1.001059e-01
1.501504e+01 5.266133e+03 9.565391e+01 2.201960e-01 1.701714e-01 -1.064809e-01 -9.396485e-02 1.000273e-01
1.506391e+01 5.242540e+03 9.494074e+01 2.197541e-01 1.699279e-01 -1.063771e-01 -9.390904e-02 9.994885e-02
1.511278e+01 5.219128e+03 9.423516e+01 2.193145e-01 1.696855e-01 -1.062736e-01 -9.385320e-02 9.987050e-02
1.516165e+01 5.195895e+03 9.353705e+01 2.188772e-01 1.694442e-01 -1.061703e-01 -9.379735e-02 9.979226e-02
1.521053e+01 5.172840e+03 9.284633e+01 2.184422e-01 1.692040e-01 -1.060674e-01 -9.374149e-02 9.971415e-02
1.525940e+01 5.149959e+03 9.216289e+01 2.180095e-01 1.689649e-01 -1.059647e-01 -9.368560e-02 9.963616e-02
1.530827e+01 5.127253e+03 9.148662e+01 2.175791e-01 1.687268e-01 -1.058623e-01 -9.362970e-02 9.955829e-02
1.535714e+01 5.104717e+03 9.081743e+01 2.171508e-01 1.684898e-01 -1.057601e-01 -9.357379e-02 9.948054e-02
1.540602e+01 5.082352e+03 9.015523e+01 2.167249e-01 1.682539e-01 -1.056583e-01 -9.351787e-02 9.940292e-02
1.545489e+01 5.060154e+03 8.949992e+01 2.163011e-01 1.680189e-01 -1.055568e-01 -9.346194e-02 9.932542e-02
1.550376e+01 5.038123e+03 8.885140e+01 2.158794e-01 1.677851e-01 -1.054555e-01 -9.340601e-02 9.924804e-02
1.555263e+01 5.016256e+03 8.820960e+01 2.154600e-01 1.675522e-01 -1.053545e-01 -9.335006e-02 9.917079e-02
1.560150e+01 4.994551e+03 8.757440e+01 2.150427e-01 1.673204e-01 -1.052537e-01 -9.329411e-02 9.909366e-02
1.565038e+01 4.973008e+03 8.694574e+01 2.146275e-01 1.670895e-01 -1.051533e-01 -9.323816e-02 9.901666e-02
1.569925e+01 4.951623e+03 8.632351e+01 2.142144e-01 1.668597e-01 -1.050531e-01 -9.318220e-02 9.893978e-02
1.574812e+01 4.930397e+03 8.570764e+01 2.138035e-01 1.666309e-01 -1.049532e-01 -9.312624e-02 9.886302e-02
1.579699e+01 4.909326e+03 8.509803e+01 2.133946e-01 1.664031e-01 -1.048536e-01 -9.307028e-02 9.878639e-02
1.584586e+01 4.888410e+03 8.449462e+01 2.129877e-01 1.661762e-01 -1.047542e-01 -9.301433e-02 9.870989e-02
1.589474e+01 4.867646e+03 8.389731e+01 2.125829e-01 1.659503e-01 -1.046551e-01 -9.295837e-02 9.863351e-02
1.594361e+01 4.847033e+03 8.330603e+01 2.121802e-01 1.657254e-01 -1.045563e-01 -9.290242e-02 9.855726e-02
1.599248e+01 4.826570e+03 8.272069e+01 2.117794e-01 1.655015e-01 -1.044577e-01 -9.284647e-02 9.848113e-02
1.604135e+01 4.806256e+03 8.214122e+01 2.113806e-01 1.652785e-01 -1.043594e-01 -9.279053e-02 9.840513e-02
1.609023e+01 4.786087e+03 8.156755e+01 2.109838e-01 1.650565e-01 -1.042614e-01 -9.273460e-02 9.832925e-02
1.613910e+01 4.766064e+03 8.099959e+01 2.105890e-01 1.648354e-01 -1.041637e-01 -9.267867e-02 9.825350e-02
1.618797e+01 4.746184e+03 8.043728e+01 2.101961e-01 1.646152e-01 -1.040662e-01 -9.262276e-02 9.817788e-02
1.623684e+01 4.726446e+03 7.988053e+01 2.098052e-01 1.643960e-01 -1.039689e-01 -9.256685e-02 9.810238e-02
1.628571e+01 4.706849e+03 7.932929e+01 2.094161e-01 1.641776e-01 -1.038720e-01 -9.251096e-02 9.802701e-02
1.633459e+01 4.687392e+03 7.878348e+01 2.090290e-01 1.639602e-01 -1.037752e-01 -9.245508e-02 9.795176e-02
1.638346e+01 4.668072e+03 7.824302e+01 2.086437e-01 1.637437e-01 -1.036788e-01 -9.239921e-02 9.787664e-02
1.643233e+01 4.648888e+03 7.770786e+01 2.082604e-01 1.635281e-01 -1.035826e-01 -9.234335e-02 9.780165e-02
1.648120e+01 4.629840e+03 7.717792e+01 2.078788e-01 1.633135e-01 -1.034866e-01 -9.228752e-02 9.772679e-02
1.653008e+01 4.610926e+03 7.665314e+01 2.074991e-01 1.630996e-01 -1.033910e-01 -9.223169e-02 9.765205e-02
1.657895e+01 4.592144e+03 7.613345e+01 2.071213e-01 1.628867e-01 -1.032955e-01 -9.217589e-02 9.757744e-02
1.662782e+01 4.573493e+03 7.561879e+01 2.067452e-01 1.626747e-01 -1.032003e-01 -9.212010e-02 9.750295e-02
1.667669e+01 4.554972e+03 7.510909e+01 2.063710e-01 1.624635e-01 -1.031054e-01 -9.206434e-02 9.742860e-02
1.672556e+01 4.536579e+03 7.460430e+01 2.059985e-01 1.622532e-01 -1.030107e-01 -9.200859e-02 9.735437e-02
1.677444e+01 4.518314e+03 7.410435e+01 2.056278e-01 1.620437e-01 -1.029163e-01 -9.195286e-02 9.728026e-02
1.682331e+01 4.500174e+03 7.360918e+01 2.052589e-01 1.618351e-01 -1.028221e-01 -9.189716e-02 9.720629e-02
1.687218e+01 4.482160e+03 7.311873e+01 2.048917e-01 1.616274e-01 -1.027282e-01 -9.184148e-02 9.713244e-02
1.692105e+01 4.464269e+03 7.263295e+01 2.045262e-01 1.614205e-01 -1.026345e-01 -9.178582e-02 9.705872e-02
1.696992e+01 4.446501e+03 7.215178e+01 2.041624e-01 1.612144e-01 -1.025411e-01 -9.173019e-02 9.698512e-02
1.701880e+01 4.428854e+03 7.167515e+01 2.038004e-01 1.610091e-01 -1.024479e-01 -9.167458e-02 9.691166e-02
1.706767e+01 4.411326e+03 7.120302e+01 2.034400e-01 1.608047e-01 -1.023550e-01 -9.161900e-02 9.683832e-02
1.711654e+01 4.393918e+03 7.073532e+01 2.030814e-01 1.606011e-01 -1.022623e-01 -9.156344e-02 9.676510e-02
1.716541e+01 4.376628e+03 7.027202e+01 2.027244e-01 1.603983e-01 -1.021698e-01 -9.150791e-02 9.669202e-02
1.721429e+01 4.359454e+03 6.981304e+01 2.023690e-01 1.601963e-01 -1.020776e-01 -9.145242e-02 9.661906e-02
1.726316e+01 4.342395e+03 6.935834e+01 2.020153e-01 1.599951e-01 -1.019856e-01 -9.139695e-02 9.654623e-02
1.731203e+01 4.325452e+03 6.890787e+01 2.016632e-01 1.597948e-01 -1.018939e-01 -9.134150e-02 9.647352e-02
1.736090e+01 4.308621e+03 6.846157e+01 2.013127e-01 1.595952e-01 -1.018024e-01 -9.128609e-02 9.640094e-02
1.740977e+01 4.291903e+03 6.801940e+01 2.009638e-01 1.593964e-01 -1.017111e-01 -9.123072e-02 9.632849e-02
1.745865e+01 4.275295e+03 6.758131e+01 2.006166e-01 1.591983e-01 -1.016201e-01 -9.117537e-02 9.625617e-02
1.750752e+01 4.258798e+03 6.714724e+01 2.002709e-01 1.590011e-01 -1.015293e-01 -9.112005e-02 9.618397e-02
1.755639e+01 4.242410e+03 6.671716e+01 1.999267e-01 1.588046e-01 -1.014387e-01 -9.106477e-02 9.611190e-02
1.760526e+01 4.226131e+03 6.629100e+01 1.995842e-01 1.586089e-01 -1.013484e-01 -9.100953e-02 9.603995e-02
1.765414e+01 4.209958e+03 6.586873e+01 1.992432e-01 1.584139e-01 -1.012583e-01 -9.095431e-02 9.596813e-02
1.770301e+01 4.193891e+03 6.545031e+01 1.989037e-01 1.582197e-01 -1.011685e-01 -9.089914e-02 9.589644e-02
1.775188e+01 4.177930e+03 6.503567e+01 1.985657e-01 1.580263e-01 -1.010789e-01 -9.084399e-02 9.582487e-02
1.780075e+01 4.162072e+03 6.462478e+01 1.982293e-01 1.578336e-01 -1.009895e-01 -9.078889e-02 9.575344e-02
1.784962e+01 4.146318e+03 6.421760e+01 1.978943e-01 1.576416e-01 -1.009003e-01 -9.073382e-02 9.568212e-02
1.789850e+01 4.130666e+03 6.381409e+01 1.975609e-01 1.574504e-01 -1.008113e-01 -9.067879e-02 9.561093e-02
1.794737e+01 4.115115e+03 6.341419e+01 1.972289e-01 1.572599e-01 -1.007226e-01 -9.062380e-02 9.553987e-02
1.799624e+01 4.099665e+03 6.301787e+01 1.968984e-01 1.570702e-01 -1.006341e-01 -9.056884e-02 9.546894e-02
1.804511e+01 4.084314e+03 6.262508e+01 1.965693e-01 1.568811e-01 -1.005459e-01 -9.051393e-02 9.539813e-02
1.809398e+01 4.069062e+03 6.223579e+01 1.962417e-01 1.566928e-01 -1.004578e-01 -9.045905e-02 9.532744e-02
1.814286e+01 4.053907e+03 6.184996e+01 1.959156e-01 1.565052e-01 -1.003700e-01 -9.040421e-02 9.525688e-02
1.819173e+01 4.038849e+03 6.146753e+01 1.955908e-01 1.563183e-01 -1.002824e-01 -9.034942e-02 9.518645e-02
1.824060e+01 4.023887e+03 6.108849e+01 1.952675e-01 1.561321e-01 -1.001951e-01 -9.029467e-02 9.511614e-02
1.828947e+01 4.009020e+03 6.071278e+01 1.949456e-01 1.559466e-01 -1.001079e-01 -9.023996e-02 9.504596e-02
1.833835e+01 3.994247e+03 6.034037e+01 1.946251e-01 1.557618e-01 -1.000210e-01 -9.018529e-02 9.497590e-02
1.838722e+01 3.979568e+03 5.997122e+01 1.943060e-01 1.555777e-01 -9.993428e-02 -9.013066e-02 9.490597e-02
1.843609e+01 3.964980e+03 5.960529e+01 1.939882e-01 1.553943e-01 -9.984779e-02 -9.007608e-02 9.483616e-02
1.848496e+01 3.950485e+03 5.924255e+01 1.936719e-01 1.552115e-01 -9.976151e-02 -9.002154e-02 9.476647e-02
1.853383e+01 3.936081e+03 5.888297e+01 1.933568e-01 1.550295e-01 -9.967545e-02 -8.996704e-02 9.469691e-02
1.858271e+01 3.921766e+03 5.852650e+01 1.930432e-01 1.548481e-01 -9.958961e-02 -8.991259e-02 9.462748e-02
1.863158e+01 3.907541e+03 5.817311e+01 1.927308e-01 1.546673e-01 -9.950398e-02 -8.985818e-02 9.455817e-02
1.868045e+01 3.893404e+03 5.782276e+01 1.924199e-01 1.544873e-01 -9.941856e-02 -8.980382e-02 9.448898e-02
1.872932e+01 3.879355e+03 5.747543e+01 1.921102e-01 1.543079e-01 -9.933336e-02 -8.974951e-02 9.441991e-02
1.877820e+01 3.865393e+03 5.713108e+01 1.918018e-01 1.541292e-01 -9.924837e-02 -8.969524e-02 9.435097e-02
1.882707e+01 3.851517e+03 5.678967e+01 1.914948e-01 1.539511e-01 -9.916359e-02 -8.964102e-02 9.428216e-02
1.887594e+01 3.837726e+03 5.645118e+01 1.911890e-01 1.537736e-01 -9.907902e-02 -8.958684e-02 9.421346e-02
1.892481e+01 3.824020e+03 5.611556e+01 1.908845e-01 1.535968e-01 -9.899466e-02 -8.953272e-02 9.414489e-02
1.897368e+01 3.810398e+03 5.578280e+01 1.905814e-01 1.534207e-01 -9.891051e-02 -8.947864e-02 9.407644e-02
1.902256e+01 3.796859e+03 5.545285e+01 1.902794e-01 1.532452e-01 -9.882656e-02 -8.942461e-02 9.400812e-02
1.907143e+01 3.783403e+03 5.512569e+01 1.899788e-01 1.530703e-01 -9.874282e-02 -8.937062e-02 9.393992e-02
1.912030e+01 3.770028e+03 5.480128e+01 1.896794e-01 1.528961e-01 -9.865929e-02 -8.931669e-02 9.387184e-02
1.916917e+01 3.756734e+03 5.447960e+01 1.893812e-01 1.527224e-01 -9.857597e-02 -8.926281e-02 9.380388e-02
1.921805e+01 3.743521e+03 5.416061e+01 1.890842e-01 1.525494e-01 -9.849285e-02 -8.920897e-02 9.373604e-02
1.926692e+01 3.730388e+03 5.384430e+01 1.887885e-01 1.523770e-01 -9.840993e-02 -8.915519e-02 9.366833e-02
1.931579e+01 3.717333e+03 5.353062e+01 1.884940e-01 1.522053e-01 -9.832721e-02 -8.910145e-02 9.360073e-02
1.936466e+01 3.704357e+03 5.321954e+01 1.882008e-01 1.520341e-01 -9.824470e-02 -8.904777e-02 9.353326e-02
1.941353e+01 3.691459e+03 5.291105e+01 1.879087e-01 1.518636e-01 -9.816239e-02 -8.899413e-02 9.346591e-02
1.946241e+01 3.678637e+03 5.260512e+01 1.876178e-01 1.516936e-01 -9.808028e-02 -8.894055e-02 9.339868e-02
1.951128e+01 3.665892e+03 5.230171e+01 1.873281e-01 1.515243e-01 -9.799837e-02 -8.888702e-02 9.333158e-02
1.956015e+01 3.653223e+03 5.200079e+01 1.870396e-01 1.513555e-01 -9.791666e-02 -8.883354e-02 9.326459e-02
1.960902e+01 3.640628e+03 5.170235e+01 1.867523e-01 1.511874e-01 -9.783514e-02 -8.878012e-02 9.319772e-02
1.965789e+01 3.628108e+03 5.140636e+01 1.864661e-01 1.510198e-01 -9.775383e-02 -8.872674e-02 9.313097e-02
1.970677e+01 3.615662e+03 5.111278e+01 1.861810e-01 1.508528e-01 -9.767271e-02 -8.867342e-02 9.306435e-02
1.975564e+01 3.603289e+03 5.082160e+01 1.858972e-01 1.506864e-01 -9.759178e-02 -8.862015e-02 9.299784e-02
1.980451e+01 3.590989e+03 5.053278e+01 1.856144e-01 1.505206e-01 -9.751105e-02 -8.856694e-02 9.293145e-02
1.985338e+01 3.578761e+03 5.024631e+01 1.853328e-01 1.503554e-01 -9.743052e-02 -8.851377e-02 9.286519e-02
1.990226e+01 3.566604e+03 4.996216e+01 1.850523e-01 1.501907e-01 -9.735018e-02 -8.846066e-02 9.279904e-02
1.995113e+01 3.554518e+03 4.968031e+01 1.847730e-01 1.500266e-01 -9.727003e-02 -8.840761e-02 9.273301e-02
2.000000e+01 3.542502e+03 4.940072e+01 1.844947e-01 1.498630e-01 -9.719007e-02 -8.835461e-02 9.266710e-02
